      #Energy        TDOS-UP        TDOS-DOWN
     -24.81500       0.00000       0.00000
     -24.78300       0.00000       0.00000
     -24.75100       0.00000       0.00000
     -24.71800       0.00000       0.00000
     -24.68600       0.00000       0.00000
     -24.65400       0.00000       0.00000
     -24.62200       0.00000       0.00000
     -24.59000       0.00000       0.00000
     -24.55800       0.00000       0.00000
     -24.52600       0.00000       0.00000
     -24.49400       0.00000       0.00000
     -24.46200       0.00000       0.00000
     -24.42900       0.00000       0.00000
     -24.39700       0.00000       0.00000
     -24.36500       0.00000       0.00000
     -24.33300       0.00000       0.00000
     -24.30100       0.00000       0.00000
     -24.26900       0.00000       0.00000
     -24.23700       0.00000       0.00000
     -24.20500       0.00000       0.00000
     -24.17300       0.00000       0.00000
     -24.14000       0.00000       0.00000
     -24.10800       0.00000       0.00000
     -24.07600       0.00000       0.00000
     -24.04400       0.00000       0.00000
     -24.01200       0.00000       0.00000
     -23.98000       0.00000       0.00000
     -23.94800       0.00000       0.00000
     -23.91600       0.00000       0.00000
     -23.88400       0.00000       0.00000
     -23.85100       0.00000       0.00000
     -23.81900       0.00000       0.00000
     -23.78700       0.00000       0.00000
     -23.75500       0.00000       0.00000
     -23.72300       0.00000       0.00000
     -23.69100       0.00000       0.00000
     -23.65900       0.00000       0.00000
     -23.62700       0.00000      -0.00000
     -23.59500       0.00000      -0.00000
     -23.56200       0.00000      -0.00000
     -23.53000       0.00000      -0.00000
     -23.49800       0.00006      -0.00000
     -23.46600       0.00200      -0.00017
     -23.43400       0.03042      -0.00454
     -23.40200       0.22875      -0.05661
     -23.37000       0.92154      -0.35589
     -23.33800       2.26425      -1.24006
     -23.30600       4.10178      -2.78089
     -23.27300       6.50381      -4.85813
     -23.24100       9.30129      -7.48526
     -23.20900      11.85553     -10.21386
     -23.17700      14.38601     -12.61220
     -23.14500      17.51712     -15.28734
     -23.11300      20.71325     -18.61528
     -23.08100      22.87269     -21.63368
     -23.04900      23.76392     -23.33827
     -23.01700      23.97230     -23.89413
     -22.98400      23.99787     -23.99150
     -22.95200      23.99942     -24.00012
     -22.92000      23.99947     -24.00048
     -22.88800      23.99947     -24.00049
     -22.85600      23.99947     -24.00049
     -22.82400      23.99947     -24.00049
     -22.79200      23.99947     -24.00049
     -22.76000      23.99947     -24.00049
     -22.72800      23.99947     -24.00049
     -22.69500      23.99947     -24.00049
     -22.66300      23.99947     -24.00049
     -22.63100      23.99947     -24.00049
     -22.59900      23.99947     -24.00049
     -22.56700      23.99947     -24.00049
     -22.53500      23.99947     -24.00049
     -22.50300      23.99947     -24.00049
     -22.47100      23.99947     -24.00049
     -22.43900      23.99947     -24.00049
     -22.40600      23.99947     -24.00049
     -22.37400      23.99947     -24.00049
     -22.34200      23.99947     -24.00049
     -22.31000      23.99947     -24.00049
     -22.27800      23.99947     -24.00049
     -22.24600      23.99947     -24.00049
     -22.21400      23.99947     -24.00049
     -22.18200      23.99947     -24.00049
     -22.15000      23.99947     -24.00049
     -22.11700      23.99947     -24.00049
     -22.08500      23.99947     -24.00049
     -22.05300      23.99947     -24.00049
     -22.02100      23.99947     -24.00049
     -21.98900      23.99947     -24.00049
     -21.95700      23.99947     -24.00049
     -21.92500      23.99947     -24.00049
     -21.89300      23.99947     -24.00049
     -21.86100      23.99947     -24.00049
     -21.82800      23.99947     -24.00049
     -21.79600      23.99947     -24.00049
     -21.76400      23.99947     -24.00049
     -21.73200      23.99947     -24.00049
     -21.70000      23.99947     -24.00049
     -21.66800      23.99947     -24.00049
     -21.63600      23.99947     -24.00049
     -21.60400      23.99947     -24.00049
     -21.57200      23.99947     -24.00049
     -21.53900      23.99947     -24.00049
     -21.50700      23.99947     -24.00049
     -21.47500      23.99947     -24.00049
     -21.44300      23.99947     -24.00049
     -21.41100      23.99947     -24.00049
     -21.37900      23.99947     -24.00049
     -21.34700      23.99947     -24.00049
     -21.31500      23.99947     -24.00049
     -21.28300      23.99947     -24.00049
     -21.25000      23.99947     -24.00049
     -21.21800      23.99947     -24.00049
     -21.18600      23.99947     -24.00049
     -21.15400      23.99947     -24.00049
     -21.12200      23.99947     -24.00049
     -21.09000      23.99947     -24.00049
     -21.05800      23.99947     -24.00049
     -21.02600      23.99947     -24.00049
     -20.99400      23.99947     -24.00049
     -20.96100      23.99947     -24.00049
     -20.92900      23.99947     -24.00049
     -20.89700      23.99948     -24.00050
     -20.86500      24.00000     -24.00064
     -20.83300      24.00986     -24.00428
     -20.80100      24.10441     -24.04934
     -20.76900      24.59068     -24.34169
     -20.73700      26.03437     -25.40230
     -20.70500      28.71304     -27.71924
     -20.67200      32.05897     -31.00850
     -20.64000      35.02695     -34.24412
     -20.60800      36.91474     -36.50905
     -20.57600      37.74207     -37.60322
     -20.54400      38.01658     -37.96123
     -20.51200      38.29768     -38.16437
     -20.48000      38.99464     -38.66887
     -20.44800      40.19028     -39.70701
     -20.41600      41.57617     -41.11490
     -20.38300      42.77535     -42.46916
     -20.35100      43.55836     -43.41434
     -20.31900      43.90089     -43.85821
     -20.28700      43.98704     -43.98161
     -20.25500      43.99818     -43.99973
     -20.22300      43.99888     -44.00103
     -20.19100      43.99890     -44.00107
     -20.15900      43.99890     -44.00107
     -20.12700      43.99890     -44.00107
     -20.09400      43.99890     -44.00107
     -20.06200      43.99890     -44.00107
     -20.03000      43.99890     -44.00107
     -19.99800      43.99890     -44.00107
     -19.96600      43.99890     -44.00107
     -19.93400      43.99890     -44.00107
     -19.90200      43.99890     -44.00107
     -19.87000      43.99890     -44.00107
     -19.83800      43.99890     -44.00107
     -19.80500      43.99890     -44.00107
     -19.77300      43.99890     -44.00107
     -19.74100      43.99890     -44.00107
     -19.70900      43.99890     -44.00107
     -19.67700      43.99899     -44.00110
     -19.64500      44.00154     -44.00205
     -19.61300      44.03474     -44.01758
     -19.58100      44.25253     -44.14328
     -19.54900      45.02576     -44.67935
     -19.51700      46.65329     -45.99476
     -19.48400      48.88016     -48.04246
     -19.45200      51.07091     -50.26194
     -19.42000      52.92192     -52.18778
     -19.38800      54.57016     -53.87808
     -19.35600      56.06122     -55.49212
     -19.32400      57.21431     -56.84591
     -19.29200      58.07616     -57.74998
     -19.26000      59.29925     -58.62050
     -19.22800      61.44569     -60.29957
     -19.19500      63.84885     -62.76277
     -19.16300      65.36993     -64.81560
     -19.13100      65.90057     -65.75083
     -19.09900      66.06047     -65.99930
     -19.06700      66.45170     -66.22321
     -19.03500      67.66500     -67.03368
     -19.00300      69.83600     -68.86816
     -18.97100      72.08856     -71.24756
     -18.93900      73.44395     -73.03355
     -18.90600      73.90492     -73.79782
     -18.87400      73.98970     -73.97743
     -18.84200      73.99918     -73.99992
     -18.81000      74.01929     -74.00854
     -18.77800      74.15079     -74.07323
     -18.74600      74.60689     -74.36542
     -18.71400      75.49635     -75.08165
     -18.68200      76.58715     -76.13054
     -18.65000      77.65788     -77.22326
     -18.61700      78.92882     -78.38760
     -18.58500      80.70180     -79.96375
     -18.55300      82.67773     -81.93052
     -18.52100      84.24939     -83.71411
     -18.48900      85.33408     -84.97140
     -18.45700      86.25678     -85.93504
     -18.42500      87.12200     -86.83735
     -18.39300      87.79055     -87.58440
     -18.36100      88.34317     -88.14200
     -18.32800      89.03435     -88.76350
     -18.29600      89.82379     -89.54138
     -18.26400      90.52075     -90.28266
     -18.23200      91.10934     -90.90384
     -18.20000      91.58538     -91.42837
     -18.16800      91.86975     -91.79008
     -18.13600      91.97431     -91.95230
     -18.10400      91.99611     -91.99441
     -18.07200      92.00244     -92.00259
     -18.03900      92.02405     -92.01792
     -18.00700      92.08890     -92.06918
     -17.97500      92.22525     -92.18410
     -17.94300      92.48702     -92.40653
     -17.91100      92.94813     -92.81506
     -17.87900      93.56545     -93.40702
     -17.84700      94.18952     -94.03735
     -17.81500      94.78229     -94.62915
     -17.78300      95.34920     -95.20634
     -17.75000      95.78350     -95.68270
     -17.71800      96.12098     -96.00525
     -17.68600      96.74601     -96.45416
     -17.65400      98.05773     -97.48667
     -17.62200      99.98373     -99.23253
     -17.59000     101.95323    -101.26513
     -17.55800     103.40945    -102.94388
     -17.52600     104.37277    -104.04720
     -17.49400     105.27331    -104.92687
     -17.46100     106.35207    -105.93755
     -17.42900     107.62333    -107.13961
     -17.39700     109.08340    -108.51170
     -17.36500     110.65971    -110.01897
     -17.33300     112.19684    -111.55819
     -17.30100     113.59735    -113.01361
     -17.26900     114.88258    -114.35037
     -17.23700     116.06248    -115.58695
     -17.20500     117.02853    -116.65592
     -17.17200     117.71586    -117.45194
     -17.14000     118.25965    -118.03796
     -17.10800     118.86654    -118.61820
     -17.07600     119.59032    -119.31243
     -17.04400     120.32742    -120.05210
     -17.01200     121.07929    -120.77780
     -16.98000     121.96506    -121.60047
     -16.94800     122.93849    -122.55769
     -16.91600     123.86826    -123.51395
     -16.88300     124.71871    -124.39667
     -16.85100     125.43285    -125.17117
     -16.81900     125.95593    -125.76442
     -16.78700     126.36165    -126.19679
     -16.75500     126.85888    -126.63141
     -16.72300     127.71029    -127.33270
     -16.69100     128.96180    -128.46187
     -16.65900     130.30499    -129.81935
     -16.62700     131.41939    -131.02655
     -16.59400     132.31062    -131.96177
     -16.56200     133.15931    -132.79022
     -16.53000     134.05278    -133.64838
     -16.49800     135.02076    -134.56241
     -16.46600     136.07961    -135.56972
     -16.43400     137.14086    -136.64800
     -16.40200     138.11301    -137.67473
     -16.37000     139.10780    -138.64576
     -16.33800     140.29060    -139.73174
     -16.30500     141.59204    -140.96511
     -16.27300     142.91114    -142.21357
     -16.24100     144.23956    -143.49462
     -16.20900     145.36440    -144.75689
     -16.17700     146.14741    -145.71941
     -16.14500     146.93862    -146.42793
     -16.11300     148.22915    -147.37262
     -16.08100     150.22996    -148.98105
     -16.04900     152.77842    -151.33122
     -16.01600     155.27390    -154.02258
     -15.98400     157.11191    -156.29793
     -15.95200     158.40773    -157.85803
     -15.92000     159.60032    -159.10633
     -15.88800     160.78039    -160.32814
     -15.85600     161.88917    -161.48894
     -15.82400     162.85859    -162.53302
     -15.79200     163.57225    -163.35762
     -15.76000     164.08746    -163.93802
     -15.72700     164.64249    -164.47940
     -15.69500     165.27042    -165.10636
     -15.66300     165.74020    -165.63811
     -15.63100     165.95103    -165.91186
     -15.59900     166.02996    -166.00753
     -15.56700     166.10131    -166.06844
     -15.53500     166.19045    -166.15052
     -15.50300     166.28983    -166.24637
     -15.47100     166.42756    -166.36426
     -15.43800     166.64340    -166.54792
     -15.40600     166.91904    -166.80832
     -15.37400     167.20064    -167.09468
     -15.34200     167.49951    -167.38196
     -15.31000     167.90811    -167.74027
     -15.27800     168.47743    -168.25516
     -15.24600     169.14004    -168.90299
     -15.21400     169.80360    -169.58535
     -15.18200     170.41387    -170.22788
     -15.14900     170.91800    -170.77328
     -15.11700     171.30205    -171.18847
     -15.08500     171.67324    -171.54297
     -15.05300     172.19135    -172.00183
     -15.02100     172.84817    -172.62863
     -14.98900     173.49889    -173.29412
     -14.95700     174.10996    -173.91675
     -14.92500     174.67109    -174.50405
     -14.89300     175.08685    -174.97688
     -14.86000     175.35263    -175.28461
     -14.82800     175.57160    -175.51131
     -14.79600     175.80540    -175.74063
     -14.76400     176.06386    -175.98811
     -14.73200     176.38924    -176.28391
     -14.70000     176.85115    -176.69766
     -14.66800     177.45981    -177.26280
     -14.63600     178.10009    -177.89410
     -14.60400     178.68450    -178.45780
     -14.57100     179.37328    -179.01621
     -14.53900     180.40001    -179.83535
     -14.50700     181.73341    -181.04801
     -14.47500     183.09586    -182.45766
     -14.44300     184.27609    -183.76087
     -14.41100     185.29849    -184.86355
     -14.37900     186.32089    -185.88692
     -14.34700     187.49791    -187.00469
     -14.31500     188.87257    -188.32443
     -14.28200     190.30036    -189.77824
     -14.25000     191.55990    -191.13829
     -14.21800     192.58247    -192.25445
     -14.18600     193.43195    -193.16238
     -14.15400     194.14577    -193.92132
     -14.12200     194.77000    -194.56770
     -14.09000     195.42458    -195.19755
     -14.05800     196.23794    -195.94975
     -14.02600     197.23241    -196.89492
     -13.99300     198.26958    -197.94526
     -13.96100     199.14749    -198.88996
     -13.92900     199.86580    -199.64022
     -13.89700     200.65315    -200.38294
     -13.86500     201.59753    -201.28493
     -13.83300     202.50995    -202.22914
     -13.80100     203.22136    -203.01168
     -13.76900     203.81139    -203.62900
     -13.73700     204.45473    -204.24665
     -13.70400     205.17947    -204.94682
     -13.67200     205.92267    -205.68376
     -13.64000     206.69075    -206.44029
     -13.60800     207.55196    -207.27725
     -13.57600     208.46920    -208.19915
     -13.54400     209.25655    -209.04542
     -13.51200     209.78718    -209.65280
     -13.48000     210.10773    -210.02440
     -13.44800     210.36012    -210.28400
     -13.41500     210.70282    -210.58445
     -13.38300     211.32544    -211.09839
     -13.35100     212.40243    -212.00326
     -13.31900     213.95964    -213.33746
     -13.28700     215.95852    -215.03162
     -13.25500     218.28109    -217.09344
     -13.22300     220.48837    -219.37474
     -13.19100     222.18783    -221.41922
     -13.15900     223.47225    -222.98446
     -13.12600     224.52532    -224.17704
     -13.09400     225.39150    -225.10151
     -13.06200     226.20165    -225.89512
     -13.03000     227.10974    -226.75135
     -12.99800     228.09249    -227.71660
     -12.96600     229.03526    -228.67879
     -12.93400     229.92986    -229.58367
     -12.90200     230.81258    -230.47619
     -12.87000     231.66158    -231.35586
     -12.83700     232.51220    -232.21032
     -12.80500     233.60235    -233.20190
     -12.77300     235.19552    -234.63355
     -12.74100     237.19280    -236.55810
     -12.70900     239.17338    -238.61141
     -12.67700     240.83880    -240.39821
     -12.64500     242.18986    -241.83275
     -12.61300     243.33781    -243.01780
     -12.58100     244.41111    -244.08210
     -12.54800     245.51026    -245.15845
     -12.51600     246.55674    -246.23833
     -12.48400     247.35790    -247.13743
     -12.45200     247.85112    -247.72682
     -12.42000     248.17351    -248.08503
     -12.38800     248.54439    -248.42205
     -12.35600     249.13057    -248.92972
     -12.32400     249.97042    -249.68207
     -12.29200     250.98464    -250.63351
     -12.26000     252.04172    -251.67646
     -12.22700     253.02270    -252.68618
     -12.19500     253.91072    -253.58463
     -12.16300     254.95126    -254.48100
     -12.13100     256.56209    -255.76398
     -12.09900     258.85078    -257.75131
     -12.06700     261.59961    -260.32947
     -12.03500     264.55925    -263.23886
     -12.00300     267.26328    -266.14599
     -11.97100     269.29300    -268.54449
     -11.93800     270.83559    -270.31588
     -11.90600     272.17332    -271.75524
     -11.87400     273.16907    -272.88537
     -11.84200     273.71704    -273.56820
     -11.81000     274.02077    -273.92335
     -11.77800     274.43224    -274.27303
     -11.74600     275.19165    -274.93146
     -11.71400     276.15032    -275.87792
     -11.68200     276.99145    -276.78842
     -11.64900     277.58935    -277.45744
     -11.61700     277.99716    -277.89302
     -11.58500     278.43162    -278.26856
     -11.55300     279.18236    -278.88107
     -11.52100     280.32293    -279.90443
     -11.48900     281.58713    -281.18163
     -11.45700     282.62494    -282.34034
     -11.42500     283.36493    -283.18052
     -11.39300     283.99880    -283.83606
     -11.36000     284.65755    -284.48983
     -11.32800     285.28515    -285.13461
     -11.29600     285.85463    -285.71437
     -11.26400     286.55432    -286.36702
     -11.23200     287.55537    -287.30031
     -11.20000     288.72532    -288.45019
     -11.16800     289.84919    -289.58643
     -11.13600     290.89118    -290.63902
     -11.10400     291.86124    -291.63172
     -11.07100     292.71105    -292.52038
     -11.03900     293.45955    -293.28830
     -11.00700     294.26408    -294.06570
     -10.97500     295.27139    -295.02404
     -10.94300     296.45563    -296.18147
     -10.91100     297.65898    -297.39541
     -10.87900     298.72377    -298.49344
     -10.84700     299.61564    -299.39045
     -10.81500     300.52646    -300.20525
     -10.78200     301.71086    -301.22525
     -10.75000     303.10237    -302.55704
     -10.71800     304.44540    -303.97681
     -10.68600     305.80850    -305.38582
     -10.65400     307.38368    -306.94528
     -10.62200     309.03626    -308.61535
     -10.59000     310.58222    -310.19311
     -10.55800     312.11374    -311.70327
     -10.52600     313.77803    -313.31972
     -10.49300     315.52084    -315.06204
     -10.46100     317.13440    -316.74801
     -10.42900     318.43841    -318.15156
     -10.39700     319.48441    -319.24525
     -10.36500     320.51484    -320.25658
     -10.33300     321.69443    -321.38767
     -10.30100     323.04741    -322.70132
     -10.26900     324.39557    -324.07774
     -10.23700     325.49007    -325.24272
     -10.20400     326.41180    -326.17328
     -10.17200     327.49056    -327.17850
     -10.14000     328.86939    -328.48557
     -10.10800     330.35788    -329.98016
     -10.07600     331.72065    -331.39945
     -10.04400     332.94567    -332.65577
     -10.01200     334.21452    -333.89027
      -9.98000     335.70430    -335.31116
      -9.94800     337.32187    -336.91381
      -9.91500     338.76380    -338.42252
      -9.88300     339.92395    -339.64867
      -9.85100     341.04156    -340.75151
      -9.81900     342.39198    -342.03657
      -9.78700     343.92365    -343.55236
      -9.75500     345.33797    -345.02559
      -9.72300     346.52012    -346.23745
      -9.69100     347.83088    -347.33499
      -9.65900     349.96077    -348.87694
      -9.62600     353.03906    -351.44756
      -9.59400     356.16856    -354.76250
      -9.56200     358.51826    -357.64924
      -9.53000     360.30714    -359.43925
      -9.49800     362.39208    -360.79849
      -9.46600     364.92288    -362.80172
      -9.43400     367.04090    -365.38775
      -9.40200     368.36964    -367.57159
      -9.37000     369.58743    -369.16155
      -9.33700     371.50524    -370.92362
      -9.30500     374.36148    -373.30960
      -9.27300     377.64479    -376.05843
      -9.24100     380.60395    -378.91210
      -9.20900     383.11596    -381.86291
      -9.17700     385.50098    -384.70759
      -9.14500     387.90590    -387.13499
      -9.11300     390.69696    -389.28833
      -9.08100     394.26525    -391.92124
      -9.04800     398.07197    -395.57543
      -9.01600     401.22266    -399.58926
      -8.98400     403.50573    -402.77479
      -8.95200     405.32255    -404.95543
      -8.92000     407.19717    -406.86344
      -8.88800     409.22656    -408.89909
      -8.85600     411.07404    -410.81000
      -8.82400     412.64602    -412.41922
      -8.79200     414.28607    -413.99971
      -8.75900     416.35191    -415.93212
      -8.72700     418.93103    -418.38859
      -8.69500     421.77507    -421.19987
      -8.66300     424.51604    -423.98756
      -8.63100     427.07606    -426.58611
      -8.59900     429.64234    -429.13650
      -8.56700     432.25839    -431.68126
      -8.53500     434.78919    -434.02871
      -8.50300     437.26171    -436.19602
      -8.47000     439.84196    -438.49835
      -8.43800     442.53363    -441.08502
      -8.40600     445.16333    -443.79275
      -8.37400     447.54353    -446.38713
      -8.34200     449.63987    -448.74742
      -8.31000     451.65562    -450.89787
      -8.27800     453.80527    -453.01380
      -8.24600     456.01608    -455.23489
      -8.21400     458.10054    -457.42163
      -8.18100     460.14262    -459.41955
      -8.14900     462.34332    -461.35967
      -8.11700     464.52636    -463.40881
      -8.08500     466.35715    -465.45747
      -8.05300     467.93025    -467.30592
      -8.02100     469.52101    -468.99510
      -7.98900     471.14308    -470.62102
      -7.95700     472.70060    -472.10887
      -7.92500     474.26471    -473.47453
      -7.89200     476.03128    -475.00685
      -7.86000     478.03932    -476.94473
      -7.82800     480.10371    -479.14575
      -7.79600     482.04897    -481.31049
      -7.76400     483.88907    -483.34807
      -7.73200     485.66543    -485.27166
      -7.70000     487.20225    -486.93049
      -7.66800     488.31600    -488.14155
      -7.63600     489.12776    -488.99296
      -7.60300     489.93069    -489.77774
      -7.57100     490.96401    -490.76017
      -7.53900     492.33176    -492.07686
      -7.50700     493.94676    -493.66907
      -7.47500     495.57220    -495.31313
      -7.44300     496.96773    -496.75570
      -7.41100     498.13752    -497.94942
      -7.37900     499.31582    -499.11455
      -7.34700     500.53265    -500.33829
      -7.31400     501.53322    -501.37707
      -7.28200     502.29713    -502.09715
      -7.25000     503.26334    -502.85399
      -7.21800     504.71555    -504.11883
      -7.18600     506.34982    -505.80287
      -7.15400     507.83060    -507.42205
      -7.12200     509.17571    -508.77343
      -7.09000     510.45644    -509.96875
      -7.05800     511.67793    -511.13805
      -7.02500     512.93330    -512.35681
      -6.99300     514.42195    -513.71895
      -6.96100     516.23122    -515.34053
      -6.92900     518.21646    -517.23779
      -6.89700     520.23156    -519.34344
      -6.86500     522.24490    -521.54623
      -6.83300     524.14793    -523.58783
      -6.80100     525.80854    -525.20090
      -6.76900     527.39881    -526.47634
      -6.73600     529.46224    -527.97045
      -6.70400     532.41867    -530.35482
      -6.67200     536.23020    -533.86885
      -6.64000     540.88143    -538.28888
      -6.60800     546.30652    -543.38965
      -6.57600     551.87611    -548.89983
      -6.54400     556.80669    -554.10336
      -6.51200     560.68566    -558.31628
      -6.48000     563.49148    -561.63796
      -6.44700     565.63262    -564.52487
      -6.41500     567.71500    -567.17319
      -6.38300     569.89081    -569.55211
      -6.35100     572.03275    -571.62581
      -6.31900     574.25962    -573.55116
      -6.28700     576.53562    -575.44922
      -6.25500     578.41297    -577.21210
      -6.22300     579.66208    -578.72210
      -6.19100     580.76122    -580.10992
      -6.15800     582.41637    -581.80520
      -6.12600     584.61273    -583.92916
      -6.09400     586.63394    -585.92965
      -6.06200     587.98066    -587.34910
      -6.03000     588.75693    -588.24338
      -5.99800     589.36334    -588.84160
      -5.96600     590.09626    -589.42024
      -5.93400     590.99022    -590.18752
      -5.90200     591.92866    -591.12884
      -5.86900     592.79115    -592.10035
      -5.83700     593.59729    -592.98901
      -5.80500     594.46058    -593.82919
      -5.77300     595.37429    -594.70565
      -5.74100     596.26921    -595.58612
      -5.70900     597.11244    -596.43705
      -5.67700     597.83364    -597.25025
      -5.64500     598.40328    -597.94529
      -5.61300     598.88141    -598.48908
      -5.58000     599.30752    -598.93895
      -5.54800     599.72528    -599.34676
      -5.51600     600.30359    -599.78764
      -5.48400     601.24748    -600.44045
      -5.45200     602.58409    -601.47344
      -5.42000     604.14595    -602.87010
      -5.38800     605.69689    -604.45058
      -5.35600     607.06882    -605.98162
      -5.32400     608.19510    -607.30409
      -5.29100     609.06385    -608.36856
      -5.25900     609.74717    -609.18610
      -5.22700     610.36963    -609.84934
      -5.19500     611.00237    -610.47967
      -5.16300     611.67669    -611.12221
      -5.13100     612.43210    -611.79043
      -5.09900     613.23615    -612.52640
      -5.06700     614.00841    -613.30701
      -5.03500     614.80716    -614.05262
      -5.00200     615.72841    -614.82264
      -4.97000     616.69848    -615.72960
      -4.93800     617.62776    -616.70930
      -4.90600     618.53007    -617.65030
      -4.87400     619.37731    -618.54490
      -4.84200     620.10461    -619.38186
      -4.81000     620.75726    -620.11752
      -4.77800     621.45840    -620.78959
      -4.74600     622.25394    -621.50678
      -4.71400     623.10744    -622.30987
      -4.68100     624.02307    -623.16706
      -4.64900     625.02332    -624.08013
      -4.61700     626.06675    -625.06480
      -4.58500     627.10585    -626.09250
      -4.55300     628.11878    -627.12374
      -4.52100     629.04453    -628.12719
      -4.48900     629.84071    -629.05198
      -4.45700     630.55213    -629.87192
      -4.42500     631.19113    -630.60694
      -4.39200     631.71244    -631.23759
      -4.36000     632.14048    -631.73274
      -4.32800     632.59260    -632.14953
      -4.29600     633.18616    -632.61594
      -4.26400     633.92438    -633.23535
      -4.23200     634.71704    -633.99381
      -4.20000     635.53281    -634.80171
      -4.16800     636.45229    -635.64526
      -4.13600     637.51516    -636.61211
      -4.10300     638.56871    -637.71318
      -4.07100     639.37243    -638.75453
      -4.03900     639.84249    -639.49420
      -4.00700     640.17494    -639.89646
      -3.97500     640.66046    -640.19678
      -3.94300     641.31150    -640.68133
      -3.91100     641.88740    -641.34200
      -3.87900     642.32218    -641.92401
      -3.84700     642.82295    -642.35349
      -3.81400     643.56952    -642.83579
      -3.78200     644.53492    -643.56213
      -3.75000     645.60116    -644.52224
      -3.71800     646.67654    -645.60758
      -3.68600     647.70376    -646.72615
      -3.65400     648.71974    -647.79961
      -3.62200     649.81343    -648.82860
      -3.59000     650.97262    -649.89258
      -3.55800     652.07450    -651.01196
      -3.52500     652.97055    -652.09264
      -3.49300     653.62031    -652.98821
      -3.46100     654.22447    -653.66959
      -3.42900     655.06866    -654.35548
      -3.39700     656.21356    -655.28203
      -3.36500     657.53058    -656.41698
      -3.33300     658.94778    -657.63686
      -3.30100     660.49776    -658.95854
      -3.26900     662.15066    -660.45553
      -3.23600     663.74864    -662.09623
      -3.20400     665.31500    -663.71813
      -3.17200     667.04207    -665.31275
      -3.14000     668.85327    -667.00899
      -3.10800     670.56942    -668.67698
      -3.07600     672.11619    -670.18570
      -3.04400     673.25596    -671.64320
      -3.01200     673.81118    -672.91221
      -2.98000     673.96936    -673.66745
      -2.94700     673.99412    -673.93723
      -2.91500     673.99617    -673.99226
      -2.88300     673.99625    -673.99848
      -2.85100     673.99625    -673.99886
      -2.81900     673.99625    -673.99887
      -2.78700     673.99625    -673.99887
      -2.75500     673.99625    -673.99887
      -2.72300     673.99625    -673.99887
      -2.69100     673.99625    -673.99887
      -2.65800     673.99625    -673.99887
      -2.62600     673.99625    -673.99887
      -2.59400     673.99625    -673.99887
      -2.56200     673.99625    -673.99887
      -2.53000     673.99625    -673.99887
      -2.49800     673.99625    -673.99887
      -2.46600     673.99625    -673.99887
      -2.43400     673.99625    -673.99887
      -2.40200     673.99625    -673.99887
      -2.36900     673.99625    -673.99887
      -2.33700     673.99625    -673.99887
      -2.30500     673.99625    -673.99887
      -2.27300     673.99625    -673.99887
      -2.24100     673.99625    -673.99887
      -2.20900     673.99625    -673.99887
      -2.17700     673.99625    -673.99887
      -2.14500     673.99625    -673.99887
      -2.11300     673.99625    -673.99887
      -2.08000     673.99625    -673.99887
      -2.04800     673.99625    -673.99887
      -2.01600     673.99625    -673.99887
      -1.98400     673.99625    -673.99887
      -1.95200     673.99625    -673.99887
      -1.92000     673.99625    -673.99887
      -1.88800     673.99625    -673.99887
      -1.85600     673.99625    -673.99887
      -1.82400     673.99625    -673.99887
      -1.79100     673.99625    -673.99887
      -1.75900     673.99625    -673.99887
      -1.72700     673.99625    -673.99887
      -1.69500     673.99625    -673.99887
      -1.66300     673.99625    -673.99887
      -1.63100     673.99625    -673.99887
      -1.59900     673.99625    -673.99887
      -1.56700     673.99625    -673.99887
      -1.53500     673.99625    -673.99887
      -1.50200     673.99625    -673.99887
      -1.47000     673.99625    -673.99887
      -1.43800     673.99625    -673.99887
      -1.40600     673.99625    -673.99887
      -1.37400     673.99626    -673.99887
      -1.34200     673.99640    -673.99887
      -1.31000     674.00019    -673.99891
      -1.27800     674.04942    -673.99997
      -1.24600     674.36762    -674.01449
      -1.21300     675.42487    -674.11149
      -1.18100     677.32228    -674.44644
      -1.14900     679.31571    -675.09395
      -1.11700     680.80629    -675.89672
      -1.08500     681.97190    -676.73111
      -1.05300     683.02914    -677.68367
      -1.02100     683.96533    -678.77608
      -0.98900     684.79427    -679.86511
      -0.95700     685.54132    -680.83918
      -0.92400     686.29126    -681.79801
      -0.89200     687.22231    -683.18759
      -0.86000     688.40350    -685.30947
      -0.82800     689.82006    -687.67377
      -0.79600     691.47279    -689.74587
      -0.76400     693.17161    -691.61824
      -0.73200     694.55429    -693.34065
      -0.70000     695.42850    -694.66795
      -0.66800     695.87874    -695.48163
      -0.63500     696.14375    -695.89713
      -0.60300     696.51500    -696.14436
      -0.57100     697.28437    -696.49758
      -0.53900     698.54921    -697.24255
      -0.50700     699.97123    -698.49213
      -0.47500     701.14391    -699.93245
      -0.44300     702.09310    -701.15266
      -0.41100     702.93680    -702.14134
      -0.37900     703.56601    -702.98842
      -0.34600     703.99597    -703.59451
      -0.31400     704.51600    -703.99461
      -0.28200     705.36886    -704.48767
      -0.25000     706.56723    -705.33764
      -0.21800     708.01125    -706.56089
      -0.18600     709.51322    -708.01727
      -0.15400     710.86813    -709.50319
      -0.12200     712.01769    -710.84846
      -0.09000     712.95709    -712.01504
      -0.05700     713.63157    -712.97884
      -0.02500     714.08064    -713.66537
       0.00700     714.53452    -714.12776
       0.03900     715.12841    -714.61006
       0.07100     715.67943    -715.21647
       0.10300     716.04491    -715.74983
       0.13500     716.37106    -716.10897
       0.16700     716.80648    -716.45495
       0.19900     717.35669    -716.91300
       0.23200     718.05895    -717.49501
       0.26400     718.95532    -718.23933
       0.29600     719.91109    -719.13939
       0.32800     720.74292    -720.05374
       0.36000     721.47311    -720.85956
       0.39200     722.24457    -721.60678
       0.42400     723.02839    -722.40103
       0.45600     723.70336    -723.22306
       0.48800     724.34782    -724.05633
       0.52100     725.05634    -724.90325
       0.55300     725.64236    -725.57452
       0.58500     725.94240    -725.90563
       0.61700     726.09285    -726.01770
       0.64900     726.29207    -726.12069
       0.68100     726.64215    -726.33124
       0.71300     727.22528    -726.71458
       0.74500     728.10239    -727.36755
       0.77700     729.36915    -728.42961
       0.81000     731.34299    -730.15540
       0.84200     734.21240    -732.81383
       0.87400     737.42876    -736.09731
       0.90600     739.99970    -739.04009
       0.93800     741.40148    -740.90122
       0.97000     741.91383    -741.72405
       1.00200     742.13455    -742.00303
       1.03400     742.49655    -742.17365
       1.06600     743.19544    -742.44548
       1.09900     744.27950    -742.93966
       1.13100     745.84120    -743.81709
       1.16300     748.03243    -745.17039
       1.19500     750.70259    -746.95414
       1.22700     753.22439    -749.10346
       1.25900     754.93477    -751.48848
       1.29100     755.74251    -753.66911
       1.32300     756.14598    -755.13673
       1.35500     756.77711    -755.96807
       1.38800     758.04195    -756.77084
       1.42000     760.10859    -758.05671
       1.45200     763.12474    -760.01000
       1.48400     766.93306    -762.55219
       1.51600     770.54712    -765.27309
       1.54800     772.89264    -767.59886
       1.58000     774.08169    -769.40428
       1.61200     775.11614    -771.27232
       1.64400     776.66435    -773.69924
       1.67700     778.63723    -776.37100
       1.70900     780.65072    -778.77978
       1.74100     782.47959    -780.85365
       1.77300     784.19542    -782.68331
       1.80500     786.05832    -784.40894
       1.83700     788.13635    -786.28837
       1.86900     790.22997    -788.38584
       1.90100     792.25294    -790.44541
       1.93300     794.38942    -792.35937
       1.96600     796.74602    -794.40706
       1.99800     799.25916    -796.76736
       2.03000     801.99739    -799.38598
       2.06200     805.02895    -802.29616
       2.09400     808.20550    -805.45874
       2.12600     811.37064    -808.65022
       2.15800     814.39675    -811.69157
       2.19000     817.05679    -814.40669
       2.22200     819.26022    -816.67964
       2.25500     821.28544    -818.73568
       2.28700     823.52676    -820.91326
       2.31900     826.10011    -823.35720
       2.35100     828.81795    -826.05947
       2.38300     831.52713    -828.93851
       2.41500     834.38818    -832.02194
       2.44700     837.58865    -835.39034
       2.47900     840.87742    -838.82136
       2.51100     843.73174    -841.87926
       2.54300     845.90514    -844.33636
       2.57600     847.61327    -846.25369
       2.60800     849.31802    -847.91285
       2.64000     851.46590    -849.77382
       2.67200     854.25439    -852.20523
       2.70400     857.51394    -855.25462
       2.73600     860.93212    -858.66477
       2.76800     864.35190    -862.08134
       2.80000     867.63987    -865.29995
       2.83200     870.52324    -868.25750
       2.86500     872.89638    -870.91883
       2.89700     875.06432    -873.31364
       2.92900     877.42076    -875.63604
       2.96100     880.00647    -878.07693
       2.99300     882.61530    -880.55491
       3.02500     885.18624    -882.94040
       3.05700     887.78351    -885.33875
       3.08900     890.35171    -887.86746
       3.12100     892.75648    -890.44851
       3.15400     894.99282    -892.91862
       3.18600     897.17892    -895.19832
       3.21800     899.42297    -897.38328
       3.25000     901.79353    -899.66876
       3.28200     904.25160    -902.12618
       3.31400     906.67868    -904.64334
       3.34600     909.06772    -907.12693
       3.37800     911.46542    -909.57649
       3.41000     913.81656    -911.96938
       3.44300     916.06880    -914.27926
       3.47500     918.28587    -916.56666
       3.50700     920.57633    -918.89612
       3.53900     922.99072    -921.23972
       3.57100     925.51301    -923.58556
       3.60300     928.10418    -926.01489
       3.63500     930.67961    -928.56415
       3.66700     933.12436    -931.17250
       3.69900     935.42187    -933.78775
       3.73200     937.63879    -936.34407
       3.76400     939.80016    -938.72155
       3.79600     941.92042    -940.88099
       3.82800     944.06782    -942.92435
       3.86000     946.29517    -944.96257
       3.89200     948.57792    -947.05024
       3.92400     950.85649    -949.19603
       3.95600     953.11949    -951.37233
       3.98800     955.42262    -953.57689
       4.02100     957.80266    -955.80231
       4.05300     960.22846    -958.02806
       4.08500     962.66357    -960.31177
       4.11700     965.08712    -962.69406
       4.14900     967.45624    -965.09385
       4.18100     969.74075    -967.41737
       4.21300     971.93856    -969.66961
       4.24500     974.04052    -971.92121
       4.27700     976.05868    -974.20845
       4.31000     978.03701    -976.47225
       4.34200     979.98308    -978.59203
       4.37400     981.83923    -980.50936
       4.40600     983.57112    -982.27994
       4.43800     985.24521    -984.01824
       4.47000     986.94980    -985.80215
       4.50200     988.67157    -987.60934
       4.53400     990.33490    -989.35696
       4.56600     991.95039    -991.00215
       4.59900     993.59670    -992.59323
       4.63100     995.27914    -994.18608
       4.66300     996.94423    -995.77957
       4.69500     998.56422    -997.35475
       4.72700    1000.12399    -998.88370
       4.75900    1001.60044   -1000.34746
       4.79100    1002.97606   -1001.77879
       4.82300    1004.25053   -1003.20740
       4.85500    1005.43637   -1004.59682
       4.88800    1006.53536   -1005.89361
       4.92000    1007.56290   -1007.09294
       4.95200    1008.58851   -1008.23496
       4.98400    1009.67064   -1009.35642
       5.01600    1010.78311   -1010.44000
       5.04800    1011.85320   -1011.44361
       5.08000    1012.82230   -1012.36824
       5.11200    1013.69474   -1013.25208
       5.14400    1014.53347   -1014.13593
       5.17700    1015.37317   -1015.02443
       5.20900    1016.20515   -1015.88259
       5.24100    1017.01209   -1016.68423
       5.27300    1017.76734   -1017.41651
       5.30500    1018.45932   -1018.08200
       5.33700    1019.10522   -1018.71763
       5.36900    1019.71822   -1019.34941
       5.40100    1020.29171   -1019.95518
       5.43300    1020.81720   -1020.51663
       5.46600    1021.30496   -1021.05689
       5.49800    1021.77940   -1021.58447
       5.53000    1022.24131   -1022.05296
       5.56200    1022.65682   -1022.42786
       5.59400    1022.98958   -1022.73663
       5.62600    1023.23281   -1023.01707
       5.65800    1023.41190   -1023.27058
       5.69000    1023.55451   -1023.47762
       5.72200    1023.67961   -1023.63554
       5.75500    1023.79778   -1023.76109
       5.78700    1023.89769   -1023.86375
       5.81900    1023.96053   -1023.93999
       5.85100    1023.98706   -1023.98448
       5.88300    1023.99403   -1024.00176
       5.91500    1023.99509   -1024.00564
       5.94700    1023.99518   -1024.00610
       5.97900    1023.99518   -1024.00613
       6.01100    1023.99518   -1024.00613
       6.04400    1023.99518   -1024.00613
       6.07600    1023.99518   -1024.00613
       6.10800    1023.99518   -1024.00613
       6.14000    1023.99518   -1024.00613
       6.17200    1023.99518   -1024.00613
       6.20400    1023.99518   -1024.00613
       6.23600    1023.99518   -1024.00613
       6.26800    1023.99518   -1024.00613
       6.30000    1023.99518   -1024.00613
       6.33300    1023.99518   -1024.00613
       6.36500    1023.99518   -1024.00613
       6.39700    1023.99518   -1024.00613
       6.42900    1023.99518   -1024.00613
       6.46100    1023.99518   -1024.00613
       6.49300    1023.99518   -1024.00613
       6.52500    1023.99518   -1024.00613
       6.55700    1023.99518   -1024.00613
       6.58900    1023.99518   -1024.00613
       6.62200    1023.99518   -1024.00613
       6.65400    1023.99518   -1024.00613
       6.68600    1023.99518   -1024.00613
       6.71800    1023.99518   -1024.00613
       6.75000    1023.99518   -1024.00613
       6.78200    1023.99518   -1024.00613
       6.81400    1023.99518   -1024.00613
       6.84600    1023.99518   -1024.00613
       6.87800    1023.99518   -1024.00613
       6.91100    1023.99518   -1024.00613
       6.94300    1023.99518   -1024.00613
       6.97500    1023.99518   -1024.00613
       7.00700    1023.99518   -1024.00613
       7.03900    1023.99518   -1024.00613
       7.07100    1023.99518   -1024.00613
       7.10300    1023.99518   -1024.00613
       7.13500    1023.99518   -1024.00613
       7.16700    1023.99518   -1024.00613
       7.20000    1023.99518   -1024.00613
       7.23200    1023.99518   -1024.00613
       7.26400    1023.99518   -1024.00613
