      #Energy        TDOS-UP        TDOS-DOWN
     -19.55010       0.00000       0.00000
     -19.52010       0.00000       0.00000
     -19.49110       0.00000       0.00000
     -19.46110       0.00000       0.00000
     -19.43110       0.00000       0.00000
     -19.40210       0.00000       0.00000
     -19.37210       0.00000       0.00000
     -19.34210       0.00000       0.00000
     -19.31310       0.00000       0.00000
     -19.28310       0.00000       0.00000
     -19.25310       0.00000       0.00000
     -19.22410       0.00000       0.00000
     -19.19410       0.00000       0.00000
     -19.16510       0.00000       0.00000
     -19.13510       0.00000       0.00000
     -19.10510       0.00000       0.00000
     -19.07610       0.00000       0.00000
     -19.04610       0.00000       0.00000
     -19.01610       0.00000       0.00000
     -18.98710       0.00000       0.00000
     -18.95710       0.00000       0.00000
     -18.92710       0.00000       0.00000
     -18.89810       0.00000       0.00000
     -18.86810       0.00000       0.00000
     -18.83810       0.00000       0.00000
     -18.80910       0.00000       0.00000
     -18.77910       0.00000       0.00000
     -18.74910       0.00000       0.00000
     -18.72010       0.00000       0.00000
     -18.69010       0.00000       0.00000
     -18.66010       0.00000       0.00000
     -18.63110       0.00000       0.00000
     -18.60110       0.00000       0.00000
     -18.57110       0.00000       0.00000
     -18.54210       0.00000       0.00000
     -18.51210       0.00000       0.00000
     -18.48210       0.00000      -0.00000
     -18.45310       0.00000      -0.00000
     -18.42310       0.00000      -0.00000
     -18.39410       0.00000      -0.00000
     -18.36410       0.00000      -0.00000
     -18.33410       0.00005      -0.00002
     -18.30510       0.00132      -0.00045
     -18.27510       0.01784      -0.00716
     -18.24510       0.14013      -0.06436
     -18.21610       0.66862      -0.34849
     -18.18610       2.04287      -1.21687
     -18.15610       4.25600      -2.93925
     -18.12710       6.56239      -5.25231
     -18.09710       8.28136      -7.43816
     -18.06710       9.43322      -8.99656
     -18.03810      10.43044     -10.06361
     -18.00810      11.59669     -11.12696
     -17.97810      12.80370     -12.35014
     -17.94910      13.68735     -13.40073
     -17.91910      14.27047     -14.10083
     -17.88910      14.90786     -14.72695
     -17.86010      15.79759     -15.56316
     -17.83010      16.86909     -16.61390
     -17.80010      17.97410     -17.74145
     -17.77110      18.94953     -18.77737
     -17.74110      19.60841     -19.51631
     -17.71210      19.91690     -19.87415
     -17.68210      20.08827     -19.98520
     -17.65210      20.47718     -20.05043
     -17.62310      21.35757     -20.29648
     -17.59310      22.53804     -20.99584
     -17.56310      23.46024     -22.13272
     -17.53410      23.87694     -23.20274
     -17.50410      23.98376     -23.78542
     -17.47410      23.99897     -23.96581
     -17.44510      24.00015     -23.99684
     -17.41510      24.00020     -23.99975
     -17.38510      24.00021     -23.99989
     -17.35610      24.00021     -23.99990
     -17.32610      24.00021     -23.99990
     -17.29610      24.00021     -23.99990
     -17.26710      24.00021     -23.99990
     -17.23710      24.00021     -23.99990
     -17.20710      24.00021     -23.99990
     -17.17810      24.00021     -23.99990
     -17.14810      24.00027     -23.99993
     -17.11810      24.00134     -24.00063
     -17.08910      24.01176     -24.00807
     -17.05910      24.07024     -24.05262
     -17.03010      24.27810     -24.21661
     -17.00010      24.80118     -24.63683
     -16.97010      25.78995     -25.46770
     -16.94110      27.17266     -26.73803
     -16.91110      28.60592     -28.17455
     -16.88110      29.88825     -29.44547
     -16.85210      31.16480     -30.60964
     -16.82210      32.46463     -31.87640
     -16.79210      33.57038     -33.11084
     -16.76310      34.54092     -34.16203
     -16.73310      35.74511     -35.29536
     -16.70310      37.23665     -36.73011
     -16.67410      38.60453     -38.17538
     -16.64410      39.55238     -39.23903
     -16.61410      40.24833     -39.93542
     -16.58510      41.02464     -40.59297
     -16.55510      41.93987     -41.43881
     -16.52510      42.78630     -42.35835
     -16.49610      43.41983     -43.11849
     -16.46610      43.88672     -43.66648
     -16.43610      44.34752     -44.13202
     -16.40710      44.90262     -44.66414
     -16.37710      45.44097     -45.23718
     -16.34810      45.79569     -45.67841
     -16.31810      45.96530     -45.91221
     -16.28810      46.07362     -46.02873
     -16.25910      46.24651     -46.16555
     -16.22910      46.55594     -46.42157
     -16.19910      46.99880     -46.81862
     -16.17010      47.53996     -47.32124
     -16.14010      48.16712     -47.91473
     -16.11010      48.82615     -48.57910
     -16.08110      49.39593     -49.20404
     -16.05110      49.83390     -49.69123
     -16.02110      50.23703     -50.08368
     -15.99210      50.73949     -50.51172
     -15.96210      51.39319     -51.08936
     -15.93210      52.08128     -51.78768
     -15.90310      52.61977     -52.40757
     -15.87310      53.01045     -52.82493
     -15.84310      53.48549     -53.17898
     -15.81410      54.25779     -53.74520
     -15.78410      55.27014     -54.65465
     -15.75410      56.27640     -55.74246
     -15.72510      57.20320     -56.78861
     -15.69510      58.31740     -57.89392
     -15.66510      59.88054     -59.36988
     -15.63610      61.65392     -61.16847
     -15.60610      63.03737     -62.73102
     -15.57710      63.73673     -63.61601
     -15.54710      63.95569     -63.92727
     -15.51710      63.99609     -63.99220
     -15.48810      64.00031     -63.99989
     -15.45810      64.00119     -64.00061
     -15.42810      64.00878     -64.00397
     -15.39910      64.05693     -64.03031
     -15.36910      64.22721     -64.14435
     -15.33910      64.58287     -64.42866
     -15.31010      65.07288     -64.87153
     -15.28010      65.63658     -65.38852
     -15.25010      66.31726     -65.99611
     -15.22110      67.06273     -66.72823
     -15.19110      67.63814     -67.40950
     -15.16110      67.92992     -67.82346
     -15.13210      68.08612     -68.00188
     -15.10210      68.31941     -68.14642
     -15.07210      68.73469     -68.42093
     -15.04310      69.32597     -68.87165
     -15.01310      70.10495     -69.47864
     -14.98310      71.14264     -70.27393
     -14.95410      72.41786     -71.29769
     -14.92410      73.73074     -72.46645
     -14.89510      74.85621     -73.67169
     -14.86510      75.75528     -74.86417
     -14.83510      76.49926     -75.93686
     -14.80610      77.08639     -76.75305
     -14.77610      77.50924     -77.29881
     -14.74610      77.83942     -77.67392
     -14.71710      78.21719     -78.01492
     -14.68710      78.83931     -78.51591
     -14.65710      79.84053     -79.37836
     -14.62810      81.14422     -80.61873
     -14.59810      82.49816     -82.01256
     -14.56810      83.69480     -83.27309
     -14.53910      84.80618     -84.32443
     -14.50910      86.10423     -85.41461
     -14.47910      87.63861     -86.79376
     -14.45010      89.16083     -88.36862
     -14.42010      90.55407     -89.89989
     -14.39010      91.94700     -91.34398
     -14.36110      93.36159     -92.75930
     -14.33110      94.60344     -94.05690
     -14.30110      95.53321     -95.08348
     -14.27210      96.27512     -95.85193
     -14.24210      97.10969     -96.55796
     -14.21310      98.22256     -97.44265
     -14.18310      99.57295     -98.64744
     -14.15310     100.93089    -100.07463
     -14.12410     102.13049    -101.45230
     -14.09410     103.24633    -102.67132
     -14.06410     104.32806    -103.81681
     -14.03510     105.19792    -104.82559
     -14.00510     105.71358    -105.51116
     -13.97510     105.96788    -105.86550
     -13.94610     106.16819    -106.06721
     -13.91610     106.51243    -106.33151
     -13.88610     107.14092    -106.83931
     -13.85710     108.06282    -107.65921
     -13.82710     109.16131    -108.70343
     -13.79710     110.28337    -109.82964
     -13.76810     111.29423    -110.91241
     -13.73810     112.28077    -111.94773
     -13.70810     113.60225    -113.19404
     -13.67910     115.35057    -114.83161
     -13.64910     117.09742    -116.57816
     -13.61910     118.43727    -118.02476
     -13.59010     119.34539    -119.05194
     -13.56010     119.98159    -119.75737
     -13.53010     120.50288    -120.27986
     -13.50110     121.06569    -120.77046
     -13.47110     121.78729    -121.38931
     -13.44210     122.63996    -122.18534
     -13.41210     123.51338    -123.05357
     -13.38210     124.33328    -123.89452
     -13.35310     125.05399    -124.66624
     -13.32310     125.66216    -125.33565
     -13.29310     126.16478    -125.89920
     -13.26410     126.54359    -126.35274
     -13.23410     126.80627    -126.67528
     -13.20410     127.04204    -126.90555
     -13.17510     127.36132    -127.15858
     -13.14510     127.78773    -127.53102
     -13.11510     128.25343    -128.00101
     -13.08610     128.72802    -128.48257
     -13.05610     129.25302    -128.96413
     -13.02610     129.82191    -129.49358
     -12.99710     130.34661    -130.06114
     -12.96710     130.73744    -130.55797
     -12.93710     130.97350    -130.88277
     -12.90810     131.10916    -131.05607
     -12.87810     131.21012    -131.16308
     -12.84810     131.31194    -131.25780
     -12.81910     131.44218    -131.35967
     -12.78910     131.65206    -131.47986
     -12.76010     131.99216    -131.63949
     -12.73010     132.42984    -131.88825
     -12.70010     132.88056    -132.26721
     -12.67110     133.36731    -132.74136
     -12.64110     133.98394    -133.27407
     -12.61110     134.68359    -133.90286
     -12.58210     135.31149    -134.60414
     -12.55210     135.84598    -135.25902
     -12.52210     136.44393    -135.87002
     -12.49310     137.21312    -136.59488
     -12.46310     138.06163    -137.47853
     -12.43310     138.85306    -138.37553
     -12.40410     139.53893    -139.15717
     -12.37410     140.12813    -139.80064
     -12.34410     140.70873    -140.37694
     -12.31510     141.38378    -141.00172
     -12.28510     142.12969    -141.66372
     -12.25510     142.88569    -142.23157
     -12.22610     143.67564    -142.68229
     -12.19610     144.50221    -143.15540
     -12.16610     145.25568    -143.78493
     -12.13710     145.79640    -144.54315
     -12.10710     146.08971    -145.26134
     -12.07810     146.23206    -145.79405
     -12.04810     146.35524    -146.12875
     -12.01810     146.53592    -146.36483
     -11.98910     146.78020    -146.61070
     -11.95910     147.09154    -146.91901
     -11.92910     147.51231    -147.32659
     -11.90010     148.02887    -147.83647
     -11.87010     148.56736    -148.36888
     -11.84010     149.18947    -148.91953
     -11.81110     150.07728    -149.66278
     -11.78110     151.26101    -150.72702
     -11.75110     152.53949    -151.99956
     -11.72210     153.67890    -153.22467
     -11.69210     154.60836    -154.23568
     -11.66210     155.40261    -155.05809
     -11.63310     156.15801    -155.80609
     -11.60310     156.93773    -156.56416
     -11.57310     157.73806    -157.35411
     -11.54410     158.50651    -158.12523
     -11.51410     159.27822    -158.82992
     -11.48410     160.17759    -159.56294
     -11.45510     161.17185    -160.47061
     -11.42510     162.03474    -161.46887
     -11.39510     162.63817    -162.29692
     -11.36610     163.08341    -162.86507
     -11.33610     163.60485    -163.34885
     -11.30710     164.40963    -164.00744
     -11.27710     165.48676    -164.96107
     -11.24710     166.63062    -166.09588
     -11.21810     167.70716    -167.22743
     -11.18810     168.73226    -168.29493
     -11.15810     169.71347    -169.29897
     -11.12910     170.61698    -170.21198
     -11.09910     171.41805    -171.02921
     -11.06910     172.10955    -171.76222
     -11.04010     172.73730    -172.42022
     -11.01010     173.35986    -173.03610
     -10.98010     173.96211    -173.63316
     -10.95110     174.49111    -174.19879
     -10.92110     174.94302    -174.70970
     -10.89110     175.40812    -175.18963
     -10.86210     176.04877    -175.76163
     -10.83210     176.96371    -176.57026
     -10.80210     178.03417    -177.59832
     -10.77310     179.00886    -178.63365
     -10.74310     179.78398    -179.49669
     -10.71310     180.45739    -180.20910
     -10.68410     181.11598    -180.86828
     -10.65410     181.75307    -181.49573
     -10.62510     182.37652    -182.09398
     -10.59510     183.01924    -182.71342
     -10.56510     183.65811    -183.36563
     -10.53610     184.25294    -183.99827
     -10.50610     184.81575    -184.59296
     -10.47610     185.36848    -185.17104
     -10.44710     185.91913    -185.73074
     -10.41710     186.55340    -186.30541
     -10.38710     187.44802    -187.06570
     -10.35810     188.62939    -188.15158
     -10.32810     189.82588    -189.38410
     -10.29810     190.75475    -190.41987
     -10.26910     191.39703    -191.13332
     -10.23910     191.90631    -191.63860
     -10.20910     192.42702    -192.10385
     -10.18010     193.02378    -192.64635
     -10.15010     193.72803    -193.31190
     -10.12010     194.57743    -194.11534
     -10.09110     195.52172    -195.03799
     -10.06110     196.40122    -195.97101
     -10.03110     197.14047    -196.78809
     -10.00210     197.86636    -197.51355
      -9.97210     198.75239    -198.31728
      -9.94310     199.79290    -199.30457
      -9.91310     200.81904    -200.37770
      -9.88310     201.71588    -201.36440
      -9.85410     202.50969    -202.20446
      -9.82410     203.31787    -202.97469
      -9.79410     204.28099    -203.83566
      -9.76510     205.44620    -204.92006
      -9.73510     206.74054    -206.21648
      -9.70510     208.07209    -207.60615
      -9.67610     209.36406    -208.96706
      -9.64610     210.53194    -210.20017
      -9.61610     211.53746    -211.25462
      -9.58710     212.40095    -212.14895
      -9.55710     213.15279    -212.91384
      -9.52710     213.89975    -213.62536
      -9.49810     214.79467    -214.44214
      -9.46810     215.84037    -215.43091
      -9.43810     216.92714    -216.50153
      -9.40910     218.02370    -217.59082
      -9.37910     219.10929    -218.68367
      -9.34910     220.08679    -219.69483
      -9.32010     220.96555    -220.59005
      -9.29010     221.88997    -221.49460
      -9.26010     222.91388    -222.50976
      -9.23110     223.95410    -223.58408
      -9.20110     224.90907    -224.60102
      -9.17210     225.71043    -225.45843
      -9.14210     226.37139    -226.13051
      -9.11210     227.00255    -226.71764
      -9.08310     227.72934    -227.35977
      -9.05310     228.64457    -228.15935
      -9.02310     229.79213    -229.18237
      -8.99410     231.12621    -230.42719
      -8.96410     232.43004    -231.76512
      -8.93410     233.37507    -232.91461
      -8.90510     233.83383    -233.62465
      -8.87510     233.97314    -233.91512
      -8.84510     233.99835    -233.98920
      -8.81610     234.00097    -234.00042
      -8.78610     234.00112    -234.00138
      -8.75610     234.00112    -234.00143
      -8.72710     234.00115    -234.00144
      -8.69710     234.00170    -234.00162
      -8.66710     234.00862    -234.00446
      -8.63810     234.05592    -234.02896
      -8.60810     234.23980    -234.14690
      -8.57810     234.66312    -234.47698
      -8.54910     235.28138    -235.04454
      -8.51910     235.98059    -235.73115
      -8.49010     236.94623    -236.58766
      -8.46010     238.63407    -238.02538
      -8.43010     241.06292    -240.27039
      -8.40110     243.55301    -242.82527
      -8.37110     245.50312    -244.98324
      -8.34110     246.90451    -246.55158
      -8.31210     248.02390    -247.74065
      -8.28210     249.12550    -248.81779
      -8.25210     250.42577    -250.01516
      -8.22310     251.98610    -251.43790
      -8.19310     253.73354    -253.04938
      -8.16310     255.60448    -254.82958
      -8.13410     257.52316    -256.75538
      -8.10410     259.38757    -258.70045
      -8.07410     261.09779    -260.51772
      -8.04510     262.52142    -262.06678
      -8.01510     263.58151    -263.24458
      -7.98510     264.32208    -264.07827
      -7.95610     264.81298    -264.64686
      -7.92610     265.12514    -265.01110
      -7.89610     265.35521    -265.25789
      -7.86710     265.58459    -265.47889
      -7.83710     265.87618    -265.73820
      -7.80810     266.34855    -266.12994
      -7.77810     267.17853    -266.82500
      -7.74810     268.42528    -267.94751
      -7.71910     269.92704    -269.41220
      -7.68910     271.44067    -270.97891
      -7.65910     272.79031    -272.41855
      -7.63010     273.93847    -273.62986
      -7.60010     274.99351    -274.69514
      -7.57010     276.06990    -275.76426
      -7.54110     277.17432    -276.87639
      -7.51110     278.26777    -277.98170
      -7.48110     279.35394    -279.05854
      -7.45210     280.51767    -280.17066
      -7.42210     281.90986    -281.45818
      -7.39210     283.68339    -283.08805
      -7.36310     285.84093    -285.14802
      -7.33310     288.08267    -287.43692
      -7.30310     290.03101    -289.52921
      -7.27410     291.60201    -291.21097
      -7.24410     292.96247    -292.61295
      -7.21410     294.26779    -293.93175
      -7.18510     295.51469    -295.20727
      -7.15510     296.57492    -296.32384
      -7.12610     297.36531    -297.16420
      -7.09610     297.95273    -297.73205
      -7.06610     298.50531    -298.17402
      -7.03710     299.14833    -298.69828
      -7.00710     299.90714    -299.42270
      -6.97710     300.84224    -300.38033
      -6.94810     302.11968    -301.65807
      -6.91810     303.81552    -303.32841
      -6.88810     305.72516    -305.23879
      -6.85910     307.46637    -307.03915
      -6.82910     308.80178    -308.46589
      -6.79910     309.87254    -309.58825
      -6.77010     311.03063    -310.73062
      -6.74010     312.42905    -312.10147
      -6.71010     313.93482    -313.60901
      -6.68110     315.39180    -315.08157
      -6.65110     316.70720    -316.42039
      -6.62110     317.81310    -317.54052
      -6.59210     318.80587    -318.48140
      -6.56210     319.89709    -319.47759
      -6.53210     321.10188    -320.65376
      -6.50310     322.23313    -321.85247
      -6.47310     323.12998    -322.85844
      -6.44310     323.75195    -323.57619
      -6.41410     324.20830    -324.06827
      -6.38410     324.71611    -324.53634
      -6.35510     325.47581    -325.21420
      -6.32510     326.60810    -326.26717
      -6.29510     328.21246    -327.80007
      -6.26610     330.25405    -329.80178
      -6.23610     332.35791    -331.93173
      -6.20610     334.24738    -333.78340
      -6.17710     336.26125    -335.46145
      -6.14710     338.91146    -337.41838
      -6.11710     342.19106    -339.86666
      -6.08810     345.57443    -342.69508
      -6.05810     348.59605    -345.80121
      -6.02810     351.24492    -349.09414
      -5.99910     353.71752    -352.23200
      -5.96910     356.13852    -354.92016
      -5.93910     358.54810    -357.29476
      -5.91010     360.86842    -359.59047
      -5.88010     363.01054    -361.84690
      -5.85010     365.02974    -364.06477
      -5.82110     367.06184    -366.25566
      -5.79110     369.15696    -368.38755
      -5.76110     371.19647    -370.39103
      -5.73210     373.02649    -372.21794
      -5.70210     374.64108    -373.89228
      -5.67310     376.17309    -375.47692
      -5.64310     377.82148    -377.11761
      -5.61310     379.81133    -379.06149
      -5.58410     382.21409    -381.42467
      -5.55410     384.81731    -383.99156
      -5.52410     387.49272    -386.47690
      -5.49510     390.47253    -388.88129
      -5.46510     393.89149    -391.36397
      -5.43510     397.46613    -394.12330
      -5.40610     400.75165    -397.35397
      -5.37610     403.45598    -400.84854
      -5.34610     405.72960    -404.09552
      -5.31710     408.13058    -407.02669
      -5.28710     411.05716    -410.05572
      -5.25710     414.38864    -413.40203
      -5.22810     417.67120    -416.80765
      -5.19810     420.44566    -419.77870
      -5.16810     422.52298    -422.00770
      -5.13910     424.03097    -423.60672
      -5.10910     425.21649    -424.87141
      -5.07910     426.28710    -426.00074
      -5.05010     427.34481    -427.07416
      -5.02010     428.43589    -428.12758
      -4.99110     429.69509    -429.25824
      -4.96110     431.40175    -430.66659
      -4.93110     433.79621    -432.60825
      -4.90210     436.70203    -435.17440
      -4.87210     439.58428    -437.97229
      -4.84210     442.08237    -440.44236
      -4.81310     444.04271    -442.48306
      -4.78310     445.34625    -444.17905
      -4.75310     446.19461    -445.44537
      -4.72410     447.19094    -446.44808
      -4.69410     448.86603    -447.74879
      -4.66410     451.15626    -449.73938
      -4.63510     453.52536    -452.20708
      -4.60510     455.67622    -454.63890
      -4.57510     457.74420    -456.82668
      -4.54610     459.77453    -458.87895
      -4.51610     461.54079    -460.80059
      -4.48610     462.87487    -462.37871
      -4.45710     463.85044    -463.43361
      -4.42710     464.73350    -464.08093
      -4.39710     465.78795    -464.71475
      -4.36810     467.06287    -465.71805
      -4.33810     468.43772    -467.15147
      -4.30810     469.72821    -468.71076
      -4.27910     470.84374    -470.07182
      -4.24910     471.97203    -471.24695
      -4.22010     473.32746    -472.48273
      -4.19010     474.82240    -473.92133
      -4.16010     476.25463    -475.49500
      -4.13110     477.55297    -477.03102
      -4.10110     478.66910    -478.34345
      -4.07110     479.51124    -479.28922
      -4.04210     480.08754    -479.86004
      -4.01210     480.54315    -480.22892
      -3.98210     481.00440    -480.60165
      -3.95310     481.52140    -481.04733
      -3.92310     482.13788    -481.56774
      -3.89310     482.83398    -482.19949
      -3.86410     483.52429    -482.95222
      -3.83410     484.30564    -483.85989
      -3.80410     485.46773    -485.07654
      -3.77510     487.05223    -486.60411
      -3.74510     488.78498    -488.17318
      -3.71510     490.54309    -489.67598
      -3.68610     492.48194    -491.31622
      -3.65610     494.82065    -493.33098
      -3.62610     497.61913    -495.82270
      -3.59710     500.69115    -498.63377
      -3.56710     503.96778    -501.59875
      -3.53810     507.73812    -505.06367
      -3.50810     512.30909    -509.57385
      -3.47810     517.54873    -515.08778
      -3.44910     522.54966    -520.65953
      -3.41910     526.14150    -524.97845
      -3.38910     528.13431    -527.57143
      -3.36010     529.33881    -529.07928
      -3.33010     530.39207    -530.23410
      -3.30010     531.35727    -531.22480
      -3.27110     532.41276    -532.18644
      -3.24110     534.28933    -533.77167
      -3.21110     537.46113    -536.61982
      -3.18210     541.18997    -540.29527
      -3.15210     544.30795    -543.60704
      -3.12210     546.49958    -545.88763
      -3.09310     548.07681    -547.19102
      -3.06310     549.33172    -547.80735
      -3.03310     550.55326    -548.15933
      -3.00410     551.98771    -548.76943
      -2.97410     553.51305    -549.95851
      -2.94410     554.76306    -551.58570
      -2.91510     555.53952    -553.28199
      -2.88510     555.91694    -554.70428
      -2.85610     556.15650    -555.60246
      -2.82610     556.53994    -556.06801
      -2.79610     557.21098    -556.48063
      -2.76710     558.16283    -557.09814
      -2.73710     559.30447    -557.93954
      -2.70710     560.45306    -558.96745
      -2.67810     561.35629    -560.10093
      -2.64810     561.95053    -561.11639
      -2.61810     562.60837    -561.89833
      -2.58910     564.00353    -562.84410
      -2.55910     566.64203    -564.77746
      -2.52910     570.36494    -568.16529
      -2.50010     574.37547    -572.43232
      -2.47010     578.09837    -576.56887
      -2.44010     581.67894    -580.29919
      -2.41110     585.12014    -583.80562
      -2.38110     587.79704    -586.75444
      -2.35110     589.39680    -588.69654
      -2.32210     590.37327    -589.85893
      -2.29210     591.26448    -590.76838
      -2.26210     592.28127    -591.66671
      -2.23310     593.44529    -592.57290
      -2.20310     594.65942    -593.44854
      -2.17310     595.72974    -594.29083
      -2.14410     596.53229    -595.15105
      -2.11410     597.17575    -595.95375
      -2.08510     597.95399    -596.62998
      -2.05510     599.29400    -597.53276
      -2.02510     601.64457    -599.33105
      -1.99610     604.79591    -602.14169
      -1.96610     607.67371    -605.08709
      -1.93610     609.55295    -607.31194
      -1.90710     610.73610    -608.80406
      -1.87710     611.74206    -609.93250
      -1.84710     612.66189    -610.97197
      -1.81810     613.33931    -612.00107
      -1.78810     613.72336    -612.89021
      -1.75810     613.92148    -613.49038
      -1.72910     614.06049    -613.81739
      -1.69910     614.22005    -614.00087
      -1.66910     614.46611    -614.17125
      -1.64010     614.93181    -614.44277
      -1.61010     615.77306    -614.94523
      -1.58010     616.95279    -615.76483
      -1.55110     618.17997    -616.83500
      -1.52110     619.13197    -617.97515
      -1.49110     619.70872    -618.96525
      -1.46210     620.11911    -619.65498
      -1.43210     620.78170    -620.18072
      -1.40310     621.97359    -620.93924
      -1.37310     623.43384    -622.16404
      -1.34310     624.60083    -623.58812
      -1.31410     625.27142    -624.71774
      -1.28410     625.70420    -625.38374
      -1.25410     626.19955    -625.82141
      -1.22510     626.79424    -626.30342
      -1.19510     627.33703    -626.86311
      -1.16510     627.75617    -627.37047
      -1.13610     628.10459    -627.76708
      -1.10610     628.43433    -628.09800
      -1.07610     628.79936    -628.39760
      -1.04710     629.29530    -628.69393
      -1.01710     629.95715    -629.07171
      -0.98710     630.69076    -629.61747
      -0.95810     631.42273    -630.29785
      -0.92810     632.18540    -630.99839
      -0.89810     632.96986    -631.69271
      -0.86910     633.67011    -632.44189
      -0.83910     634.19304    -633.22591
      -0.80910     634.52260    -633.91044
      -0.78010     634.72700    -634.38577
      -0.75010     634.93332    -634.66347
      -0.72110     635.26451    -634.85224
      -0.69110     635.77231    -635.08617
      -0.66110     636.40407    -635.45929
      -0.63210     637.08875    -635.97258
      -0.60210     637.85260    -636.58031
      -0.57210     638.74782    -637.28857
      -0.54310     639.78789    -638.13308
      -0.51310     641.03241    -639.14913
      -0.48310     642.50719    -640.41634
      -0.45410     644.01830    -641.93990
      -0.42410     645.26371    -643.46123
      -0.39410     646.18176    -644.67195
      -0.36510     646.98253    -645.59059
      -0.33510     647.77737    -646.45453
      -0.30510     648.45257    -647.35671
      -0.27610     648.92805    -648.16979
      -0.24610     649.26567    -648.76106
      -0.21610     649.53602    -649.15248
      -0.18710     649.75254    -649.43764
      -0.15710     649.92411    -649.66541
      -0.12710     650.11245    -649.83664
      -0.09810     650.42652    -649.94188
      -0.06810     650.95063    -649.98893
      -0.03810     651.67712    -650.00282
      -0.00910     652.50770    -650.00532
       0.02090     653.26028    -650.00564
       0.04990     653.74451    -650.00683
       0.07990     653.94209    -650.01928
       0.10990     653.98918    -650.09248
       0.13890     653.99540    -650.34029
       0.16890     653.99584    -650.84305
       0.19890     653.99585    -651.50683
       0.22790     653.99585    -652.19166
       0.25790     653.99585    -652.86789
       0.28790     653.99586    -653.45946
       0.31690     653.99593    -653.82627
       0.34690     653.99725    -653.96845
       0.37690     654.00931    -654.00116
       0.40590     654.07166    -654.00758
       0.43590     654.26806    -654.02603
       0.46590     654.69004    -654.11617
       0.49490     655.38836    -654.39850
       0.52490     656.33191    -654.99229
       0.55490     657.37005    -655.87357
       0.58390     658.31242    -656.82824
       0.61390     659.02660    -657.61730
       0.64390     659.46739    -658.19138
       0.67290     659.71051    -658.68065
       0.70290     659.87476    -659.16947
       0.73190     660.03543    -659.58713
       0.76190     660.28269    -659.85512
       0.79190     660.71473    -660.00598
       0.82090     661.26968    -660.13345
       0.85090     661.72144    -660.33359
       0.88090     661.95447    -660.69152
       0.90990     662.05548    -661.20199
       0.93990     662.12936    -661.69749
       0.96990     662.22673    -662.01280
       0.99890     662.42420    -662.16664
       1.02890     662.84140    -662.30025
       1.05890     663.52652    -662.58126
       1.08790     664.38215    -663.13547
       1.11790     665.24342    -663.92764
       1.14790     666.04004    -664.77571
       1.17690     666.85326    -665.54268
       1.20690     667.72669    -666.26457
       1.23690     668.54896    -667.06104
       1.26590     669.19123    -667.94069
       1.29590     669.61571    -668.76059
       1.32590     669.85326    -669.37292
       1.35490     669.96044    -669.74266
       1.38490     670.00710    -669.92409
       1.41390     670.06329    -669.99957
       1.44390     670.17523    -670.05513
       1.47390     670.35768    -670.15741
       1.50290     670.61946    -670.33600
       1.53290     671.00568    -670.60289
       1.56290     671.57220    -670.99386
       1.59190     672.28594    -671.54940
       1.62190     673.00710    -672.23927
       1.65190     673.56546    -672.95020
       1.68090     673.86949    -673.52576
       1.71090     673.97960    -673.85634
       1.74090     674.02402    -673.98004
       1.76990     674.08115    -674.02057
       1.79990     674.16502    -674.06436
       1.82990     674.26781    -674.13603
       1.85890     674.41186    -674.22718
       1.88890     674.66113    -674.33823
       1.91890     675.04676    -674.50495
       1.94790     675.48992    -674.78078
       1.97790     675.88534    -675.17694
       2.00790     676.25363    -675.62188
       2.03690     676.71680    -676.05051
       2.06690     677.31949    -676.52318
       2.09590     677.97793    -677.14129
       2.12590     678.67729    -677.89847
       2.15590     679.52121    -678.75781
       2.18490     680.48670    -679.71722
       2.21490     681.40638    -680.66344
       2.24490     682.21812    -681.43160
       2.27390     683.00125    -682.05712
       2.30390     683.83494    -682.72282
       2.33390     684.75744    -683.53575
       2.36290     685.76341    -684.50510
       2.39290     686.79250    -685.59202
       2.42290     687.77609    -686.70296
       2.45190     688.67901    -687.73947
       2.48190     689.52574    -688.65396
       2.51190     690.40095    -689.46052
       2.54090     691.35458    -690.24068
       2.57090     692.31384    -691.09290
       2.60090     693.19171    -692.02474
       2.62990     694.06869    -692.95213
       2.65990     695.04486    -693.87744
       2.68990     695.98129    -694.87481
       2.71890     696.67769    -695.84979
       2.74890     697.13701    -696.61098
       2.77890     697.45994    -697.11952
       2.80790     697.71014    -697.45273
       2.83790     697.95363    -697.68230
       2.86690     698.26986    -697.88714
       2.89690     698.73585    -698.16478
       2.92690     699.38436    -698.61743
       2.95590     700.11515    -699.27750
       2.98590     700.81006    -699.99465
       3.01590     701.52069    -700.59290
       3.04490     702.31064    -701.13376
       3.07490     703.06486    -701.80421
       3.10490     703.66577    -702.61254
       3.13390     704.17921    -703.38085
       3.16390     704.77641    -704.03202
       3.19390     705.57763    -704.69802
       3.22290     706.56892    -705.51021
       3.25290     707.64294    -706.45969
       3.28290     708.65514    -707.48894
       3.31190     709.48245    -708.51507
       3.34190     710.15394    -709.39353
       3.37190     710.83298    -710.08830
       3.40090     711.58290    -710.75311
       3.43090     712.31221    -711.47782
       3.46090     713.00119    -712.16236
       3.48990     713.76505    -712.77913
       3.51990     714.69377    -713.51882
       3.54890     715.76542    -714.58128
       3.57890     716.97051    -715.99720
       3.60890     718.41326    -717.66057
       3.63790     720.08849    -719.38383
       3.66790     721.81517    -720.98523
       3.69790     723.45704    -722.45126
       3.72690     724.88957    -723.86540
       3.75690     725.99443    -725.20348
       3.78690     726.79120    -726.34111
       3.81590     727.35490    -727.16812
       3.84590     727.71916    -727.66481
       3.87590     727.90822    -727.90145
       3.90490     727.97745    -727.98402
       3.93490     728.00114    -728.00671
       3.96490     728.06496    -728.04606
       3.99390     728.32819    -728.23392
       4.02390     728.99819    -728.79228
       4.05390     730.10187    -729.82568
       4.08290     731.40896    -731.12788
       4.11290     732.68136    -732.40873
       4.14290     733.86361    -733.57349
       4.17190     735.13764    -734.72505
       4.20190     736.87381    -736.13104
       4.23090     739.26159    -738.10576
       4.26090     742.01026    -740.67532
       4.29090     744.66240    -743.45037
       4.31990     746.96819    -745.98523
       4.34990     748.78353    -748.05692
       4.37990     750.04155    -749.59842
       4.40890     750.92313    -750.68786
       4.43890     751.72849    -751.55876
       4.46890     752.68494    -752.48838
       4.49790     753.90530    -753.66307
       4.52790     755.32196    -755.05675
       4.55790     756.76664    -756.50276
       4.58690     758.11955    -757.87079
       4.61690     759.35933    -759.11962
       4.64690     760.61408    -760.35021
       4.67590     762.05402    -761.73914
       4.70590     763.69960    -763.28286
       4.73590     765.51583    -764.76743
       4.76490     767.56291    -766.05969
       4.79490     769.79650    -767.29532
       4.82490     771.86834    -768.72607
       4.85390     773.43415    -770.47009
       4.88390     774.55369    -772.37053
       4.91390     775.61407    -774.09795
       4.94290     777.01738    -775.57555
       4.97290     778.90271    -777.14403
       5.00190     781.03222    -779.06167
       5.03190     783.06699    -781.10816
       5.06190     784.90056    -782.94870
       5.09090     786.62798    -784.60407
       5.12090     788.39069    -786.32882
       5.15090     790.38943    -788.32860
       5.17990     792.87596    -790.76161
       5.20990     795.91759    -793.72629
       5.23990     799.22980    -797.09632
       5.26890     802.43526    -800.53307
       5.29890     805.49543    -803.82749
       5.32890     808.61341    -807.07891
       5.35790     811.75215    -810.32737
       5.38790     814.66198    -813.38042
       5.41790     817.28150    -816.15354
       5.44690     819.71421    -818.73318
       5.47690     821.95284    -821.12512
       5.50690     823.96789    -823.27761
       5.53590     825.91652    -825.26849
       5.56590     828.06946    -827.31557
       5.59590     830.56800    -829.62003
       5.62490     833.30865    -832.18840
       5.65490     836.08267    -834.85137
       5.68390     838.72769    -837.41455
       5.71390     841.21111    -839.80159
       5.74390     843.65345    -842.14194
       5.77290     846.17423    -844.63321
       5.80290     848.69131    -847.25866
       5.83290     851.01504    -849.77959
       5.86190     853.14455    -852.09191
       5.89190     855.19741    -854.28117
       5.92190     857.15197    -856.33092
       5.95090     858.94359    -858.15723
       5.98090     860.61645    -859.77671
       6.01090     862.29613    -861.31584
       6.03990     864.15343    -863.00100
       6.06990     866.29643    -865.02362
       6.09990     868.67888    -867.38175
       6.12890     871.17342    -869.92433
       6.15890     873.67700    -872.48721
       6.18890     876.16709    -875.00488
       6.21790     878.67185    -877.51913
       6.24790     881.17677    -880.06897
       6.27790     883.63023    -882.62607
       6.30690     886.03033    -885.15634
       6.33690     888.42137    -887.67000
       6.36590     890.81954    -890.17255
       6.39590     893.18301    -892.61519
       6.42590     895.45233    -894.91180
       6.45490     897.62380    -897.02945
       6.48490     899.77585    -899.07400
       6.51490     902.01300    -901.20455
       6.54390     904.37366    -903.46972
       6.57390     906.76975    -905.80947
       6.60390     909.06264    -908.15545
       6.63290     911.23085    -910.46184
       6.66290     913.38245    -912.71960
       6.69290     915.59707    -914.93940
       6.72190     917.83748    -917.10642
       6.75190     920.02837    -919.21977
       6.78190     922.15863    -921.31770
       6.81090     924.26056    -923.42735
       6.84090     926.34233    -925.54915
       6.87090     928.36954    -927.65983
       6.89990     930.29919    -929.69949
       6.92990     932.16034    -931.62752
       6.95990     934.03395    -933.49163
       6.98890     935.94285    -935.37102
       7.01890     937.85856    -937.28111
       7.04890     939.74789    -939.18451
       7.07790     941.58443    -941.05783
       7.10790     943.38984    -942.91438
       7.13690     945.22994    -944.78918
       7.16690     947.14995    -946.71216
       7.19690     949.12853    -948.69548
       7.22590     951.11556    -950.74419
       7.25590     953.10748    -952.83589
       7.28590     955.13098    -954.92552
       7.31490     957.19303    -956.99024
       7.34490     959.27258    -959.02383
       7.37490     961.32766    -961.02375
       7.40390     963.32226    -962.98410
       7.43390     965.24538    -964.88751
       7.46390     967.08771    -966.71871
       7.49290     968.83663    -968.45992
       7.52290     970.50874    -970.09734
       7.55290     972.12022    -971.65322
       7.58190     973.64912    -973.16373
       7.61190     975.08713    -974.63125
       7.64190     976.47799    -976.05873
       7.67090     977.88101    -977.49303
       7.70090     979.30493    -978.95476
       7.73090     980.68660    -980.39292
       7.75990     981.96004    -981.76036
       7.78990     983.11575    -983.03661
       7.81890     984.18888    -984.20552
       7.84890     985.20835    -985.28206
       7.87890     986.17784    -986.29945
       7.90790     987.11798    -987.27754
       7.93790     988.05708    -988.22495
       7.96790     988.99248    -989.13840
       7.99690     989.90964    -990.02146
       8.02690     990.79018    -990.89888
       8.05690     991.60177    -991.77824
       8.08590     992.33479    -992.62794
       8.11590     993.04186    -993.40751
       8.14590     993.79518    -994.09960
       8.17490     994.58943    -994.72186
       8.20490     995.32927    -995.30647
       8.23490     995.94753    -995.86631
       8.26390     996.47653    -996.39635
       8.29390     996.96773    -996.89659
       8.32390     997.42438    -997.38438
       8.35290     997.83448    -997.87780
       8.38290     998.20188    -998.35847
       8.41290     998.54036    -998.77880
       8.44190     998.85572    -999.10884
       8.47190     999.13649    -999.35071
       8.50090     999.36935    -999.52309
       8.53090     999.55168    -999.64950
       8.56090     999.68723    -999.74808
       8.58990     999.78699    -999.82342
       8.61990     999.86826    -999.87484
       8.64990     999.93507    -999.90829
       8.67890     999.97705    -999.93450
       8.70890     999.99387    -999.95952
       8.73890     999.99782    -999.98164
       8.76790     999.99834    -999.99674
       8.79790     999.99837   -1000.00390
       8.82790     999.99838   -1000.00605
       8.85690     999.99838   -1000.00643
       8.88690     999.99838   -1000.00646
       8.91690     999.99838   -1000.00647
       8.94590     999.99838   -1000.00647
       8.97590     999.99838   -1000.00647
       9.00590     999.99838   -1000.00647
       9.03490     999.99838   -1000.00647
       9.06490     999.99838   -1000.00647
       9.09490     999.99838   -1000.00647
       9.12390     999.99838   -1000.00647
       9.15390     999.99838   -1000.00647
       9.18390     999.99838   -1000.00647
       9.21290     999.99838   -1000.00647
       9.24290     999.99838   -1000.00647
       9.27190     999.99838   -1000.00647
       9.30190     999.99838   -1000.00647
       9.33190     999.99838   -1000.00647
       9.36090     999.99838   -1000.00647
       9.39090     999.99838   -1000.00647
       9.42090     999.99838   -1000.00647
       9.44990     999.99838   -1000.00647
       9.47990     999.99838   -1000.00647
       9.50990     999.99838   -1000.00647
       9.53890     999.99838   -1000.00647
       9.56890     999.99838   -1000.00647
       9.59890     999.99838   -1000.00647
       9.62790     999.99838   -1000.00647
       9.65790     999.99838   -1000.00647
       9.68790     999.99838   -1000.00647
       9.71690     999.99838   -1000.00647
       9.74690     999.99838   -1000.00647
       9.77690     999.99838   -1000.00647
       9.80590     999.99838   -1000.00647
       9.83590     999.99838   -1000.00647
       9.86590     999.99838   -1000.00647
       9.89490     999.99838   -1000.00647
       9.92490     999.99838   -1000.00647
       9.95390     999.99838   -1000.00647
       9.98390     999.99838   -1000.00647
      10.01390     999.99838   -1000.00647
      10.04290     999.99838   -1000.00647
      10.07290     999.99838   -1000.00647
