      #Energy        TDOS-UP        TDOS-DOWN
     -22.65000       0.00000       0.00000
     -22.62000       0.00000       0.00000
     -22.59000       0.00000       0.00000
     -22.56100       0.00000       0.00000
     -22.53100       0.00000       0.00000
     -22.50100       0.00000       0.00000
     -22.47100       0.00000       0.00000
     -22.44100       0.00000       0.00000
     -22.41100       0.00000       0.00000
     -22.38100       0.00000       0.00000
     -22.35200       0.00000       0.00000
     -22.32200       0.00000       0.00000
     -22.29200       0.00000       0.00000
     -22.26200       0.00000       0.00000
     -22.23200       0.00000       0.00000
     -22.20200       0.00000       0.00000
     -22.17300       0.00000       0.00000
     -22.14300       0.00000       0.00000
     -22.11300       0.00000       0.00000
     -22.08300       0.00000       0.00000
     -22.05300       0.00000       0.00000
     -22.02300       0.00000       0.00000
     -21.99400       0.00000       0.00000
     -21.96400       0.00000       0.00000
     -21.93400       0.00000       0.00000
     -21.90400       0.00000       0.00000
     -21.87400       0.00000       0.00000
     -21.84400       0.00000       0.00000
     -21.81400       0.00000       0.00000
     -21.78500       0.00000       0.00000
     -21.75500       0.00000       0.00000
     -21.72500       0.00000       0.00000
     -21.69500       0.00000       0.00000
     -21.66500       0.00000       0.00000
     -21.63500       0.00000       0.00000
     -21.60600       0.00000       0.00000
     -21.57600       0.00000      -0.00000
     -21.54600       0.00000      -0.00000
     -21.51600       0.00000      -0.00000
     -21.48600       0.00000      -0.00000
     -21.45600       0.00000      -0.00000
     -21.42700       0.00003      -0.00001
     -21.39700       0.00079      -0.00019
     -21.36700       0.01036      -0.00335
     -21.33700       0.07734      -0.03217
     -21.30700       0.35019      -0.18214
     -21.27700       1.03266      -0.64719
     -21.24700       2.16171      -1.56287
     -21.21800       3.51785      -2.81725
     -21.18800       4.80714      -4.14683
     -21.15800       5.87188      -5.32482
     -21.12800       6.83934      -6.30585
     -21.09800       7.98345      -7.31807
     -21.06800       9.32721      -8.58140
     -21.03900      10.57338      -9.94813
     -21.00900      11.42610     -11.04793
     -20.97900      11.83857     -11.67908
     -20.94900      11.97200     -11.92699
     -20.91900      12.00915     -11.99216
     -20.88900      12.09104     -12.02942
     -20.86000      12.41942     -12.18875
     -20.83000      13.23722     -12.71178
     -20.80000      14.54875     -13.77368
     -20.77000      16.04797     -15.21666
     -20.74000      17.45320     -16.69903
     -20.71000      18.67908     -18.03263
     -20.68100      19.77799     -19.20107
     -20.65100      20.95344     -20.33459
     -20.62100      22.25945     -21.61434
     -20.59100      23.33627     -22.86141
     -20.56100      24.00457     -23.69876
     -20.53100      24.74851     -24.27380
     -20.50100      26.13180     -25.23260
     -20.47200      27.91244     -26.86044
     -20.44200      29.26395     -28.55513
     -20.41200      29.88047     -29.59093
     -20.38200      30.14909     -30.00685
     -20.35200      30.48231     -30.27387
     -20.32200      31.03124     -30.69479
     -20.29300      31.76773     -31.32906
     -20.26300      32.60537     -32.11672
     -20.23300      33.46630     -32.97616
     -20.20300      34.25993     -33.82454
     -20.17300      34.89137     -34.55894
     -20.14300      35.33421     -35.10683
     -20.11400      35.63036     -35.47856
     -20.08400      35.82383     -35.72496
     -20.05400      35.93564     -35.88004
     -20.02400      35.98464     -35.96108
     -19.99400      35.99909     -35.99123
     -19.96400      36.00641     -35.99941
     -19.93400      36.04618     -36.01390
     -19.90500      36.22023     -36.09679
     -19.87500      36.65684     -36.37803
     -19.84500      37.32096     -36.93562
     -19.81500      38.01641     -37.63420
     -19.78500      38.69575     -38.30444
     -19.75500      39.52937     -39.01601
     -19.72600      40.64692     -39.95854
     -19.69600      41.93383     -41.17383
     -19.66600      43.03945     -42.43090
     -19.63600      43.68805     -43.36225
     -19.60600      43.93415     -43.82227
     -19.57600      43.99248     -43.96726
     -19.54700      44.00082     -43.99550
     -19.51700      44.00152     -43.99878
     -19.48700      44.00155     -43.99900
     -19.45700      44.00158     -43.99902
     -19.42700      44.00215     -43.99920
     -19.39700      44.00803     -44.00162
     -19.36700      44.04101     -44.01900
     -19.33800      44.14677     -44.08871
     -19.30800      44.35443     -44.25445
     -19.27800      44.63812     -44.51141
     -19.24800      44.98667     -44.82776
     -19.21800      45.48069     -45.24375
     -19.18800      46.22105     -45.86758
     -19.15900      47.16971     -46.74044
     -19.12900      48.07972     -47.70282
     -19.09900      48.69803     -48.46616
     -19.06900      49.01832     -48.90224
     -19.03900      49.19541     -49.12317
     -19.00900      49.34007     -49.27383
     -18.98000      49.48984     -49.41860
     -18.95000      49.65082     -49.57426
     -18.92000      49.80773     -49.73512
     -18.89000      49.95005     -49.88222
     -18.86000      50.15751     -50.04422
     -18.83000      50.62644     -50.37517
     -18.80100      51.47871     -51.05869
     -18.77100      52.62581     -52.08986
     -18.74100      53.95434     -53.34125
     -18.71100      55.40269     -54.74529
     -18.68100      56.88237     -56.22303
     -18.65100      58.41264     -57.71808
     -18.62100      60.10971     -59.33205
     -18.59200      61.82395     -61.08329
     -18.56200      63.11190     -62.61728
     -18.53200      63.76408     -63.54579
     -18.50200      64.02352     -63.92411
     -18.47200      64.25625     -64.10940
     -18.44200      64.65374     -64.39669
     -18.41300      65.17910     -64.86176
     -18.38300      65.73579     -65.41234
     -18.35300      66.33053     -65.98619
     -18.32300      67.04030     -66.62942
     -18.29300      67.94464     -67.42648
     -18.26300      69.06772     -68.43765
     -18.23400      70.34030     -69.63742
     -18.20400      71.66988     -70.93731
     -18.17400      73.00305     -72.26570
     -18.14400      74.31159     -73.57916
     -18.11400      75.54195     -74.84951
     -18.08400      76.56714     -76.00765
     -18.05400      77.27379     -76.91139
     -18.02500      77.69828     -77.48927
     -17.99500      77.98368     -77.83800
     -17.96500      78.26565     -78.10978
     -17.93500      78.69343     -78.43479
     -17.90500      79.51600     -79.00029
     -17.87500      80.98494     -80.09084
     -17.84600      82.99789     -81.85103
     -17.81600      84.97756     -83.93888
     -17.78600      86.38876     -85.70727
     -17.75600      87.18508     -86.82140
     -17.72600      87.65642     -87.42763
     -17.69600      88.15238     -87.87674
     -17.66700      88.88245     -88.47670
     -17.63700      89.82588     -89.31494
     -17.60700      90.88928     -90.31060
     -17.57700      92.00937     -91.39548
     -17.54700      93.13708     -92.51885
     -17.51700      94.26941     -93.65372
     -17.48700      95.39487     -94.80246
     -17.45800      96.46991     -95.92733
     -17.42800      97.46079     -96.98103
     -17.39800      98.29843     -97.91044
     -17.36800      98.94226     -98.64319
     -17.33800      99.51864     -99.22211
     -17.30800     100.24722     -99.85072
     -17.27900     101.27436    -100.73313
     -17.24900     102.60991    -101.94558
     -17.21900     104.07989    -103.38990
     -17.18900     105.38620    -104.79423
     -17.15900     106.38155    -105.91850
     -17.12900     107.15996    -106.77018
     -17.10000     107.82841    -107.48264
     -17.07000     108.40673    -108.10543
     -17.04000     108.96850    -108.66212
     -17.01000     109.64918    -109.27491
     -16.98000     110.45758    -110.03959
     -16.95000     111.26464    -110.87410
     -16.92000     112.02544    -111.66520
     -16.89100     112.83713    -112.45793
     -16.86100     113.76251    -113.34497
     -16.83100     114.80859    -114.34122
     -16.80100     116.00762    -115.47295
     -16.77100     117.33436    -116.76120
     -16.74100     118.65917    -118.11376
     -16.71200     119.86923    -119.38395
     -16.68200     120.97351    -120.52121
     -16.65200     121.98543    -121.56640
     -16.62200     122.79771    -122.46940
     -16.59200     123.35500    -123.12397
     -16.56200     123.77382    -123.57950
     -16.53300     124.16877    -123.97713
     -16.50300     124.54477    -124.36358
     -16.47300     124.88541    -124.71630
     -16.44300     125.21262    -125.04202
     -16.41300     125.57460    -125.38087
     -16.38300     126.01894    -125.78462
     -16.35400     126.52489    -126.26835
     -16.32400     127.01295    -126.76536
     -16.29400     127.43655    -127.21193
     -16.26400     127.75663    -127.58763
     -16.23400     127.93111    -127.84548
     -16.20400     127.99007    -127.96295
     -16.17400     128.00770    -127.99663
     -16.14500     128.05880    -128.02445
     -16.11500     128.26773    -128.14847
     -16.08500     128.76906    -128.51929
     -16.05500     129.50659    -129.18087
     -16.02500     130.24785    -129.94601
     -15.99500     130.86005    -130.61191
     -15.96600     131.36944    -131.14443
     -15.93600     131.86137    -131.59817
     -15.90600     132.43582    -132.07354
     -15.87600     133.11844    -132.66410
     -15.84600     133.89088    -133.36687
     -15.81600     134.76941    -134.17810
     -15.78700     135.65092    -135.08811
     -15.75700     136.33399    -135.91800
     -15.72700     136.79265    -136.49856
     -15.69700     137.14806    -136.89202
     -15.66700     137.48855    -137.23654
     -15.63700     137.94796    -137.63731
     -15.60700     138.77158    -138.28740
     -15.57800     140.01924    -139.36930
     -15.54800     141.39478    -140.73558
     -15.51800     142.64170    -142.04248
     -15.48800     143.82730    -143.19899
     -15.45800     145.05019    -144.35623
     -15.42800     146.17760    -145.53526
     -15.39900     147.07224    -146.56285
     -15.36900     147.80470    -147.37125
     -15.33900     148.49269    -148.06312
     -15.30900     149.18501    -148.72455
     -15.27900     149.92149    -149.39733
     -15.24900     150.73332    -150.12963
     -15.22000     151.59096    -150.93714
     -15.19000     152.47322    -151.76837
     -15.16000     153.45038    -152.61661
     -15.13000     154.55048    -153.57690
     -15.10000     155.66550    -154.66805
     -15.07000     156.65146    -155.76129
     -15.04000     157.38496    -156.71039
     -15.01100     157.80044    -157.40928
     -14.98100     157.95954    -157.80605
     -14.95100     157.99710    -157.95916
     -14.92100     158.00782    -157.99665
     -14.89100     158.06155    -158.01969
     -14.86100     158.33420    -158.14517
     -14.83200     159.15006    -158.63082
     -14.80200     160.69196    -159.77419
     -14.77200     162.66820    -161.55363
     -14.74200     164.47718    -163.52092
     -14.71200     165.74977    -165.14772
     -14.68200     166.59965    -166.26214
     -14.65300     167.26645    -167.04234
     -14.62300     167.81314    -167.64141
     -14.59300     168.29478    -168.13096
     -14.56300     168.84580    -168.64766
     -14.53300     169.47158    -169.26343
     -14.50300     170.00887    -169.84967
     -14.47400     170.37812    -170.27013
     -14.44400     170.69173    -170.58162
     -14.41400     171.10100    -170.94144
     -14.38400     171.69529    -171.46173
     -14.35400     172.53040    -172.21074
     -14.32400     173.56321    -173.19476
     -14.29400     174.54827    -174.23085
     -14.26500     175.23492    -175.03254
     -14.23500     175.64121    -175.51537
     -14.20500     175.99319    -175.85273
     -14.17500     176.50198    -176.28185
     -14.14500     177.21221    -176.91970
     -14.11500     178.03180    -177.70110
     -14.08600     178.92495    -178.53412
     -14.05600     179.94925    -179.46427
     -14.02600     181.06756    -180.54766
     -13.99600     182.10290    -181.66104
     -13.96600     182.88952    -182.58851
     -13.93600     183.37429    -183.20638
     -13.90700     183.63549    -183.54445
     -13.87700     183.82622    -183.74407
     -13.84700     184.07446    -183.95480
     -13.81700     184.44807    -184.26667
     -13.78700     184.97328    -184.72205
     -13.75700     185.62337    -185.32216
     -13.72700     186.31718    -186.00448
     -13.69800     187.00726    -186.69113
     -13.66800     187.73629    -187.38762
     -13.63800     188.53081    -188.14813
     -13.60800     189.34160    -188.94713
     -13.57800     190.20864    -189.74748
     -13.54800     191.31665    -190.67778
     -13.51900     192.76515    -191.92873
     -13.48900     194.41731    -193.50509
     -13.45900     195.98443    -195.17576
     -13.42900     197.24045    -196.63664
     -13.39900     198.15285    -197.73182
     -13.36900     198.87098    -198.52217
     -13.34000     199.66849    -199.24865
     -13.31000     200.72249    -200.18075
     -13.28000     201.94106    -201.35724
     -13.25000     203.11442    -202.58566
     -13.22000     204.13544    -203.69098
     -13.19000     205.01829    -204.64247
     -13.16000     205.79253    -205.47311
     -13.13100     206.46545    -206.19795
     -13.10100     207.05750    -206.82358
     -13.07100     207.65791    -207.40369
     -13.04100     208.38514    -208.06483
     -13.01100     209.24323    -208.87800
     -12.98100     210.14190    -209.77817
     -12.95200     210.98984    -210.66177
     -12.92200     211.70350    -211.43690
     -12.89200     212.26019    -212.05282
     -12.86200     212.74302    -212.55147
     -12.83200     213.32791    -213.07683
     -12.80200     214.14347    -213.80630
     -12.77300     215.02872    -214.70601
     -12.74300     215.65643    -215.46264
     -12.71300     215.94925    -215.86760
     -12.68300     216.13911    -216.05845
     -12.65300     216.53705    -216.34105
     -12.62300     217.35350    -216.97980
     -12.59400     218.57789    -218.05931
     -12.56400     219.99789    -219.43724
     -12.53400     221.34702    -220.84784
     -12.50400     222.46801    -222.06491
     -12.47400     223.41264    -223.05550
     -12.44400     224.32339    -223.95924
     -12.41400     225.26175    -224.87910
     -12.38500     226.29814    -225.86058
     -12.35500     227.52835    -227.01216
     -12.32500     228.80914    -228.31085
     -12.29500     229.85687    -229.47720
     -12.26500     230.65662    -230.35051
     -12.23500     231.43697    -231.09385
     -12.20600     232.37876    -231.93657
     -12.17600     233.55630    -232.99505
     -12.14600     234.98167    -234.31344
     -12.11600     236.52939    -235.83355
     -12.08600     237.95819    -237.33830
     -12.05600     239.13275    -238.62267
     -12.02700     240.10572    -239.67712
     -11.99700     240.92979    -240.57862
     -11.96700     241.54258    -241.30063
     -11.93700     241.93051    -241.78212
     -11.90700     242.26829    -242.12082
     -11.87700     242.82349    -242.57322
     -11.84700     243.73380    -243.36297
     -11.81800     244.83912    -244.44278
     -11.78800     245.87223    -245.52661
     -11.75800     246.81567    -246.47512
     -11.72800     247.82147    -247.42795
     -11.69800     248.85248    -248.46449
     -11.66800     249.70908    -249.41479
     -11.63900     250.38096    -250.15515
     -11.60900     251.04403    -250.81479
     -11.57900     251.76216    -251.52323
     -11.54900     252.52938    -252.28403
     -11.51900     253.43999    -253.15913
     -11.48900     254.52353    -254.21059
     -11.46000     255.65810    -255.34515
     -11.43000     256.74939    -256.45063
     -11.40000     257.80070    -257.50984
     -11.37000     258.88797    -258.58159
     -11.34000     260.10416    -259.76018
     -11.31000     261.46910    -261.08812
     -11.28000     262.89939    -262.51021
     -11.25100     264.22107    -263.87753
     -11.22100     265.26865    -265.00986
     -11.19100     266.04721    -265.85363
     -11.16100     266.72833    -266.54281
     -11.13100     267.48824    -267.26945
     -11.10100     268.39691    -268.14305
     -11.07200     269.43076    -269.15915
     -11.04200     270.54116    -270.26119
     -11.01200     271.68453    -271.40083
     -10.98200     272.79522    -272.52197
     -10.95200     273.80103    -273.54672
     -10.92200     274.72044    -274.46434
     -10.89300     275.67745    -275.38107
     -10.86300     276.80366    -276.43894
     -10.83300     278.17248    -277.72615
     -10.80300     279.81689    -279.27536
     -10.77300     281.73136    -281.09419
     -10.74300     283.81473    -283.12877
     -10.71400     285.89631    -285.23273
     -10.68400     287.88658    -287.27895
     -10.65400     289.75659    -289.22043
     -10.62400     291.41860    -290.97391
     -10.59400     292.87127    -292.48925
     -10.56400     294.30097    -293.91581
     -10.53400     295.87331    -295.45682
     -10.50500     297.60112    -297.16419
     -10.47500     299.36296    -298.93990
     -10.44500     300.89799    -300.55208
     -10.41500     301.99705    -301.76304
     -10.38500     302.74816    -302.58352
     -10.35500     303.46614    -303.29121
     -10.32600     304.42061    -304.19167
     -10.29600     305.62546    -305.36324
     -10.26600     306.96339    -306.69074
     -10.23600     308.49201    -308.18131
     -10.20600     310.28727    -309.93225
     -10.17600     312.04791    -311.72795
     -10.14700     313.31333    -313.10259
     -10.11700     314.05697    -313.91711
     -10.08700     314.65902    -314.50767
     -10.05700     315.34985    -315.17462
     -10.02700     316.09782    -315.92170
      -9.99700     316.86370    -316.69474
      -9.96700     317.56885    -317.42705
      -9.93800     318.12748    -318.01447
      -9.90800     318.67969    -318.54416
      -9.87800     319.49123    -319.28452
      -9.84800     320.63549    -320.37000
      -9.81800     321.89629    -321.63303
      -9.78800     322.97908    -322.76924
      -9.75900     323.75436    -323.60584
      -9.72900     324.28703    -324.17402
      -9.69900     324.73927    -324.61612
      -9.66900     325.34535    -325.13521
      -9.63900     326.38070    -326.00941
      -9.60900     327.90186    -327.39614
      -9.58000     329.63146    -329.09978
      -9.55000     331.23066    -330.76821
      -9.52000     332.45728    -332.13032
      -9.49000     333.22033    -333.03690
      -9.46000     333.64094    -333.54494
      -9.43000     333.91790    -333.84712
      -9.40000     334.25991    -334.15033
      -9.37100     334.91030    -334.69956
      -9.34100     335.98966    -335.66747
      -9.31100     337.47606    -337.02599
      -9.28100     339.48065    -338.75425
      -9.25100     342.11444    -340.93148
      -9.22100     345.03934    -343.43516
      -9.19200     347.72372    -345.92363
      -9.16200     350.06402    -348.23887
      -9.13200     352.26109    -350.52352
      -9.10200     354.45458    -352.86547
      -9.07200     356.82980    -355.20548
      -9.04200     359.52462    -357.61651
      -9.01300     362.37715    -360.23255
      -8.98300     365.13673    -363.06688
      -8.95300     367.74128    -366.07802
      -8.92300     370.34449    -369.18897
      -8.89300     373.05706    -372.25965
      -8.86300     375.61133    -375.00177
      -8.83300     377.72932    -377.11095
      -8.80400     379.66572    -378.69165
      -8.77400     381.82564    -380.27518
      -8.74400     384.28397    -382.37108
      -8.71400     387.06876    -385.14483
      -8.68400     390.35877    -388.56017
      -8.65400     394.16950    -392.50221
      -8.62500     398.12497    -396.56063
      -8.59500     401.62088    -400.16696
      -8.56500     404.45312    -403.07813
      -8.53500     407.04798    -405.51333
      -8.50500     409.67729    -407.92660
      -8.47500     412.11861    -410.56681
      -8.44600     414.18080    -413.17136
      -8.41600     415.91174    -415.34410
      -8.38600     417.50333    -417.10221
      -8.35600     419.15072    -418.73781
      -8.32600     420.86227    -420.31134
      -8.29600     422.67110    -421.67569
      -8.26700     424.83206    -422.99721
      -8.23700     427.31143    -424.82246
      -8.20700     429.58459    -427.35076
      -8.17700     431.38149    -430.01917
      -8.14700     432.92891    -432.22773
      -8.11700     434.44545    -433.94361
      -8.08700     436.11193    -435.46954
      -8.05800     438.20560    -437.19437
      -8.02800     440.80702    -439.39204
      -7.99800     443.78996    -442.11580
      -7.96800     447.01879    -445.27391
      -7.93800     450.16496    -448.51766
      -7.90800     452.81144    -451.37706
      -7.87900     454.92868    -453.71333
      -7.84900     456.92059    -455.82849
      -7.81900     459.13049    -458.06316
      -7.78900     461.48437    -460.35646
      -7.75900     463.76873    -462.52518
      -7.72900     465.97788    -464.72732
      -7.70000     468.26372    -467.18341
      -7.67000     470.64834    -469.76096
      -7.64000     472.87883    -472.08052
      -7.61000     474.69020    -473.84862
      -7.58000     476.03336    -475.08465
      -7.55000     477.02529    -476.06508
      -7.52000     477.97618    -477.02941
      -7.49100     479.31680    -478.12339
      -7.46100     481.17607    -479.58920
      -7.43100     483.26555    -481.61960
      -7.40100     485.28865    -484.00929
      -7.37100     487.12105    -486.29021
      -7.34100     488.67623    -488.16335
      -7.31200     489.87436    -489.56351
      -7.28200     490.70918    -490.52067
      -7.25200     491.30839    -491.16554
      -7.22200     491.91103    -491.74342
      -7.19200     492.71660    -492.48721
      -7.16200     493.74941    -493.45616
      -7.13300     494.89785    -494.53075
      -7.10300     496.10479    -495.59713
      -7.07300     497.45764    -496.73960
      -7.04300     499.00193    -498.13886
      -7.01300     500.70587    -499.84713
      -6.98300     502.61243    -501.78279
      -6.95300     504.67835    -503.79006
      -6.92400     506.61535    -505.66082
      -6.89400     508.11846    -507.22808
      -6.86400     509.14485    -508.44233
      -6.83400     509.92520    -509.35249
      -6.80400     510.80477    -510.15402
      -6.77400     512.10033    -511.19265
      -6.74500     513.92304    -512.71366
      -6.71500     516.08609    -514.66723
      -6.68500     518.42371    -516.89667
      -6.65500     520.99275    -519.35888
      -6.62500     523.70264    -521.95955
      -6.59500     526.32569    -524.50576
      -6.56600     528.90712    -527.05197
      -6.53600     531.50391    -529.82334
      -6.50600     534.02267    -532.73242
      -6.47600     536.70331    -535.57719
      -6.44600     539.89275    -538.52775
      -6.41600     543.29019    -541.75211
      -6.38700     546.19554    -544.90783
      -6.35700     548.40618    -547.55535
      -6.32700     550.35631    -549.78226
      -6.29700     552.41566    -551.95859
      -6.26700     554.30626    -553.97213
      -6.23700     555.54110    -555.30887
      -6.20700     556.25356    -555.88398
      -6.17800     557.01735    -556.15123
      -6.14800     558.16355    -556.59375
      -6.11800     559.63249    -557.46721
      -6.08800     561.20349    -558.80171
      -6.05800     562.85491    -560.48879
      -6.02800     564.88919    -562.46578
      -5.99900     567.39168    -564.82294
      -5.96900     569.87911    -567.40780
      -5.93900     571.87818    -569.70767
      -5.90900     573.42814    -571.47890
      -5.87900     574.86171    -572.90039
      -5.84900     576.32737    -574.24803
      -5.82000     577.60771    -575.69921
      -5.79000     578.52757    -577.11145
      -5.76000     579.23033    -578.19887
      -5.73000     579.92101    -578.97833
      -5.70000     580.75746    -579.71272
      -5.67000     581.96469    -580.71614
      -5.64000     583.68773    -582.25848
      -5.61100     585.65114    -584.19205
      -5.58100     587.32121    -585.95776
      -5.55100     588.49323    -587.25273
      -5.52100     589.38772    -588.19959
      -5.49100     590.28475    -589.00277
      -5.46100     591.34397    -589.86444
      -5.43200     592.71205    -591.01453
      -5.40200     594.53610    -592.69041
      -5.37200     596.64916    -594.89151
      -5.34200     598.56229    -597.09932
      -5.31200     600.09240    -598.81520
      -5.28200     601.56119    -600.29622
      -5.25300     603.19217    -602.06775
      -5.22300     604.68006    -603.95014
      -5.19300     605.60022    -605.27719
      -5.16300     606.00992    -605.84819
      -5.13300     606.30414    -606.01624
      -5.10300     606.74744    -606.15713
      -5.07300     607.42290    -606.48343
      -5.04400     608.41020    -607.09220
      -5.01400     609.66293    -608.02996
      -4.98400     610.88091    -609.25241
      -4.95400     611.83359    -610.50261
      -4.92400     612.57261    -611.51528
      -4.89400     613.26478    -612.29473
      -4.86500     614.06737    -613.00719
      -4.83500     615.06004    -613.80605
      -4.80500     616.15014    -614.76873
      -4.77500     617.14744    -615.82392
      -4.74500     617.95748    -616.80510
      -4.71500     618.62055    -617.61857
      -4.68600     619.21126    -618.29478
      -4.65600     619.79287    -618.91578
      -4.62600     620.45341    -619.53543
      -4.59600     621.32373    -620.19373
      -4.56600     622.48381    -621.01631
      -4.53600     623.78743    -622.15580
      -4.50700     624.89052    -623.51806
      -4.47700     625.56791    -624.72320
      -4.44700     625.87301    -625.48445
      -4.41700     625.97628    -625.83762
      -4.38700     626.01114    -625.96437
      -4.35700     626.06588    -626.00428
      -4.32700     626.22865    -626.04260
      -4.29800     626.60038    -626.16034
      -4.26800     627.25376    -626.45894
      -4.23800     628.18004    -627.02846
      -4.20800     629.30267    -627.87118
      -4.17800     630.48393    -628.89518
      -4.14800     631.47019    -630.00797
      -4.11900     632.06344    -631.06196
      -4.08900     632.34015    -631.82202
      -4.05900     632.48827    -632.21943
      -4.02900     632.60176    -632.41042
      -3.99900     632.71739    -632.53775
      -3.96900     632.89813    -632.64946
      -3.94000     633.23456    -632.78334
      -3.91000     633.74992    -633.02170
      -3.88000     634.31541    -633.44783
      -3.85000     634.75169    -634.01944
      -3.82000     635.03119    -634.54958
      -3.79000     635.32202    -634.91021
      -3.76000     635.84394    -635.19489
      -3.73100     636.66309    -635.62834
      -3.70100     637.64427    -636.34304
      -3.67100     638.66082    -637.26290
      -3.64100     639.71004    -638.24960
      -3.61100     640.81566    -639.27391
      -3.58100     642.00409    -640.35416
      -3.55200     643.29458    -641.49395
      -3.52200     644.61685    -642.72759
      -3.49200     645.81512    -644.06583
      -3.46200     646.76453    -645.39003
      -3.43200     647.50071    -646.48253
      -3.40200     648.15782    -647.24467
      -3.37300     648.76897    -647.82509
      -3.34300     649.31715    -648.38998
      -3.31300     649.89339    -648.92668
      -3.28300     650.55258    -649.41085
      -3.25300     651.16478    -649.94143
      -3.22300     651.60956    -650.56765
      -3.19300     651.97288    -651.16433
      -3.16400     652.47690    -651.61434
      -3.13400     653.24293    -652.00735
      -3.10400     654.14205    -652.55494
      -3.07400     654.98238    -653.30724
      -3.04400     655.71603    -654.08072
      -3.01400     656.40104    -654.76275
      -2.98500     657.08127    -655.41821
      -2.95500     657.73151    -656.08994
      -2.92500     658.35624    -656.76570
      -2.89500     658.99276    -657.42280
      -2.86500     659.58182    -658.06603
      -2.83500     660.07808    -658.73746
      -2.80600     660.63597    -659.38562
      -2.77600     661.47973    -659.90530
      -2.74600     662.62624    -660.36143
      -2.71600     663.84272    -660.97228
      -2.68600     664.85598    -661.89512
      -2.65600     665.52010    -663.06983
      -2.62700     665.84899    -664.23423
      -2.59700     665.96669    -665.12559
      -2.56700     665.99685    -665.65021
      -2.53700     666.00311    -665.88637
      -2.50700     666.01446    -665.97216
      -2.47700     666.08998    -666.00244
      -2.44700     666.38560    -666.04158
      -2.41800     667.06643    -666.20689
      -2.38800     668.06254    -666.67902
      -2.35800     669.11176    -667.50787
      -2.32800     670.10950    -668.48756
      -2.29800     671.16365    -669.40025
      -2.26800     672.27673    -670.25357
      -2.23900     673.20808    -671.18268
      -2.20900     673.74835    -672.20027
      -2.17900     673.95051    -673.10565
      -2.14900     673.99655    -673.68413
      -2.11900     674.00258    -673.92999
      -2.08900     674.00301    -673.99497
      -2.06000     674.00303    -674.00499
      -2.03000     674.00303    -674.00585
      -2.00000     674.00303    -674.00589
      -1.97000     674.00303    -674.00589
      -1.94000     674.00303    -674.00589
      -1.91000     674.00303    -674.00589
      -1.88000     674.00303    -674.00589
      -1.85100     674.00303    -674.00589
      -1.82100     674.00303    -674.00589
      -1.79100     674.00303    -674.00589
      -1.76100     674.00303    -674.00589
      -1.73100     674.00303    -674.00589
      -1.70100     674.00303    -674.00589
      -1.67200     674.00303    -674.00589
      -1.64200     674.00303    -674.00589
      -1.61200     674.00303    -674.00589
      -1.58200     674.00303    -674.00589
      -1.55200     674.00303    -674.00589
      -1.52200     674.00304    -674.00589
      -1.49300     674.00313    -674.00590
      -1.46300     674.00432    -674.00609
      -1.43300     674.01234    -674.00806
      -1.40300     674.04372    -674.01956
      -1.37300     674.12116    -674.05882
      -1.34300     674.25548    -674.14534
      -1.31300     674.43475    -674.28412
      -1.28400     674.62978    -674.46183
      -1.25400     674.82292    -674.65174
      -1.22400     675.05443    -674.83926
      -1.19400     675.42667    -675.06596
      -1.16400     676.00037    -675.43133
      -1.13400     676.68508    -675.99309
      -1.10500     677.33682    -676.66034
      -1.07500     677.92126    -677.28656
      -1.04500     678.44945    -677.84489
      -1.01500     678.89438    -678.37025
      -0.98500     679.30127    -678.83950
      -0.95500     679.81693    -679.27205
      -0.92600     680.56968    -679.79860
      -0.89600     681.56533    -680.55210
      -0.86600     682.61515    -681.54760
      -0.83600     683.50681    -682.59921
      -0.80600     684.25120    -683.48714
      -0.77600     684.90771    -684.22064
      -0.74600     685.41606    -684.87238
      -0.71700     685.81265    -685.38296
      -0.68700     686.30339    -685.76418
      -0.65700     687.02450    -686.20539
      -0.62700     687.91810    -686.86100
      -0.59700     688.83289    -687.70865
      -0.56700     689.65517    -688.63149
      -0.53800     690.42328    -689.51748
      -0.50800     691.28376    -690.34811
      -0.47800     692.29180    -691.21291
      -0.44800     693.36788    -692.17037
      -0.41800     694.40979    -693.19229
      -0.38800     695.37232    -694.21301
      -0.35900     696.24533    -695.17674
      -0.32900     696.98763    -696.06377
      -0.29900     697.57386    -696.83920
      -0.26900     698.09653    -697.46079
      -0.23900     698.71514    -697.98824
      -0.20900     699.48654    -698.57313
      -0.18000     700.33791    -699.29409
      -0.15000     701.23897    -700.08981
      -0.12000     702.26805    -700.91865
      -0.09000     703.46126    -701.86089
      -0.06000     704.67669    -702.98621
      -0.03000     705.69428    -704.20448
       0.00000     706.49955    -705.29802
       0.02900     707.28811    -706.15715
       0.05900     708.16007    -706.91497
       0.08900     709.05233    -707.73038
       0.11900     709.88102    -708.60429
       0.14900     710.61527    -709.45805
       0.17900     711.28565    -710.22243
       0.20800     711.90695    -710.89834
       0.23800     712.51392    -711.53575
       0.26800     713.26398    -712.14526
       0.29800     714.21726    -712.79102
       0.32800     715.12429    -713.61181
       0.35800     715.69844    -714.56524
       0.38700     715.93186    -715.36782
       0.41700     715.99196    -715.81364
       0.44700     716.00343    -715.96889
       0.47700     716.02058    -716.00239
       0.50700     716.10111    -716.01801
       0.53700     716.34256    -716.09900
       0.56700     716.85061    -716.42235
       0.59600     717.73391    -717.21449
       0.62600     719.04767    -718.47737
       0.65600     720.57033    -719.88066
       0.68600     721.86275    -721.07551
       0.71600     722.72726    -721.97448
       0.74600     723.34900    -722.70663
       0.77500     724.00133    -723.46684
       0.80500     724.80824    -724.37014
       0.83500     725.70020    -725.36878
       0.86500     726.53993    -726.30251
       0.89500     727.39563    -727.10853
       0.92500     728.61823    -728.03450
       0.95400     730.36380    -729.35632
       0.98400     732.28081    -730.86719
       1.01400     734.04667    -732.24452
       1.04400     735.79403    -733.73196
       1.07400     737.82204    -735.73341
       1.10400     740.12117    -738.09744
       1.13400     742.33286    -740.40015
       1.16300     744.20257    -742.56171
       1.19300     745.75402    -744.65821
       1.22300     747.08584    -746.53478
       1.25300     748.27218    -748.02923
       1.28300     749.38601    -749.23721
       1.31300     750.50759    -750.37357
       1.34200     751.65216    -751.52962
       1.37200     752.70108    -752.59839
       1.40200     753.52440    -753.43454
       1.43200     754.21672    -754.10896
       1.46200     755.06779    -754.90602
       1.49200     756.26339    -756.04223
       1.52100     757.69726    -757.44895
       1.55100     759.15247    -758.89834
       1.58100     760.61724    -760.34147
       1.61100     762.18182    -761.88546
       1.64100     763.71685    -763.44884
       1.67100     764.99958    -764.79558
       1.70000     766.09013    -765.91374
       1.73000     767.28289    -767.03070
       1.76000     768.78376    -768.26986
       1.79000     770.67704    -769.66569
       1.82000     773.01302    -771.43423
       1.85000     775.72769    -773.75902
       1.88000     778.57321    -776.44280
       1.90900     781.33383    -779.14687
       1.93900     784.07371    -781.78679
       1.96900     786.85447    -784.47773
       1.99900     789.50976    -787.20090
       2.02900     791.96406    -789.76218
       2.05900     794.29541    -792.11308
       2.08800     796.52232    -794.38102
       2.11800     798.64090    -796.61972
       2.14800     800.71174    -798.84364
       2.17800     802.79884    -801.13665
       2.20800     804.86431    -803.50202
       2.23800     806.84249    -805.79189
       2.26700     808.84112    -807.93808
       2.29700     811.03057    -810.05279
       2.32700     813.39505    -812.23926
       2.35700     815.85323    -814.51496
       2.38700     818.41884    -816.86109
       2.41700     821.11127    -819.31255
       2.44700     823.88428    -822.00200
       2.47600     826.63356    -824.89646
       2.50600     829.28019    -827.74153
       2.53600     831.84564    -830.42054
       2.56600     834.39917    -833.03792
       2.59600     837.00461    -835.70141
       2.62600     839.69272    -838.41234
       2.65500     842.44260    -841.14014
       2.68500     845.16099    -843.85600
       2.71500     847.71765    -846.46547
       2.74500     850.09197    -848.89694
       2.77500     852.38215    -851.21144
       2.80500     854.66725    -853.50265
       2.83400     856.97502    -855.81252
       2.86400     859.27922    -858.11836
       2.89400     861.52165    -860.35362
       2.92400     863.70409    -862.51876
       2.95400     865.85192    -864.67256
       2.98400     867.94380    -866.80577
       3.01400     870.02419    -868.91212
       3.04300     872.23006    -871.10217
       3.07300     874.60543    -873.45113
       3.10300     877.10777    -875.91752
       3.13300     879.74172    -878.50789
       3.16300     882.49682    -881.26687
       3.19300     885.30414    -884.13477
       3.22200     888.10191    -886.98208
       3.25200     890.82449    -889.68601
       3.28200     893.42352    -892.20685
       3.31200     895.91154    -894.62982
       3.34200     898.29243    -897.03831
       3.37200     900.55351    -899.43502
       3.40100     902.74610    -901.80487
       3.43100     904.94421    -904.12801
       3.46100     907.15336    -906.36969
       3.49100     909.36117    -908.54751
       3.52100     911.58062    -910.74398
       3.55100     913.80977    -912.99253
       3.58000     916.05369    -915.24570
       3.61000     918.33207    -917.49424
       3.64000     920.64149    -919.79814
       3.67000     922.95837    -922.17321
       3.70000     925.23840    -924.53739
       3.73000     927.44114    -926.79713
       3.76000     929.59493    -928.94824
       3.78900     931.75679    -931.05593
       3.81900     933.91447    -933.16064
       3.84900     936.01649    -935.24118
       3.87900     938.05629    -937.27964
       3.90900     940.07625    -939.30706
       3.93900     942.11710    -941.33507
       3.96800     944.18033    -943.34160
       3.99800     946.24371    -945.35768
       4.02800     948.29500    -947.43166
       4.05800     950.33913    -949.52682
       4.08800     952.38550    -951.59452
       4.11800     954.45350    -953.67192
       4.14700     956.58388    -955.83244
       4.17700     958.80094    -958.11112
       4.20700     961.09603    -960.46500
       4.23700     963.44753    -962.79636
       4.26700     965.80067    -965.05191
       4.29700     968.07055    -967.24659
       4.32700     970.22643    -969.40069
       4.35600     972.32010    -971.51614
       4.38600     974.36573    -973.57370
       4.41600     976.29571    -975.53786
       4.44600     978.07963    -977.39205
       4.47600     979.77223    -979.17387
       4.50600     981.45214    -980.95286
       4.53500     983.16653    -982.75931
       4.56500     984.89792    -984.56859
       4.59500     986.57844    -986.33520
       4.62500     988.16286    -988.01914
       4.65500     989.66433    -989.61595
       4.68500     991.10626    -991.14606
       4.71400     992.50119    -992.61411
       4.74400     993.88344    -994.01934
       4.77400     995.29031    -995.38532
       4.80400     996.71255    -996.73072
       4.83400     998.10122    -998.02897
       4.86400     999.41215    -999.24590
       4.89400    1000.61162   -1000.39941
       4.92300    1001.67904   -1001.53144
       4.95300    1002.64814   -1002.63796
       4.98300    1003.57531   -1003.67345
       5.01300    1004.47711   -1004.62256
       5.04300    1005.34893   -1005.51899
       5.07300    1006.18881   -1006.37603
       5.10200    1006.99886   -1007.17488
       5.13200    1007.79443   -1007.92032
       5.16200    1008.58537   -1008.63756
       5.19200    1009.35319   -1009.34942
       5.22200    1010.07788   -1010.06711
       5.25200    1010.75454   -1010.76703
       5.28100    1011.38449   -1011.40877
       5.31100    1011.97415   -1011.98799
       5.34100    1012.52472   -1012.52529
       5.37100    1013.03352   -1013.01662
       5.40100    1013.50068   -1013.44082
       5.43100    1013.91951   -1013.80339
       5.46000    1014.28387   -1014.14686
       5.49000    1014.60556   -1014.50779
       5.52000    1014.90245   -1014.87350
       5.55000    1015.17896   -1015.20250
       5.58000    1015.42132   -1015.47127
       5.61000    1015.60793   -1015.67962
       5.64000    1015.73425   -1015.82959
       5.66900    1015.81986   -1015.92036
       5.69900    1015.88254   -1015.96345
       5.72900    1015.92546   -1015.98289
       5.75900    1015.95201   -1015.99498
       5.78900    1015.97030   -1016.00244
       5.81900    1015.98525   -1016.00539
       5.84800    1015.99651   -1016.00605
       5.87800    1016.00252   -1016.00613
       5.90800    1016.00446   -1016.00613
       5.93800    1016.00481   -1016.00614
       5.96800    1016.00485   -1016.00614
       5.99800    1016.00485   -1016.00614
       6.02700    1016.00485   -1016.00614
       6.05700    1016.00485   -1016.00614
       6.08700    1016.00485   -1016.00614
       6.11700    1016.00485   -1016.00614
       6.14700    1016.00485   -1016.00614
       6.17700    1016.00485   -1016.00614
       6.20700    1016.00485   -1016.00614
       6.23600    1016.00485   -1016.00614
       6.26600    1016.00485   -1016.00614
       6.29600    1016.00485   -1016.00614
       6.32600    1016.00485   -1016.00614
       6.35600    1016.00485   -1016.00614
       6.38600    1016.00485   -1016.00614
       6.41500    1016.00485   -1016.00614
       6.44500    1016.00485   -1016.00614
       6.47500    1016.00485   -1016.00614
       6.50500    1016.00485   -1016.00614
       6.53500    1016.00485   -1016.00614
       6.56500    1016.00485   -1016.00614
       6.59400    1016.00485   -1016.00614
       6.62400    1016.00485   -1016.00614
       6.65400    1016.00485   -1016.00614
       6.68400    1016.00485   -1016.00614
       6.71400    1016.00485   -1016.00614
       6.74400    1016.00485   -1016.00614
       6.77400    1016.00485   -1016.00614
       6.80300    1016.00485   -1016.00614
       6.83300    1016.00485   -1016.00614
       6.86300    1016.00485   -1016.00614
       6.89300    1016.00485   -1016.00614
       6.92300    1016.00485   -1016.00614
       6.95300    1016.00485   -1016.00614
       6.98200    1016.00485   -1016.00614
       7.01200    1016.00485   -1016.00614
       7.04200    1016.00485   -1016.00614
       7.07200    1016.00485   -1016.00614
       7.10200    1016.00485   -1016.00614
       7.13200    1016.00485   -1016.00614
       7.16100    1016.00485   -1016.00614
