      #Energy        TDOS-UP        TDOS-DOWN
     -22.62100       0.00000       0.00000
     -22.59200       0.00000       0.00000
     -22.56200       0.00000       0.00000
     -22.53200       0.00000       0.00000
     -22.50200       0.00000       0.00000
     -22.47200       0.00000       0.00000
     -22.44300       0.00000       0.00000
     -22.41300       0.00000       0.00000
     -22.38300       0.00000       0.00000
     -22.35300       0.00000       0.00000
     -22.32300       0.00000       0.00000
     -22.29300       0.00000       0.00000
     -22.26400       0.00000       0.00000
     -22.23400       0.00000       0.00000
     -22.20400       0.00000       0.00000
     -22.17400       0.00000       0.00000
     -22.14400       0.00000       0.00000
     -22.11500       0.00000       0.00000
     -22.08500       0.00000       0.00000
     -22.05500       0.00000       0.00000
     -22.02500       0.00000       0.00000
     -21.99500       0.00000       0.00000
     -21.96600       0.00000       0.00000
     -21.93600       0.00000       0.00000
     -21.90600       0.00000       0.00000
     -21.87600       0.00000       0.00000
     -21.84600       0.00000       0.00000
     -21.81700       0.00000       0.00000
     -21.78700       0.00000       0.00000
     -21.75700       0.00000       0.00000
     -21.72700       0.00000       0.00000
     -21.69700       0.00000       0.00000
     -21.66800       0.00000       0.00000
     -21.63800       0.00000       0.00000
     -21.60800       0.00000       0.00000
     -21.57800       0.00000       0.00000
     -21.54800       0.00000      -0.00000
     -21.51800       0.00000      -0.00000
     -21.48900       0.00000      -0.00000
     -21.45900       0.00000      -0.00000
     -21.42900       0.00000      -0.00000
     -21.39900       0.00004      -0.00004
     -21.36900       0.00094      -0.00094
     -21.34000       0.01201      -0.01201
     -21.31000       0.08665      -0.08665
     -21.28000       0.38016      -0.38016
     -21.25000       1.11565      -1.11565
     -21.22000       2.42688      -2.42688
     -21.19100       4.24124      -4.24124
     -21.16100       6.25368      -6.25368
     -21.13100       8.04003      -8.04003
     -21.10100       9.31399      -9.31399
     -21.07100      10.11581     -10.11581
     -21.04200      10.73252     -10.73252
     -21.01200      11.42003     -11.42003
     -20.98200      12.25850     -12.25850
     -20.95200      13.20325     -13.20325
     -20.92200      14.18435     -14.18435
     -20.89300      15.16069     -15.16069
     -20.86300      16.07160     -16.07160
     -20.83300      16.87043     -16.87043
     -20.80300      17.61770     -17.61770
     -20.77300      18.40864     -18.40864
     -20.74300      19.29466     -19.29466
     -20.71400      20.23269     -20.23269
     -20.68400      21.04390     -21.04390
     -20.65400      21.61471     -21.61471
     -20.62400      22.05362     -22.05362
     -20.59400      22.52994     -22.52994
     -20.56500      23.08570     -23.08570
     -20.53500      23.60747     -23.60747
     -20.50500      24.02865     -24.02865
     -20.47500      24.51540     -24.51540
     -20.44500      25.27742     -25.27742
     -20.41600      26.39236     -26.39236
     -20.38600      27.88452     -27.88452
     -20.35600      29.58249     -29.58249
     -20.32600      31.03678     -31.03678
     -20.29600      31.98451     -31.98451
     -20.26700      32.64652     -32.64652
     -20.23700      33.38202     -33.38202
     -20.20700      34.28458     -34.28458
     -20.17700      35.22530     -35.22530
     -20.14700      36.14992     -36.14992
     -20.11800      37.11121     -37.11121
     -20.08800      38.04283     -38.04283
     -20.05800      38.77102     -38.77102
     -20.02800      39.25733     -39.25733
     -19.99800      39.59585     -39.59585
     -19.96900      39.82938     -39.82938
     -19.93900      39.95142     -39.95142
     -19.90900      39.99582     -39.99582
     -19.87900      40.02975     -40.02975
     -19.84900      40.12454     -40.12454
     -19.81900      40.33616     -40.33616
     -19.79000      40.67568     -40.67568
     -19.76000      41.10833     -41.10833
     -19.73000      41.53815     -41.53815
     -19.70000      41.83495     -41.83495
     -19.67000      41.96344     -41.96344
     -19.64100      42.00254     -42.00254
     -19.61100      42.05219     -42.05219
     -19.58100      42.20990     -42.20990
     -19.55100      42.53000     -42.53000
     -19.52100      42.94447     -42.94447
     -19.49200      43.34061     -43.34061
     -19.46200      43.69114     -43.69114
     -19.43200      44.04808     -44.04808
     -19.40200      44.47626     -44.47626
     -19.37200      44.95333     -44.95333
     -19.34300      45.37301     -45.37301
     -19.31300      45.68919     -45.68919
     -19.28300      45.96023     -45.96023
     -19.25300      46.31376     -46.31376
     -19.22300      46.84701     -46.84701
     -19.19400      47.46432     -47.46432
     -19.16400      47.97567     -47.97567
     -19.13400      48.34736     -48.34736
     -19.10400      48.69104     -48.69104
     -19.07400      49.11043     -49.11043
     -19.04400      49.61641     -49.61641
     -19.01500      50.17008     -50.17008
     -18.98500      50.78992     -50.78992
     -18.95500      51.49680     -51.49680
     -18.92500      52.21784     -52.21784
     -18.89500      52.88373     -52.88373
     -18.86600      53.53234     -53.53234
     -18.83600      54.26142     -54.26142
     -18.80600      55.11465     -55.11465
     -18.77600      55.98443     -55.98443
     -18.74600      56.74765     -56.74765
     -18.71700      57.49149     -57.49149
     -18.68700      58.35560     -58.35560
     -18.65700      59.28991     -59.28991
     -18.62700      60.21900     -60.21900
     -18.59700      61.16210     -61.16210
     -18.56800      62.12205     -62.12205
     -18.53800      63.10345     -63.10345
     -18.50800      64.09797     -64.09797
     -18.47800      64.99517     -64.99517
     -18.44800      65.66732     -65.66732
     -18.41900      66.17539     -66.17539
     -18.38900      66.73800     -66.73800
     -18.35900      67.41954     -67.41954
     -18.32900      68.08409     -68.08409
     -18.29900      68.69023     -68.69023
     -18.26900      69.37862     -69.37862
     -18.24000      70.30936     -70.30936
     -18.21000      71.56588     -71.56588
     -18.18000      73.10051     -73.10051
     -18.15000      74.67552     -74.67552
     -18.12000      75.95306     -75.95306
     -18.09100      76.74773     -76.74773
     -18.06100      77.16337     -77.16337
     -18.03100      77.43921     -77.43921
     -18.00100      77.76886     -77.76886
     -17.97100      78.27767     -78.27767
     -17.94200      78.97546     -78.97546
     -17.91200      79.72929     -79.72929
     -17.88200      80.50770     -80.50770
     -17.85200      81.47376     -81.47376
     -17.82200      82.66694     -82.66694
     -17.79300      83.98845     -83.98845
     -17.76300      85.44870     -85.44870
     -17.73300      87.01850     -87.01850
     -17.70300      88.47280     -88.47280
     -17.67300      89.64825     -89.64825
     -17.64400      90.63204     -90.63204
     -17.61400      91.64549     -91.64549
     -17.58400      92.86043     -92.86043
     -17.55400      94.26391     -94.26391
     -17.52400      95.65680     -95.65680
     -17.49400      96.83553     -96.83553
     -17.46500      97.81857     -97.81857
     -17.43500      98.77255     -98.77255
     -17.40500      99.73428     -99.73428
     -17.37500     100.64505    -100.64505
     -17.34500     101.50588    -101.50588
     -17.31600     102.31902    -102.31902
     -17.28600     103.03305    -103.03305
     -17.25600     103.64738    -103.64738
     -17.22600     104.30702    -104.30702
     -17.19600     105.19691    -105.19691
     -17.16700     106.33495    -106.33495
     -17.13700     107.54960    -107.54960
     -17.10700     108.68764    -108.68764
     -17.07700     109.69483    -109.69483
     -17.04700     110.56162    -110.56162
     -17.01800     111.36597    -111.36597
     -16.98800     112.20073    -112.20073
     -16.95800     113.03056    -113.03056
     -16.92800     113.77813    -113.77813
     -16.89800     114.47070    -114.47070
     -16.86900     115.23496    -115.23496
     -16.83900     116.17955    -116.17955
     -16.80900     117.29524    -117.29524
     -16.77900     118.44609    -118.44609
     -16.74900     119.42496    -119.42496
     -16.72000     120.18579    -120.18579
     -16.69000     120.94528    -120.94528
     -16.66000     121.84785    -121.84785
     -16.63000     122.78558    -122.78558
     -16.60000     123.65402    -123.65402
     -16.57000     124.50725    -124.50725
     -16.54100     125.38195    -125.38195
     -16.51100     126.23280    -126.23280
     -16.48100     127.01166    -127.01166
     -16.45100     127.61287    -127.61287
     -16.42100     128.00767    -128.00767
     -16.39200     128.43093    -128.43093
     -16.36200     129.11754    -129.11754
     -16.33200     129.95215    -129.95215
     -16.30200     130.62445    -130.62445
     -16.27200     131.02199    -131.02199
     -16.24300     131.25729    -131.25729
     -16.21300     131.44798    -131.44798
     -16.18300     131.62423    -131.62423
     -16.15300     131.77265    -131.77265
     -16.12300     131.88397    -131.88397
     -16.09400     131.95500    -131.95500
     -16.06400     131.98868    -131.98868
     -16.03400     132.00492    -132.00492
     -16.00400     132.04892    -132.04892
     -15.97400     132.20711    -132.20711
     -15.94500     132.57080    -132.57080
     -15.91500     133.13416    -133.13416
     -15.88500     133.76742    -133.76742
     -15.85500     134.32705    -134.32705
     -15.82500     134.81156    -134.81156
     -15.79500     135.39087    -135.39087
     -15.76600     136.18508    -136.18508
     -15.73600     137.02639    -137.02639
     -15.70600     137.66174    -137.66174
     -15.67600     138.14879    -138.14879
     -15.64600     138.76937    -138.76937
     -15.61700     139.64109    -139.64109
     -15.58700     140.62652    -140.62652
     -15.55700     141.56217    -141.56217
     -15.52700     142.48768    -142.48768
     -15.49700     143.57848    -143.57848
     -15.46800     144.82040    -144.82040
     -15.43800     145.98705    -145.98705
     -15.40800     146.95624    -146.95624
     -15.37800     147.75015    -147.75015
     -15.34800     148.35554    -148.35554
     -15.31900     148.78849    -148.78849
     -15.28900     149.19223    -149.19223
     -15.25900     149.72489    -149.72489
     -15.22900     150.45427    -150.45427
     -15.19900     151.36965    -151.36965
     -15.17000     152.39890    -152.39890
     -15.14000     153.39550    -153.39550
     -15.11000     154.28286    -154.28286
     -15.08000     155.17052    -155.17052
     -15.05000     156.15685    -156.15685
     -15.02000     157.19697    -157.19697
     -14.99100     158.21042    -158.21042
     -14.96100     159.14652    -159.14652
     -14.93100     159.99438    -159.99438
     -14.90100     160.79605    -160.79605
     -14.87100     161.63393    -161.63393
     -14.84200     162.59492    -162.59492
     -14.81200     163.69436    -163.69436
     -14.78200     164.88143    -164.88143
     -14.75200     166.12395    -166.12395
     -14.72200     167.41729    -167.41729
     -14.69300     168.73313    -168.73313
     -14.66300     169.89919    -169.89919
     -14.63300     170.67686    -170.67686
     -14.60300     171.07714    -171.07714
     -14.57300     171.36207    -171.36207
     -14.54400     171.76387    -171.76387
     -14.51400     172.31516    -172.31516
     -14.48400     172.90504    -172.90504
     -14.45400     173.44977    -173.44977
     -14.42400     173.92997    -173.92997
     -14.39500     174.37260    -174.37260
     -14.36500     174.84535    -174.84535
     -14.33500     175.36235    -175.36235
     -14.30500     175.85596    -175.85596
     -14.27500     176.27192    -176.27192
     -14.24600     176.63363    -176.63363
     -14.21600     177.00518    -177.00518
     -14.18600     177.41369    -177.41369
     -14.15600     177.87406    -177.87406
     -14.12600     178.43399    -178.43399
     -14.09600     179.04623    -179.04623
     -14.06700     179.56130    -179.56130
     -14.03700     180.00051    -180.00051
     -14.00700     180.60158    -180.60158
     -13.97700     181.49326    -181.49326
     -13.94700     182.49374    -182.49374
     -13.91800     183.32775    -183.32775
     -13.88800     183.97293    -183.97293
     -13.85800     184.66908    -184.66908
     -13.82800     185.57760    -185.57760
     -13.79800     186.56139    -186.56139
     -13.76900     187.37185    -187.37185
     -13.73900     187.95533    -187.95533
     -13.70900     188.50155    -188.50155
     -13.67900     189.23704    -189.23704
     -13.64900     190.22396    -190.22396
     -13.62000     191.36543    -191.36543
     -13.59000     192.53044    -192.53044
     -13.56000     193.64926    -193.64926
     -13.53000     194.73410    -194.73410
     -13.50000     195.80939    -195.80939
     -13.47100     196.89781    -196.89781
     -13.44100     198.04822    -198.04822
     -13.41100     199.24706    -199.24706
     -13.38100     200.43503    -200.43503
     -13.35100     201.62539    -201.62539
     -13.32100     202.78578    -202.78578
     -13.29200     203.79863    -203.79863
     -13.26200     204.67169    -204.67169
     -13.23200     205.51017    -205.51017
     -13.20200     206.36251    -206.36251
     -13.17200     207.22274    -207.22274
     -13.14300     208.05347    -208.05347
     -13.11300     208.80596    -208.80596
     -13.08300     209.42386    -209.42386
     -13.05300     209.91643    -209.91643
     -13.02300     210.43805    -210.43805
     -12.99400     211.09888    -211.09888
     -12.96400     211.80457    -211.80457
     -12.93400     212.48864    -212.48864
     -12.90400     213.27511    -213.27511
     -12.87400     214.22745    -214.22745
     -12.84500     215.13657    -215.13657
     -12.81500     215.75656    -215.75656
     -12.78500     216.15986    -216.15986
     -12.75500     216.63022    -216.63022
     -12.72500     217.28434    -217.28434
     -12.69600     218.06275    -218.06275
     -12.66600     218.99721    -218.99721
     -12.63600     220.18384    -220.18384
     -12.60600     221.61414    -221.61414
     -12.57600     223.15875    -223.15875
     -12.54600     224.58428    -224.58428
     -12.51700     225.71025    -225.71025
     -12.48700     226.55976    -226.55976
     -12.45700     227.26545    -227.26545
     -12.42700     227.96443    -227.96443
     -12.39700     228.78785    -228.78785
     -12.36800     229.78401    -229.78401
     -12.33800     230.83636    -230.83636
     -12.30800     231.83550    -231.83550
     -12.27800     232.84105    -232.84105
     -12.24800     233.91396    -233.91396
     -12.21900     235.02279    -235.02279
     -12.18900     236.13773    -236.13773
     -12.15900     237.28367    -237.28367
     -12.12900     238.52350    -238.52350
     -12.09900     239.81461    -239.81461
     -12.07000     241.01167    -241.01167
     -12.04000     242.04941    -242.04941
     -12.01000     242.96777    -242.96777
     -11.98000     243.87435    -243.87435
     -11.95000     244.85934    -244.85934
     -11.92100     245.84536    -245.84536
     -11.89100     246.69144    -246.69144
     -11.86100     247.37298    -247.37298
     -11.83100     247.92665    -247.92665
     -11.80100     248.43457    -248.43457
     -11.77200     249.05858    -249.05858
     -11.74200     249.89632    -249.89632
     -11.71200     250.80961    -250.80961
     -11.68200     251.53020    -251.53020
     -11.65200     251.99698    -251.99698
     -11.62200     252.43664    -252.43664
     -11.59300     253.05559    -253.05559
     -11.56300     253.81866    -253.81866
     -11.53300     254.59528    -254.59528
     -11.50300     255.37102    -255.37102
     -11.47300     256.17239    -256.17239
     -11.44400     256.93277    -256.93277
     -11.41400     257.63861    -257.63861
     -11.38400     258.40108    -258.40108
     -11.35400     259.30781    -259.30781
     -11.32400     260.48207    -260.48207
     -11.29500     262.05604    -262.05604
     -11.26500     263.84358    -263.84358
     -11.23500     265.44140    -265.44140
     -11.20500     266.69286    -266.69286
     -11.17500     267.75609    -267.75609
     -11.14600     268.85091    -268.85091
     -11.11600     270.01771    -270.01771
     -11.08600     271.10091    -271.10091
     -11.05600     272.04908    -272.04908
     -11.02600     273.06238    -273.06238
     -10.99700     274.33902    -274.33902
     -10.96700     275.81344    -275.81344
     -10.93700     277.20722    -277.20722
     -10.90700     278.35242    -278.35242
     -10.87700     279.34113    -279.34113
     -10.84700     280.37305    -280.37305
     -10.81800     281.65462    -281.65462
     -10.78800     283.28239    -283.28239
     -10.75800     285.13432    -285.13432
     -10.72800     287.01203    -287.01203
     -10.69800     288.81447    -288.81447
     -10.66900     290.50678    -290.50678
     -10.63900     292.06540    -292.06540
     -10.60900     293.55740    -293.55740
     -10.57900     295.06789    -295.06789
     -10.54900     296.54201    -296.54201
     -10.52000     297.90062    -297.90062
     -10.49000     299.14373    -299.14373
     -10.46000     300.28267    -300.28267
     -10.43000     301.34992    -301.34992
     -10.40000     302.42939    -302.42939
     -10.37100     303.59709    -303.59709
     -10.34100     304.84765    -304.84765
     -10.31100     306.07362    -306.07362
     -10.28100     307.23641    -307.23641
     -10.25100     308.47982    -308.47982
     -10.22200     309.88120    -309.88120
     -10.19200     311.33505    -311.33505
     -10.16200     312.82363    -312.82363
     -10.13200     314.41698    -314.41698
     -10.10200     315.94624    -315.94624
     -10.07200     317.13078    -317.13078
     -10.04300     317.98446    -317.98446
     -10.01300     318.79537    -318.79537
      -9.98300     319.74711    -319.74711
      -9.95300     320.75653    -320.75653
      -9.92300     321.75836    -321.75836
      -9.89400     322.90132    -322.90132
      -9.86400     324.30792    -324.30792
      -9.83400     325.79039    -325.79039
      -9.80400     326.96479    -326.96479
      -9.77400     327.63560    -327.63560
      -9.74500     327.92459    -327.92459
      -9.71500     328.10589    -328.10589
      -9.68500     328.49241    -328.49241
      -9.65500     329.32553    -329.32553
      -9.62500     330.58980    -330.58980
      -9.59600     331.99671    -331.99671
      -9.56600     333.21225    -333.21225
      -9.53600     334.15177    -334.15177
      -9.50600     334.97818    -334.97818
      -9.47600     335.80145    -335.80145
      -9.44700     336.67168    -336.67168
      -9.41700     337.71314    -337.71314
      -9.38700     338.96490    -338.96490
      -9.35700     340.27135    -340.27135
      -9.32700     341.49092    -341.49092
      -9.29800     342.77203    -342.77203
      -9.26800     344.47924    -344.47924
      -9.23800     346.82493    -346.82493
      -9.20800     349.61727    -349.61727
      -9.17800     352.45448    -352.45448
      -9.14800     355.23743    -355.23743
      -9.11900     358.09625    -358.09625
      -9.08900     360.89500    -360.89500
      -9.05900     363.30358    -363.30358
      -9.02900     365.14894    -365.14894
      -8.99900     366.61919    -366.61919
      -8.97000     368.13757    -368.13757
      -8.94000     369.88547    -369.88547
      -8.91000     371.77435    -371.77435
      -8.88000     373.85743    -373.85743
      -8.85000     376.30044    -376.30044
      -8.82100     379.14107    -379.14107
      -8.79100     382.27829    -382.27829
      -8.76100     385.42444    -385.42444
      -8.73100     388.25569    -388.25569
      -8.70100     390.81687    -390.81687
      -8.67200     393.42710    -393.42710
      -8.64200     396.19992    -396.19992
      -8.61200     399.04055    -399.04055
      -8.58200     401.92187    -401.92187
      -8.55200     404.83866    -404.83866
      -8.52300     407.62191    -407.62191
      -8.49300     410.04688    -410.04688
      -8.46300     412.18928    -412.18928
      -8.43300     414.37907    -414.37907
      -8.40300     416.77081    -416.77081
      -8.37300     419.27626    -419.27626
      -8.34400     421.69750    -421.69750
      -8.31400     423.67745    -423.67745
      -8.28400     424.95231    -424.95231
      -8.25400     425.76575    -425.76575
      -8.22400     426.69022    -426.69022
      -8.19500     428.12901    -428.12901
      -8.16500     430.19332    -430.19332
      -8.13500     432.96256    -432.96256
      -8.10500     436.45746    -436.45746
      -8.07500     440.30111    -440.30111
      -8.04600     443.95995    -443.95995
      -8.01600     447.24620    -447.24620
      -7.98600     450.22201    -450.22201
      -7.95600     453.09647    -453.09647
      -7.92600     456.08316    -456.08316
      -7.89700     458.97313    -458.97313
      -7.86700     461.47873    -461.47873
      -7.83700     463.66106    -463.66106
      -7.80700     465.62134    -465.62134
      -7.77700     467.47967    -467.47967
      -7.74800     469.46707    -469.46707
      -7.71800     471.60112    -471.60112
      -7.68800     473.55737    -473.55737
      -7.65800     474.96189    -474.96189
      -7.62800     475.74225    -475.74225
      -7.59800     476.22811    -476.22811
      -7.56900     476.90264    -476.90264
      -7.53900     478.03636    -478.03636
      -7.50900     479.57516    -479.57516
      -7.47900     481.30816    -481.30816
      -7.44900     483.09957    -483.09957
      -7.42000     484.96178    -484.96178
      -7.39000     486.80253    -486.80253
      -7.36000     488.36816    -488.36816
      -7.33000     489.65777    -489.65777
      -7.30000     490.96139    -490.96139
      -7.27100     492.40347    -492.40347
      -7.24100     493.85433    -493.85433
      -7.21100     495.24171    -495.24171
      -7.18100     496.62552    -496.62552
      -7.15100     497.96297    -497.96297
      -7.12200     499.06047    -499.06047
      -7.09200     499.84306    -499.84306
      -7.06200     500.49092    -500.49092
      -7.03200     501.31807    -501.31807
      -7.00200     502.59576    -502.59576
      -6.97300     504.37451    -504.37451
      -6.94300     506.39351    -506.39351
      -6.91300     508.26719    -508.26719
      -6.88300     509.88409    -509.88409
      -6.85300     511.46313    -511.46313
      -6.82300     513.13844    -513.13844
      -6.79400     514.88008    -514.88008
      -6.76400     516.76241    -516.76241
      -6.73400     518.83595    -518.83595
      -6.70400     520.96106    -520.96106
      -6.67400     523.06501    -523.06501
      -6.64500     525.27328    -525.27328
      -6.61500     527.69110    -527.69110
      -6.58500     530.31339    -530.31339
      -6.55500     533.16475    -533.16475
      -6.52500     536.27067    -536.27067
      -6.49600     539.48240    -539.48240
      -6.46600     542.55613    -542.55613
      -6.43600     545.36502    -545.36502
      -6.40600     548.08776    -548.08776
      -6.37600     551.14986    -551.14986
      -6.34700     554.62092    -554.62092
      -6.31700     557.93101    -557.93101
      -6.28700     560.45554    -560.45554
      -6.25700     562.09375    -562.09375
      -6.22700     563.14460    -563.14460
      -6.19800     563.93181    -563.93181
      -6.16800     564.85554    -564.85554
      -6.13800     566.27004    -566.27004
      -6.10800     567.94506    -567.94506
      -6.07800     569.26880    -569.26880
      -6.04900     570.08836    -570.08836
      -6.01900     570.78301    -570.78301
      -5.98900     571.63386    -571.63386
      -5.95900     572.62957    -572.62957
      -5.92900     573.69548    -573.69548
      -5.89900     574.76169    -574.76169
      -5.87000     575.79525    -575.79525
      -5.84000     576.92033    -576.92033
      -5.81000     578.34065    -578.34065
      -5.78000     580.08646    -580.08646
      -5.75000     581.99725    -581.99725
      -5.72100     583.89821    -583.89821
      -5.69100     585.63434    -585.63434
      -5.66100     587.15764    -587.15764
      -5.63100     588.59300    -588.59300
      -5.60100     589.99350    -589.99350
      -5.57200     591.28028    -591.28028
      -5.54200     592.43486    -592.43486
      -5.51200     593.49898    -593.49898
      -5.48200     594.52301    -594.52301
      -5.45200     595.55643    -595.55643
      -5.42300     596.61965    -596.61965
      -5.39300     597.71045    -597.71045
      -5.36300     598.77025    -598.77025
      -5.33300     599.69010    -599.69010
      -5.30300     600.41844    -600.41844
      -5.27400     601.02517    -601.02517
      -5.24400     601.65097    -601.65097
      -5.21400     602.42432    -602.42432
      -5.18400     603.49783    -603.49783
      -5.15400     605.01189    -605.01189
      -5.12400     606.77812    -606.77812
      -5.09500     608.26863    -608.26863
      -5.06500     609.19564    -609.19564
      -5.03500     609.78254    -609.78254
      -5.00500     610.40745    -610.40745
      -4.97500     611.27186    -611.27186
      -4.94600     612.35044    -612.35044
      -4.91600     613.50070    -613.50070
      -4.88600     614.61221    -614.61221
      -4.85600     615.63267    -615.63267
      -4.82600     616.50349    -616.50349
      -4.79700     617.16446    -617.16446
      -4.76700     617.63527    -617.63527
      -4.73700     618.06091    -618.06091
      -4.70700     618.59923    -618.59923
      -4.67700     619.23517    -619.23517
      -4.64800     619.80896    -619.80896
      -4.61800     620.24430    -620.24430
      -4.58800     620.63522    -620.63522
      -4.55800     621.11720    -621.11720
      -4.52800     621.71901    -621.71901
      -4.49900     622.35719    -622.35719
      -4.46900     622.99700    -622.99700
      -4.43900     623.75440    -623.75440
      -4.40900     624.73670    -624.73670
      -4.37900     625.83554    -625.83554
      -4.34900     626.83439    -626.83439
      -4.32000     627.65841    -627.65841
      -4.29000     628.36275    -628.36275
      -4.26000     628.99690    -628.99690
      -4.23000     629.53627    -629.53627
      -4.20000     629.92644    -629.92644
      -4.17100     630.24046    -630.24046
      -4.14100     630.69368    -630.69368
      -4.11100     631.45332    -631.45332
      -4.08100     632.43338    -632.43338
      -4.05100     633.36516    -633.36516
      -4.02200     634.11228    -634.11228
      -3.99200     634.72079    -634.72079
      -3.96200     635.23437    -635.23437
      -3.93200     635.63617    -635.63617
      -3.90200     635.90930    -635.90930
      -3.87300     636.13311    -636.13311
      -3.84300     636.46085    -636.46085
      -3.81300     636.96087    -636.96087
      -3.78300     637.56625    -637.56625
      -3.75300     638.16881    -638.16881
      -3.72400     638.74439    -638.74439
      -3.69400     639.37526    -639.37526
      -3.66400     640.10464    -640.10464
      -3.63400     640.85683    -640.85683
      -3.60400     641.53613    -641.53613
      -3.57500     642.15926    -642.15926
      -3.54500     642.87433    -642.87433
      -3.51500     643.80715    -643.80715
      -3.48500     644.91002    -644.91002
      -3.45500     646.06028    -646.06028
      -3.42500     647.19877    -647.19877
      -3.39600     648.23696    -648.23696
      -3.36600     649.02491    -649.02491
      -3.33600     649.52836    -649.52836
      -3.30600     649.91853    -649.91853
      -3.27600     650.43360    -650.43360
      -3.24700     651.12096    -651.12096
      -3.21700     651.77895    -651.77895
      -3.18700     652.26362    -652.26362
      -3.15700     652.66065    -652.66065
      -3.12700     653.10627    -653.10627
      -3.09800     653.67783    -653.67783
      -3.06800     654.40423    -654.40423
      -3.03800     655.25090    -655.25090
      -3.00800     656.15406    -656.15406
      -2.97800     657.03666    -657.03666
      -2.94900     657.76530    -657.76530
      -2.91900     658.27485    -658.27485
      -2.88900     658.69677    -658.69677
      -2.85900     659.16981    -659.16981
      -2.82900     659.65731    -659.65731
      -2.80000     660.06761    -660.06761
      -2.77000     660.44378    -660.44378
      -2.74000     660.97002    -660.97002
      -2.71000     661.77065    -661.77065
      -2.68000     662.74624    -662.74624
      -2.65000     663.70231    -663.70231
      -2.62100     664.55763    -664.55763
      -2.59100     665.33634    -665.33634
      -2.56100     666.05529    -666.05529
      -2.53100     666.73818    -666.73818
      -2.50100     667.47337    -667.47337
      -2.47200     668.32050    -668.32050
      -2.44200     669.22425    -669.22425
      -2.41200     670.11817    -670.11817
      -2.38200     670.97737    -670.97737
      -2.35200     671.72687    -671.72687
      -2.32300     672.30632    -672.30632
      -2.29300     672.73674    -672.73674
      -2.26300     673.04431    -673.04431
      -2.23300     673.27029    -673.27029
      -2.20300     673.47908    -673.47908
      -2.17400     673.69095    -673.69095
      -2.14400     673.86401    -673.86401
      -2.11400     673.95920    -673.95920
      -2.08400     673.99130    -673.99130
      -2.05400     673.99753    -673.99753
      -2.02500     673.99819    -673.99819
      -1.99500     673.99823    -673.99823
      -1.96500     673.99823    -673.99823
      -1.93500     673.99823    -673.99823
      -1.90500     673.99823    -673.99823
      -1.87500     673.99823    -673.99823
      -1.84600     673.99823    -673.99823
      -1.81600     673.99823    -673.99823
      -1.78600     673.99823    -673.99823
      -1.75600     673.99823    -673.99823
      -1.72600     673.99823    -673.99823
      -1.69700     673.99823    -673.99823
      -1.66700     673.99823    -673.99823
      -1.63700     673.99823    -673.99823
      -1.60700     673.99823    -673.99823
      -1.57700     673.99823    -673.99823
      -1.54800     673.99823    -673.99823
      -1.51800     673.99823    -673.99823
      -1.48800     673.99823    -673.99823
      -1.45800     673.99823    -673.99823
      -1.42800     673.99823    -673.99823
      -1.39900     673.99826    -673.99826
      -1.36900     673.99881    -673.99881
      -1.33900     674.00544    -674.00544
      -1.30900     674.04969    -674.04969
      -1.27900     674.22001    -674.22001
      -1.25000     674.60821    -674.60821
      -1.22000     675.14831    -675.14831
      -1.19000     675.62031    -675.62031
      -1.16000     675.89175    -675.89175
      -1.13000     676.02574    -676.02574
      -1.10100     676.15348    -676.15348
      -1.07100     676.36445    -676.36445
      -1.04100     676.71665    -676.71665
      -1.01100     677.23321    -677.23321
      -0.98100     677.87019    -677.87019
      -0.95100     678.59943    -678.59943
      -0.92200     679.44700    -679.44700
      -0.89200     680.40992    -680.40992
      -0.86200     681.48254    -681.48254
      -0.83200     682.67647    -682.67647
      -0.80200     683.94954    -683.94954
      -0.77300     685.21053    -685.21053
      -0.74300     686.36437    -686.36437
      -0.71300     687.38378    -687.38378
      -0.68300     688.29350    -688.29350
      -0.65300     689.08309    -689.08309
      -0.62400     689.77969    -689.77969
      -0.59400     690.45721    -690.45721
      -0.56400     691.10701    -691.10701
      -0.53400     691.70956    -691.70956
      -0.50400     692.35116    -692.35116
      -0.47500     693.07011    -693.07011
      -0.44500     693.78623    -693.78623
      -0.41500     694.50280    -694.50280
      -0.38500     695.32205    -695.32205
      -0.35500     696.26545    -696.26545
      -0.32600     697.21347    -697.21347
      -0.29600     698.00396    -698.00396
      -0.26600     698.64467    -698.64467
      -0.23600     699.32934    -699.32934
      -0.20600     700.15008    -700.15008
      -0.17600     701.00287    -701.00287
      -0.14700     701.80245    -701.80245
      -0.11700     702.55061    -702.55061
      -0.08700     703.29669    -703.29669
      -0.05700     704.15752    -704.15752
      -0.02700     705.18453    -705.18453
       0.00200     706.25655    -706.25655
       0.03200     707.21977    -707.21977
       0.06200     708.03992    -708.03992
       0.09200     708.77809    -708.77809
       0.12200     709.45681    -709.45681
       0.15100     710.06622    -710.06622
       0.18100     710.65640    -710.65640
       0.21100     711.24837    -711.24837
       0.24100     711.80711    -711.80711
       0.27100     712.36734    -712.36734
       0.30000     712.96214    -712.96214
       0.33000     713.49658    -713.49658
       0.36000     713.89272    -713.89272
       0.39000     714.26561    -714.26561
       0.42000     714.82211    -714.82211
       0.44900     715.60336    -715.60336
       0.47900     716.42291    -716.42291
       0.50900     717.12651    -717.12651
       0.53900     717.76767    -717.76767
       0.56900     718.43043    -718.43043
       0.59900     719.13016    -719.13016
       0.62800     719.98294    -719.98294
       0.65800     721.13887    -721.13887
       0.68800     722.47453    -722.47453
       0.71800     723.71034    -723.71034
       0.74800     724.83378    -724.83378
       0.77700     725.98344    -725.98344
       0.80700     727.01761    -727.01761
       0.83700     727.66651    -727.66651
       0.86700     727.93733    -727.93734
       0.89700     728.08143    -728.08147
       0.92600     728.39840    -728.39846
       0.95600     729.13389    -729.13395
       0.98600     730.39847    -730.39853
       1.01600     732.18705    -732.18711
       1.04600     734.34525    -734.34531
       1.07500     736.53101    -736.53107
       1.10500     738.50515    -738.50521
       1.13500     740.38554    -740.38575
       1.16500     742.41676    -742.41726
       1.19500     744.63457    -744.63537
       1.22400     746.79589    -746.79685
       1.25400     748.54930    -748.55011
       1.28400     749.78645    -749.78711
       1.31400     750.73939    -750.73990
       1.34400     751.64434    -751.64455
       1.37400     752.58700    -752.58706
       1.40300     753.57704    -753.57725
       1.43300     754.51031    -754.51067
       1.46300     755.32360    -755.32411
       1.49300     756.18637    -756.18703
       1.52300     757.28462    -757.28513
       1.55200     758.55993    -758.55998
       1.58200     759.85058    -759.85019
       1.61200     761.19459    -761.19405
       1.64200     762.74785    -762.74731
       1.67200     764.48680    -764.48627
       1.70100     766.30967    -766.30898
       1.73100     768.27352    -768.27179
       1.76100     770.43201    -770.42819
       1.79100     772.62866    -772.62290
       1.82100     774.69400    -774.68676
       1.85000     776.70242    -776.69368
       1.88000     778.82261    -778.81194
       1.91000     781.03356    -781.01842
       1.94000     783.26001    -783.23384
       1.97000     785.62388    -785.57207
       1.99900     788.25795    -788.16277
       2.02900     791.09232    -790.95825
       2.05900     793.92699    -793.78144
       2.08900     796.52171    -796.38228
       2.11900     798.72253    -798.59532
       2.14800     800.59324    -800.47839
       2.17800     802.32862    -802.21138
       2.20800     804.04939    -803.93186
       2.23800     805.77657    -805.68721
       2.26800     807.54817    -807.49293
       2.29800     809.43735    -809.39330
       2.32700     811.59704    -811.54970
       2.35700     814.25674    -814.20315
       2.38700     817.42570    -817.35005
       2.41700     820.78647    -820.67058
       2.44700     823.96243    -823.80600
       2.47600     826.76864    -826.56929
       2.50600     829.30583    -829.04389
       2.53600     831.73870    -831.42325
       2.56600     834.10629    -833.80277
       2.59600     836.51606    -836.28124
       2.62500     839.16682    -838.99609
       2.65500     842.07512    -841.92137
       2.68500     845.04601    -844.86066
       2.71500     847.90080    -847.67104
       2.74500     850.59672    -850.34043
       2.77400     853.16595    -852.89864
       2.80400     855.62520    -855.36385
       2.83400     857.97714    -857.74217
       2.86400     860.23504    -860.02362
       2.89400     862.38892    -862.16989
       2.92300     864.41536    -864.16638
       2.95300     866.33167    -866.07703
       2.98300     868.20864    -867.99200
       3.01300     870.15505    -869.98357
       3.04300     872.24529    -872.10495
       3.07300     874.45818    -874.36166
       3.10200     876.76779    -876.72895
       3.13200     879.21095    -879.19610
       3.16200     881.78734    -881.75297
       3.19200     884.44257    -884.39732
       3.22200     887.15756    -887.14481
       3.25100     889.87733    -889.92761
       3.28100     892.47220    -892.58687
       3.31100     894.89344    -895.05193
       3.34100     897.19725    -897.37660
       3.37100     899.42519    -899.61244
       3.40000     901.61796    -901.79523
       3.43000     903.85828    -903.98472
       3.46000     906.19397    -906.21773
       3.49000     908.58317    -908.47608
       3.52000     910.92811    -910.72429
       3.54900     913.16455    -912.95700
       3.57900     915.32379    -915.19940
       3.60900     917.47349    -917.45775
       3.63900     919.65702    -919.71595
       3.66900     921.90881    -921.97802
       3.69800     924.22469    -924.25068
       3.72800     926.53579    -926.51633
       3.75800     928.79504    -928.76216
       3.78800     931.01657    -930.98667
       3.81800     933.21098    -933.18466
       3.84800     935.37350    -935.34658
       3.87700     937.51336    -937.45545
       3.90700     939.64890    -939.52020
       3.93700     941.78117    -941.58718
       3.96700     943.88571    -943.66758
       3.99700     945.93645    -945.72875
       4.02600     947.94248    -947.77413
       4.05600     949.95536    -949.82800
       4.08600     952.01817    -951.86339
       4.11600     954.12540    -953.86107
       4.14600     956.24797    -955.88752
       4.17500     958.38739    -958.01203
       4.20500     960.57688    -960.21642
       4.23500     962.82271    -962.45704
       4.26500     965.06765    -964.71717
       4.29500     967.23732    -966.94989
       4.32400     969.33664    -969.09124
       4.35400     971.42330    -971.14660
       4.38400     973.49342    -973.16157
       4.41400     975.48693    -975.15150
       4.44400     977.36523    -977.11103
       4.47300     979.15009    -979.02749
       4.50300     980.89083    -980.88836
       4.53300     982.58299    -982.70005
       4.56300     984.19557    -984.47194
       4.59300     985.77893    -986.18884
       4.62200     987.41624    -987.82779
       4.65200     989.09931    -989.38760
       4.68200     990.74258    -990.88914
       4.71200     992.28198    -992.37146
       4.74200     993.72629    -993.85467
       4.77200     995.12038    -995.29660
       4.80100     996.48421    -996.64523
       4.83100     997.79170    -997.90771
       4.86100     999.00173    -999.12206
       4.89100    1000.11265   -1000.28872
       4.92100    1001.14994   -1001.37102
       4.95000    1002.12642   -1002.36300
       4.98000    1003.06118   -1003.31088
       5.01000    1003.97895   -1004.24772
       5.04000    1004.88777   -1005.15699
       5.07000    1005.78542   -1006.01991
       5.09900    1006.65787   -1006.84229
       5.12900    1007.48339   -1007.61922
       5.15900    1008.25137   -1008.32908
       5.18900    1008.96838   -1008.98484
       5.21900    1009.65991   -1009.63300
       5.24800    1010.35383   -1010.27967
       5.27800    1011.05161   -1010.88937
       5.30800    1011.72884   -1011.46197
       5.33800    1012.35106   -1012.03651
       5.36800    1012.90890   -1012.62252
       5.39700    1013.42651   -1013.18036
       5.42700    1013.90268   -1013.67680
       5.45700    1014.30359   -1014.11571
       5.48700    1014.62638   -1014.50842
       5.51700    1014.90553   -1014.86119
       5.54700    1015.16208   -1015.17819
       5.57600    1015.38590   -1015.44822
       5.60600    1015.56363   -1015.65323
       5.63600    1015.69615   -1015.79629
       5.66600    1015.78681   -1015.89458
       5.69600    1015.83868   -1015.95595
       5.72500    1015.86461   -1015.98524
       5.75500    1015.88469   -1015.99473
       5.78500    1015.91273   -1015.99668
       5.81500    1015.94757   -1015.99692
       5.84500    1015.97664   -1015.99693
       5.87400    1015.99154   -1015.99693
       5.90400    1015.99595   -1015.99693
       5.93400    1015.99667   -1015.99693
       5.96400    1015.99673   -1015.99693
       5.99400    1015.99673   -1015.99693
       6.02300    1015.99673   -1015.99693
       6.05300    1015.99673   -1015.99693
       6.08300    1015.99673   -1015.99693
       6.11300    1015.99673   -1015.99693
       6.14300    1015.99673   -1015.99693
       6.17200    1015.99673   -1015.99693
       6.20200    1015.99673   -1015.99693
       6.23200    1015.99673   -1015.99693
       6.26200    1015.99673   -1015.99693
       6.29200    1015.99673   -1015.99693
       6.32200    1015.99673   -1015.99693
       6.35100    1015.99673   -1015.99693
       6.38100    1015.99673   -1015.99693
       6.41100    1015.99673   -1015.99693
       6.44100    1015.99673   -1015.99693
       6.47100    1015.99673   -1015.99693
       6.50000    1015.99673   -1015.99693
       6.53000    1015.99673   -1015.99693
       6.56000    1015.99673   -1015.99693
       6.59000    1015.99673   -1015.99693
       6.62000    1015.99673   -1015.99693
       6.64900    1015.99673   -1015.99693
       6.67900    1015.99673   -1015.99693
       6.70900    1015.99673   -1015.99693
       6.73900    1015.99673   -1015.99693
       6.76900    1015.99673   -1015.99693
       6.79800    1015.99673   -1015.99693
       6.82800    1015.99673   -1015.99693
       6.85800    1015.99673   -1015.99693
       6.88800    1015.99673   -1015.99693
       6.91800    1015.99673   -1015.99693
       6.94700    1015.99673   -1015.99693
       6.97700    1015.99673   -1015.99693
       7.00700    1015.99673   -1015.99693
       7.03700    1015.99673   -1015.99693
       7.06700    1015.99673   -1015.99693
       7.09600    1015.99673   -1015.99693
       7.12600    1015.99673   -1015.99693
       7.15600    1015.99673   -1015.99693
