      #Energy        TDOS-UP        TDOS-DOWN
     -22.92277       0.00000       0.00000
     -22.88977       0.00000       0.00000
     -22.85677       0.00000       0.00000
     -22.82377       0.00000       0.00000
     -22.79077       0.00000       0.00000
     -22.75777       0.00000       0.00000
     -22.72477       0.00000       0.00000
     -22.69177       0.00000       0.00000
     -22.65877       0.00000       0.00000
     -22.62577       0.00000       0.00000
     -22.59277       0.00000       0.00000
     -22.55977       0.00000       0.00000
     -22.52677       0.00000       0.00000
     -22.49377       0.00000       0.00000
     -22.46077       0.00000       0.00000
     -22.42777       0.00000       0.00000
     -22.39477       0.00000       0.00000
     -22.36177       0.00000       0.00000
     -22.32877       0.00000       0.00000
     -22.29577       0.00000       0.00000
     -22.26277       0.00000       0.00000
     -22.22977       0.00000       0.00000
     -22.19677       0.00000       0.00000
     -22.16377       0.00000       0.00000
     -22.13077       0.00000       0.00000
     -22.09777       0.00000       0.00000
     -22.06477       0.00000       0.00000
     -22.03177       0.00000       0.00000
     -21.99877       0.00000       0.00000
     -21.96577       0.00000       0.00000
     -21.93277       0.00000       0.00000
     -21.89977       0.00000       0.00000
     -21.86677       0.00000       0.00000
     -21.83377       0.00000       0.00000
     -21.80077       0.00000       0.00000
     -21.76677       0.00000       0.00000
     -21.73377       0.00000       0.00000
     -21.70077       0.00000      -0.00000
     -21.66777       0.00000      -0.00000
     -21.63477       0.00000      -0.00000
     -21.60177       0.00001      -0.00000
     -21.56877       0.00115      -0.00046
     -21.53577       0.04306      -0.02081
     -21.50277       0.69830      -0.40540
     -21.46977       4.96400      -3.45500
     -21.43677      15.58000     -12.98000
     -21.40377      21.70000     -21.63000
     -21.37077      13.44000     -16.02000
     -21.33777       3.69500      -5.27100
     -21.30477       0.44770      -0.76580
     -21.27177       0.02374      -0.04877
     -21.23877       0.00055      -0.00135
     -21.20577       0.00001      -0.00002
     -21.17277       0.00000      -0.00000
     -21.13977       0.00000      -0.00000
     -21.10677       0.00000      -0.00000
     -21.07377       0.00000       0.00000
     -21.04077       0.00000       0.00000
     -21.00777       0.00000       0.00000
     -20.97477       0.00000       0.00000
     -20.94177       0.00000       0.00000
     -20.90877       0.00000       0.00000
     -20.87577       0.00000       0.00000
     -20.84277       0.00000       0.00000
     -20.80977       0.00000       0.00000
     -20.77677       0.00000       0.00000
     -20.74377       0.00000       0.00000
     -20.71077       0.00000       0.00000
     -20.67777       0.00000       0.00000
     -20.64477       0.00000       0.00000
     -20.61177       0.00000       0.00000
     -20.57877       0.00000       0.00000
     -20.54577       0.00000       0.00000
     -20.51277       0.00000       0.00000
     -20.47977       0.00000       0.00000
     -20.44677       0.00000       0.00000
     -20.41377       0.00000       0.00000
     -20.38077       0.00000       0.00000
     -20.34777       0.00000       0.00000
     -20.31477       0.00000       0.00000
     -20.28177       0.00000       0.00000
     -20.24877       0.00000       0.00000
     -20.21577       0.00000       0.00000
     -20.18277       0.00000       0.00000
     -20.14977       0.00000       0.00000
     -20.11677       0.00000       0.00000
     -20.08377       0.00000       0.00000
     -20.05077       0.00000       0.00000
     -20.01777       0.00000       0.00000
     -19.98477       0.00000       0.00000
     -19.95177       0.00000       0.00000
     -19.91877       0.00000       0.00000
     -19.88577       0.00000       0.00000
     -19.85277       0.00000       0.00000
     -19.81977       0.00000       0.00000
     -19.78677       0.00000       0.00000
     -19.75377       0.00000       0.00000
     -19.72077       0.00000       0.00000
     -19.68777       0.00000       0.00000
     -19.65477       0.00000       0.00000
     -19.62177       0.00000       0.00000
     -19.58877       0.00000       0.00000
     -19.55577       0.00000       0.00000
     -19.52277       0.00000       0.00000
     -19.48977       0.00000       0.00000
     -19.45677       0.00000       0.00000
     -19.42377       0.00000       0.00000
     -19.39077       0.00000       0.00000
     -19.35777       0.00000       0.00000
     -19.32477       0.00000       0.00000
     -19.29177       0.00000       0.00000
     -19.25877       0.00000       0.00000
     -19.22577       0.00000       0.00000
     -19.19277       0.00000       0.00000
     -19.15977       0.00000       0.00000
     -19.12677       0.00000       0.00000
     -19.09377       0.00000       0.00000
     -19.06077       0.00000       0.00000
     -19.02777       0.00000       0.00000
     -18.99477       0.00000       0.00000
     -18.96177       0.00000       0.00000
     -18.92877       0.00000       0.00000
     -18.89577       0.00000       0.00000
     -18.86277       0.00000       0.00000
     -18.82977       0.00000       0.00000
     -18.79677       0.00000       0.00000
     -18.76377       0.00000       0.00000
     -18.73077       0.00000       0.00000
     -18.69777       0.00000      -0.00000
     -18.66477       0.00000      -0.00000
     -18.63177       0.00000      -0.00000
     -18.59877       0.00016      -0.00002
     -18.56577       0.00851      -0.00130
     -18.53277       0.20000      -0.04510
     -18.49977       2.17300      -0.72030
     -18.46677      11.38000      -5.46700
     -18.43377      31.60000     -21.00000
     -18.40077      55.50000     -46.17000
     -18.36777      72.86000     -68.89000
     -18.33477      71.55000     -75.72000
     -18.30177      53.04000     -60.66000
     -18.26877      38.29000     -42.05000
     -18.23577      33.21000     -34.77000
     -18.20277      34.41000     -34.80000
     -18.16977      34.97000     -36.34000
     -18.13677      31.58000     -33.11000
     -18.10377      30.51000     -29.91000
     -18.07077      27.44000     -28.05000
     -18.03777      22.33000     -23.19000
     -18.00477      22.96000     -21.50000
     -17.97177      21.65000     -22.95000
     -17.93877      19.05000     -19.90000
     -17.90577      29.46000     -24.23000
     -17.87277      37.60000     -36.57000
     -17.83977      27.14000     -33.52000
     -17.80677      12.83000     -18.43000
     -17.77377       4.38100      -7.08000
     -17.74077       0.99420      -1.80200
     -17.70777       1.37400      -0.55200
     -17.67477       9.66100      -3.56600
     -17.64177      35.58000     -19.41000
     -17.60877      68.54000     -52.70000
     -17.57577      77.30000     -77.03000
     -17.54277      59.79000     -69.42000
     -17.50977      35.50000     -47.04000
     -17.47677      18.85000     -27.21000
     -17.44377      21.41000     -19.60000
     -17.41077      35.67000     -29.42000
     -17.37777      38.24000     -39.28000
     -17.34477      25.06000     -31.95000
     -17.31177      14.24000     -18.31000
     -17.27877      13.19000     -12.91000
     -17.24577      19.82000     -16.66000
     -17.21277      26.35000     -24.66000
     -17.17977      23.57000     -26.02000
     -17.14677      15.71000     -18.63000
     -17.11377      12.16000     -11.33000
     -17.08077      14.53000     -11.30000
     -17.04777      15.09000     -14.91000
     -17.01477      12.17000     -14.30000
     -16.98177       7.99300     -10.93000
     -16.94877       3.35500      -6.43500
     -16.91577       0.72750      -2.22900
     -16.88277       0.07444      -0.38400
     -16.84977       0.00346      -0.03074
     -16.81677       0.00009      -0.00111
     -16.78377       0.00112      -0.00038
     -16.75077       0.03223      -0.01295
     -16.71777       0.43350      -0.21370
     -16.68477       2.86400      -1.69500
     -16.65177       9.88700      -6.93900
     -16.61877      18.66000     -15.69000
     -16.58577      20.50000     -20.46000
     -16.55277      18.55000     -18.57000
     -16.51977      21.31000     -19.96000
     -16.48677      20.97000     -22.09000
     -16.45377      18.05000     -18.60000
     -16.42077      19.90000     -18.82000
     -16.38777      19.02000     -20.10000
     -16.35477      17.11000     -17.60000
     -16.32177      20.80000     -19.23000
     -16.28877      25.54000     -23.90000
     -16.25577      28.87000     -27.69000
     -16.22277      25.95000     -28.06000
     -16.18977      16.23000     -19.69000
     -16.15677      11.72000     -12.10000
     -16.12377      13.02000     -12.05000
     -16.09077      15.93000     -14.56000
     -16.05777      20.21000     -18.51000
     -16.02477      23.60000     -22.75000
     -15.99177      25.51000     -25.24000
     -15.95877      28.13000     -27.33000
     -15.92577      31.25000     -30.04000
     -15.89277      35.99000     -32.70000
     -15.85977      42.16000     -39.24000
     -15.82577      36.75000     -40.29000
     -15.79277      26.25000     -29.30000
     -15.75977      26.54000     -24.51000
     -15.72677      29.09000     -28.46000
     -15.69377      27.99000     -29.43000
     -15.66077      23.32000     -26.23000
     -15.62777      21.61000     -21.83000
     -15.59477      28.33000     -25.38000
     -15.56177      32.07000     -31.41000
     -15.52877      30.91000     -31.44000
     -15.49577      29.00000     -29.45000
     -15.46277      27.67000     -26.01000
     -15.42977      31.75000     -25.98000
     -15.39677      36.64000     -32.64000
     -15.36377      34.70000     -36.62000
     -15.33077      25.43000     -32.38000
     -15.29777      16.71000     -22.49000
     -15.26477      17.27000     -16.37000
     -15.23177      22.68000     -19.20000
     -15.19877      21.97000     -23.29000
     -15.16577      14.83000     -19.68000
     -15.13277      12.29000     -13.32000
     -15.09977      23.22000     -16.02000
     -15.06677      44.39000     -32.19000
     -15.03377      57.45000     -51.15000
     -15.00077      54.06000     -57.20000
     -14.96777      44.78000     -51.12000
     -14.93477      40.78000     -43.76000
     -14.90177      42.28000     -41.91000
     -14.86877      44.11000     -42.94000
     -14.83577      46.33000     -45.03000
     -14.80277      45.80000     -46.23000
     -14.76977      40.98000     -42.47000
     -14.73677      39.97000     -38.81000
     -14.70377      45.15000     -42.05000
     -14.67077      48.53000     -48.16000
     -14.63777      40.52000     -46.74000
     -14.60477      23.82000     -32.85000
     -14.57177      11.94000     -16.51000
     -14.53877      10.57000      -9.72700
     -14.50577      14.32000     -12.23000
     -14.47277      19.36000     -17.59000
     -14.43977      26.06000     -23.87000
     -14.40677      34.85000     -32.06000
     -14.37377      40.17000     -39.27000
     -14.34077      39.29000     -39.59000
     -14.30777      43.38000     -40.95000
     -14.27477      51.38000     -49.37000
     -14.24177      48.97000     -51.76000
     -14.20877      34.73000     -40.51000
     -14.17577      20.80000     -24.40000
     -14.14277      19.56000     -17.19000
     -14.10977      29.00000     -23.58000
     -14.07677      35.56000     -33.34000
     -14.04377      34.51000     -36.68000
     -14.01077      28.85000     -33.19000
     -13.97777      22.16000     -25.44000
     -13.94477      21.05000     -20.97000
     -13.91177      27.25000     -23.87000
     -13.87877      40.09000     -34.18000
     -13.84577      48.27000     -46.32000
     -13.81277      38.66000     -44.15000
     -13.77977      20.94000     -27.78000
     -13.74677       9.90500     -13.46000
     -13.71377       6.66300      -7.57900
     -13.68077       5.37300      -5.99300
     -13.64777       3.43400      -4.19000
     -13.61477       2.34400      -2.52800
     -13.58177       2.83600      -2.28100
     -13.54877       5.71200      -3.60000
     -13.51577      13.35000      -8.28000
     -13.48277      20.93000     -17.22000
     -13.44977      17.15000     -20.83000
     -13.41677       7.03000     -12.86000
     -13.38377       1.44900      -4.03300
     -13.35077       0.15010      -0.64580
     -13.31777       0.02730      -0.05571
     -13.28477       0.36010      -0.10210
     -13.25177       2.97600      -1.18300
     -13.21877      11.41000      -6.47000
     -13.18577      21.69000     -16.83000
     -13.15277      25.94000     -23.30000
     -13.11977      29.18000     -24.99000
     -13.08677      29.89000     -28.97000
     -13.05377      23.93000     -28.11000
     -13.02077      19.26000     -22.55000
     -12.98777      23.09000     -21.54000
     -12.95477      32.06000     -28.04000
     -12.92177      33.84000     -33.92000
     -12.88877      24.59000     -29.66000
     -12.85577      15.30000     -19.18000
     -12.82277      18.86000     -16.85000
     -12.78977      33.60000     -29.04000
     -12.75677      45.75000     -42.32000
     -12.72377      46.56000     -45.14000
     -12.69077      34.69000     -39.61000
     -12.65777      19.51000     -26.48000
     -12.62477      13.23000     -15.76000
     -12.59177      15.62000     -13.96000
     -12.55877      23.78000     -19.01000
     -12.52577      31.79000     -26.78000
     -12.49277      32.71000     -29.88000
     -12.45977      29.26000     -28.83000
     -12.42677      28.37000     -27.82000
     -12.39377      34.30000     -30.15000
     -12.36077      41.10000     -37.58000
     -12.32777      39.18000     -41.76000
     -12.29477      30.81000     -36.25000
     -12.26177      25.63000     -28.03000
     -12.22877      21.70000     -24.11000
     -12.19577      19.44000     -21.39000
     -12.16277      27.82000     -23.68000
     -12.12977      39.69000     -35.36000
     -12.09677      37.31000     -41.50000
     -12.06377      25.38000     -31.80000
     -12.03077      20.75000     -20.58000
     -11.99777      26.80000     -21.64000
     -11.96477      32.42000     -31.45000
     -11.93177      30.35000     -35.49000
     -11.89877      28.23000     -31.08000
     -11.86577      34.54000     -31.45000
     -11.83277      44.37000     -39.56000
     -11.79977      43.55000     -44.40000
     -11.76677      29.94000     -36.80000
     -11.73377      16.99000     -22.53000
     -11.70077      11.41000     -13.01000
     -11.66777      11.61000     -10.89000
     -11.63477      13.12000     -12.81000
     -11.60177      10.43000     -11.80000
     -11.56877       6.15600      -7.35600
     -11.53577       4.94700      -5.05400
     -11.50277       6.14500      -5.82500
     -11.46977       6.95600      -6.85200
     -11.43677       8.24900      -7.67300
     -11.40377      14.85000     -12.76000
     -11.37077      25.91000     -23.02000
     -11.33777      34.18000     -32.10000
     -11.30477      35.30000     -35.14000
     -11.27177      29.64000     -31.44000
     -11.23877      21.90000     -23.93000
     -11.20577      17.13000     -17.88000
     -11.17277      17.99000     -16.33000
     -11.13977      27.15000     -22.34000
     -11.10677      38.95000     -34.99000
     -11.07377      41.28000     -41.46000
     -11.04077      37.38000     -38.67000
     -11.00777      33.73000     -35.43000
     -10.97477      30.72000     -32.21000
     -10.94177      30.93000     -30.34000
     -10.90877      31.69000     -30.81000
     -10.87577      30.34000     -30.19000
     -10.84277      28.29000     -28.99000
     -10.80977      26.75000     -26.10000
     -10.77677      32.60000     -26.16000
     -10.74377      43.51000     -33.84000
     -10.71077      48.77000     -44.18000
     -10.67777      43.19000     -49.21000
     -10.64477      34.07000     -43.67000
     -10.61177      29.52000     -34.40000
     -10.57877      32.37000     -31.07000
     -10.54577      42.43000     -38.21000
     -10.51277      45.09000     -45.85000
     -10.47977      33.43000     -39.14000
     -10.44677      19.46000     -24.03000
     -10.41377      15.48000     -15.15000
     -10.38077      23.60000     -19.52000
     -10.34777      31.46000     -30.12000
     -10.31477      27.94000     -31.39000
     -10.28177      18.52000     -22.41000
     -10.24877      14.51000     -15.44000
     -10.21577      20.20000     -18.29000
     -10.18277      26.90000     -26.00000
     -10.14977      24.14000     -25.56000
     -10.11677      19.97000     -20.47000
     -10.08377      21.24000     -20.65000
     -10.05077      23.88000     -23.37000
     -10.01777      24.66000     -24.55000
      -9.98477      23.15000     -23.01000
      -9.95177      23.15000     -22.16000
      -9.91777      24.56000     -24.07000
      -9.88477      28.72000     -27.10000
      -9.85177      39.82000     -36.06000
      -9.81877      45.19000     -44.25000
      -9.78577      39.02000     -40.48000
      -9.75277      34.40000     -34.35000
      -9.71977      31.43000     -32.93000
      -9.68677      27.01000     -29.11000
      -9.65377      30.70000     -29.29000
      -9.62077      41.74000     -38.47000
      -9.58777      51.36000     -48.64000
      -9.55477      51.80000     -51.87000
      -9.52177      42.25000     -44.95000
      -9.48877      35.20000     -36.35000
      -9.45577      32.56000     -33.56000
      -9.42277      25.57000     -28.23000
      -9.38977      21.84000     -21.86000
      -9.35677      28.95000     -25.04000
      -9.32377      37.92000     -34.60000
      -9.29077      38.22000     -38.96000
      -9.25777      34.87000     -36.85000
      -9.22477      35.80000     -35.94000
      -9.19177      40.56000     -38.99000
      -9.15877      46.12000     -44.78000
      -9.12577      43.03000     -45.69000
      -9.09277      28.46000     -34.36000
      -9.05977      13.75000     -18.13000
      -9.02677       9.92100      -9.80900
      -8.99377      16.51000     -13.52000
      -8.96077      22.15000     -21.06000
      -8.92777      20.32000     -21.66000
      -8.89477      19.35000     -19.34000
      -8.86177      22.48000     -21.57000
      -8.82877      25.05000     -24.70000
      -8.79577      25.98000     -26.26000
      -8.76277      25.55000     -26.15000
      -8.72977      25.90000     -25.84000
      -8.69677      27.17000     -26.63000
      -8.66377      27.17000     -27.30000
      -8.63077      27.90000     -27.66000
      -8.59777      35.04000     -33.31000
      -8.56477      40.61000     -40.03000
      -8.53177      39.64000     -39.99000
      -8.49877      41.73000     -40.84000
      -8.46577      45.42000     -45.16000
      -8.43277      41.36000     -42.90000
      -8.39977      35.01000     -36.26000
      -8.36677      30.48000     -31.72000
      -8.33377      25.27000     -26.40000
      -8.30077      25.63000     -24.86000
      -8.26777      32.54000     -30.88000
      -8.23477      38.99000     -37.90000
      -8.20177      42.67000     -41.70000
      -8.16877      48.26000     -46.30000
      -8.13577      55.70000     -54.07000
      -8.10277      56.44000     -56.58000
      -8.06977      50.26000     -50.97000
      -8.03677      46.53000     -45.86000
      -8.00377      50.37000     -47.02000
      -7.97077      64.48000     -57.95000
      -7.93777      79.14000     -76.09000
      -7.90477      76.75000     -80.84000
      -7.87177      64.29000     -69.13000
      -7.83877      56.71000     -59.46000
      -7.80577      48.88000     -52.48000
      -7.77277      35.46000     -39.44000
      -7.73977      24.21000     -26.28000
      -7.70677      22.81000     -22.11000
      -7.67377      31.14000     -28.75000
      -7.64077      40.05000     -38.52000
      -7.60777      42.98000     -42.90000
      -7.57477      41.89000     -42.55000
      -7.54177      42.94000     -42.30000
      -7.50877      52.90000     -47.95000
      -7.47577      64.16000     -55.87000
      -7.44277      66.23000     -64.03000
      -7.40977      59.00000     -67.35000
      -7.37677      43.78000     -52.23000
      -7.34377      31.54000     -33.52000
      -7.31077      32.62000     -31.23000
      -7.27777      38.03000     -36.90000
      -7.24477      39.37000     -39.78000
      -7.21177      33.82000     -35.51000
      -7.17877      30.20000     -30.68000
      -7.14577      30.53000     -30.46000
      -7.11277      30.09000     -30.12000
      -7.07977      33.11000     -31.73000
      -7.04677      49.64000     -44.87000
      -7.01377      74.85000     -70.27000
      -6.98077      75.97000     -78.51000
      -6.94777      45.13000     -52.52000
      -6.91477      16.99000     -21.67000
      -6.88177       9.07200      -9.89000
      -6.84877      10.12000      -9.81600
      -6.81577      13.48000     -12.24000
      -6.78277      22.92000     -20.03000
      -6.74977      34.95000     -32.18000
      -6.71677      40.27000     -39.26000
      -6.68377      40.87000     -40.12000
      -6.65077      42.15000     -41.28000
      -6.61777      41.39000     -41.55000
      -6.58477      42.48000     -42.68000
      -6.55177      49.12000     -49.02000
      -6.51877      54.92000     -54.94000
      -6.48577      61.85000     -60.11000
      -6.45277      77.75000     -71.95000
      -6.41977      90.32000     -78.68000
      -6.38677      95.54000     -78.18000
      -6.35377      97.55000     -82.50000
      -6.32077     100.10000     -90.83000
      -6.28777      99.62000     -98.72000
      -6.25477      88.49000    -101.60000
      -6.22177      71.46000     -89.14000
      -6.18877      59.24000     -65.82000
      -6.15577      53.01000     -53.84000
      -6.12277      51.22000     -53.73000
      -6.08977      64.31000     -60.88000
      -6.05677      77.52000     -75.15000
      -6.02377      68.67000     -75.22000
      -5.99077      57.94000     -62.81000
      -5.95777      62.15000     -61.66000
      -5.92477      75.70000     -72.88000
      -5.89177      95.44000     -90.80000
      -5.85877     111.90000    -109.80000
      -5.82577     112.20000    -114.80000
      -5.79277      99.77000    -100.70000
      -5.75977      90.31000     -81.28000
      -5.72677      89.73000     -78.71000
      -5.69377      82.65000     -87.97000
      -5.66077      67.27000     -83.52000
      -5.62777      60.09000     -69.21000
      -5.59477      64.69000     -66.82000
      -5.56177      71.17000     -73.63000
      -5.52877      77.08000     -79.29000
      -5.49577      81.17000     -81.54000
      -5.46277      79.67000     -76.32000
      -5.42977      78.69000     -63.50000
      -5.39677      80.15000     -55.69000
      -5.36377      78.07000     -66.44000
      -5.33077      84.23000     -82.31000
      -5.29777      99.45000     -98.27000
      -5.26477      97.61000    -111.30000
      -5.23177      71.69000     -88.59000
      -5.19877      51.91000     -56.17000
      -5.16577      64.91000     -60.30000
      -5.13277     106.00000     -92.36000
      -5.09977     141.60000    -127.20000
      -5.06677     127.90000    -136.80000
      -5.03377      78.55000    -104.90000
      -5.00077      47.62000     -65.28000
      -4.96777      39.87000     -44.44000
      -4.93477      36.01000     -35.12000
      -4.90177      36.06000     -34.06000
      -4.86877      45.27000     -41.70000
      -4.83577      57.07000     -49.91000
      -4.80277      60.87000     -55.17000
      -4.76977      56.19000     -58.99000
      -4.73677      53.06000     -60.15000
      -4.70377      47.86000     -54.86000
      -4.67077      41.86000     -43.31000
      -4.63777      46.03000     -38.87000
      -4.60477      50.41000     -44.10000
      -4.57177      43.73000     -47.45000
      -4.53877      34.78000     -41.26000
      -4.50577      33.41000     -35.45000
      -4.47277      32.30000     -33.96000
      -4.43977      30.18000     -31.59000
      -4.40677      37.88000     -35.03000
      -4.37377      54.37000     -47.55000
      -4.34077      65.20000     -59.96000
      -4.30777      59.01000     -61.23000
      -4.27477      49.15000     -50.94000
      -4.24177      48.31000     -44.04000
      -4.20877      43.49000     -43.38000
      -4.17577      35.59000     -38.90000
      -4.14277      43.09000     -40.44000
      -4.10977      57.75000     -56.67000
      -4.07677      59.71000     -63.42000
      -4.04377      56.48000     -55.15000
      -4.01077      56.32000     -52.14000
      -3.97677      58.41000     -56.80000
      -3.94377      62.22000     -59.27000
      -3.91077      69.95000     -59.93000
      -3.87777      82.76000     -73.22000
      -3.84477      89.36000     -91.67000
      -3.81177      90.71000     -99.12000
      -3.77877      98.95000    -103.00000
      -3.74577     107.70000    -106.10000
      -3.71277     104.10000    -104.60000
      -3.67977      94.51000    -101.10000
      -3.64677      93.99000     -97.54000
      -3.61377     107.30000    -100.90000
      -3.58077     116.10000    -109.80000
      -3.54777     117.20000    -115.80000
      -3.51477     122.60000    -119.20000
      -3.48177     107.40000    -109.50000
      -3.44877      62.32000     -73.43000
      -3.41577      32.35000     -37.07000
      -3.38277      31.28000     -24.07000
      -3.34977      36.76000     -27.74000
      -3.31677      36.30000     -34.30000
      -3.28377      28.54000     -37.69000
      -3.25077      20.99000     -32.78000
      -3.21777      22.09000     -23.07000
      -3.18477      29.16000     -20.61000
      -3.15177      35.05000     -26.73000
      -3.11877      42.46000     -33.00000
      -3.08577      53.58000     -38.74000
      -3.05277      62.37000     -47.12000
      -3.01977      57.70000     -57.46000
      -2.98677      40.13000     -60.08000
      -2.95377      24.58000     -46.69000
      -2.92077      17.43000     -29.64000
      -2.88777      20.24000     -20.07000
      -2.85477      30.24000     -19.39000
      -2.82177      37.01000     -27.78000
      -2.78877      36.62000     -36.38000
      -2.75577      32.07000     -37.01000
      -2.72277      28.34000     -32.35000
      -2.68977      29.48000     -27.60000
      -2.65677      34.47000     -26.88000
      -2.62377      36.85000     -30.08000
      -2.59077      34.94000     -35.92000
      -2.55777      34.09000     -39.35000
      -2.52477      35.46000     -38.65000
      -2.49177      34.89000     -37.56000
      -2.45877      30.33000     -34.61000
      -2.42577      24.63000     -29.77000
      -2.39277      20.86000     -25.98000
      -2.35977      19.74000     -21.89000
      -2.32677      19.64000     -19.02000
      -2.29377      19.71000     -19.44000
      -2.26077      19.85000     -21.44000
      -2.22777      20.77000     -22.78000
      -2.19477      24.43000     -22.84000
      -2.16177      28.87000     -25.12000
      -2.12877      28.52000     -29.07000
      -2.09577      25.04000     -28.39000
      -2.06277      25.55000     -24.73000
      -2.02977      28.18000     -25.55000
      -1.99677      28.12000     -28.56000
      -1.96377      25.16000     -28.88000
      -1.93077      18.20000     -25.39000
      -1.89777      16.19000     -17.93000
      -1.86477      24.42000     -16.25000
      -1.83177      31.07000     -24.33000
      -1.79877      28.89000     -30.25000
      -1.76577      20.04000     -28.08000
      -1.73277      12.94000     -19.87000
      -1.69977      13.65000     -12.82000
      -1.66677      17.18000     -13.56000
      -1.63377      20.50000     -17.96000
      -1.60077      22.21000     -21.54000
      -1.56777      18.89000     -22.35000
      -1.53477      11.57000     -18.64000
      -1.50177       6.21000     -11.39000
      -1.46877       7.15800      -5.56100
      -1.43577      14.41000      -5.72000
      -1.40277      23.55000     -11.45000
      -1.36977      26.35000     -20.32000
      -1.33677      22.27000     -27.55000
      -1.30377      19.91000     -27.18000
      -1.27077      22.47000     -22.76000
      -1.23777      25.64000     -23.22000
      -1.20477      28.46000     -26.12000
      -1.17177      26.60000     -28.02000
      -1.13877      19.33000     -25.06000
      -1.10577      14.81000     -16.94000
      -1.07277      13.78000     -12.19000
      -1.03977      14.86000     -13.70000
      -1.00677      19.51000     -15.87000
      -0.97377      23.58000     -17.73000
      -0.94077      23.61000     -20.87000
      -0.90777      27.98000     -23.15000
      -0.87477      37.64000     -25.34000
      -0.84177      37.30000     -29.78000
      -0.80877      27.39000     -33.52000
      -0.77577      18.97000     -33.82000
      -0.74277      17.53000     -30.75000
      -0.70977      24.47000     -27.89000
      -0.67677      36.29000     -32.06000
      -0.64377      44.77000     -40.60000
      -0.61077      42.51000     -41.61000
      -0.57777      33.25000     -33.75000
      -0.54477      28.18000     -23.72000
      -0.51177      25.11000     -19.46000
      -0.47877      17.78000     -22.11000
      -0.44577      12.18000     -21.72000
      -0.41277      12.91000     -14.99000
      -0.37977      18.34000     -10.26000
      -0.34677      22.96000     -11.86000
      -0.31377      18.48000     -17.97000
      -0.28077      10.13000     -23.27000
      -0.24777       7.74400     -19.50000
      -0.21477      10.23000     -11.13000
      -0.18177      14.69000      -8.34600
      -0.14877      18.54000     -10.54000
      -0.11577      21.24000     -13.65000
      -0.08277      24.69000     -13.50000
      -0.04977      25.02000      -9.97900
      -0.01677      21.83000     -10.51000
       0.01623      25.27000     -18.17000
       0.04923      34.32000     -26.19000
       0.08223      36.19000     -28.53000
       0.11523      33.56000     -29.96000
       0.14823      33.66000     -33.27000
       0.18123      26.30000     -34.02000
       0.21423      11.75000     -33.38000
       0.24723       2.82400     -31.84000
       0.28023       1.87900     -25.18000
       0.31323       8.76300     -14.80000
       0.34623      23.37000      -9.02700
       0.37923      32.26000     -16.30000
       0.41223      25.80000     -28.75000
       0.44523      14.82000     -29.67000
       0.47823       8.44700     -20.13000
       0.51123       4.40500     -11.48000
       0.54423       1.39600      -6.85400
       0.57723       0.21840      -3.26900
       0.61023       0.01576      -0.86480
       0.64323       0.00051      -0.10970
       0.67623       0.00001      -0.00634
       0.70923       0.00000      -0.00016
       0.74223       0.00000      -0.00000
       0.77523       0.00000      -0.00000
       0.80823       0.00000      -0.00000
       0.84123       0.00000      -0.00000
       0.87423       0.00000      -0.00000
       0.90723       0.00000      -0.00000
       0.94023       0.00000      -0.00000
       0.97323       0.00040      -0.00000
       1.00623       0.01707      -0.00024
       1.03923       0.32660      -0.01108
       1.07223       2.81100      -0.22800
       1.10523      11.05000      -2.13400
       1.13823      20.19000      -9.23100
       1.17123      17.41000     -18.82000
       1.20423       7.20200     -18.56000
       1.23723       1.44000      -9.07700
       1.27023       0.13860      -2.24100
       1.30323       0.00634      -0.27770
       1.33623       0.00068      -0.01685
       1.36923       0.01467      -0.00313
       1.40223       0.18000      -0.04944
       1.43523       1.05100      -0.42180
       1.46823       3.19900      -1.74600
       1.50123       5.89600      -3.97700
       1.53423       7.93300      -6.13500
       1.56723      10.14000      -7.73800
       1.60023      15.02000      -9.77600
       1.63323      21.60000     -14.44000
       1.66623      25.33000     -21.02000
       1.69923      21.63000     -25.44000
       1.73223      16.34000     -22.05000
       1.76523      20.57000     -16.98000
       1.79823      29.34000     -21.77000
       1.83123      32.26000     -30.24000
       1.86423      28.86000     -31.79000
       1.89723      26.09000     -28.08000
       1.93123      28.37000     -26.32000
       1.96423      35.51000     -28.94000
       1.99723      43.24000     -35.21000
       2.03023      42.74000     -41.58000
       2.06323      34.17000     -41.54000
       2.09623      28.22000     -34.56000
       2.12923      25.17000     -27.88000
       2.16223      18.71000     -24.08000
       2.19523      12.49000     -18.61000
       2.22823      13.29000     -12.63000
       2.26123      25.12000     -11.57000
       2.29423      37.47000     -20.66000
       2.32723      32.75000     -34.98000
       2.36023      18.92000     -35.37000
       2.39323      14.46000     -22.53000
       2.42623      21.12000     -16.09000
       2.45923      29.12000     -20.40000
       2.49223      34.47000     -26.10000
       2.52523      33.00000     -31.13000
       2.55823      25.08000     -33.51000
       2.59123      22.70000     -26.91000
       2.62423      26.99000     -19.80000
       2.65723      29.64000     -22.19000
       2.69023      32.69000     -30.83000
       2.72323      38.80000     -37.64000
       2.75623      39.23000     -41.18000
       2.78923      32.75000     -39.01000
       2.82223      24.40000     -32.17000
       2.85523      16.07000     -25.23000
       2.88823      11.21000     -18.08000
       2.92123      12.21000     -12.58000
       2.95423      14.63000     -12.32000
       2.98723      17.20000     -14.44000
       3.02023      20.95000     -16.99000
       3.05323      22.70000     -21.41000
       3.08623      25.54000     -23.90000
       3.11923      29.52000     -25.49000
       3.15223      26.40000     -27.84000
       3.18523      17.66000     -25.56000
       3.21823      12.46000     -18.66000
       3.25123      13.89000     -15.04000
       3.28423      20.92000     -20.81000
       3.31723      28.68000     -30.34000
       3.35023      27.62000     -31.21000
       3.38323      25.06000     -29.09000
       3.41623      36.17000     -38.46000
       3.44923      50.80000     -51.62000
       3.48223      46.91000     -47.60000
       3.51523      24.85000     -25.46000
       3.54823       6.94800      -7.20700
       3.58123       0.98260      -1.02000
       3.61423       0.26510      -0.07331
       3.64723       1.71200      -0.10960
       3.68023       8.63300      -1.40800
       3.71323      29.73000      -9.41000
       3.74623      68.83000     -34.38000
       3.77923     100.60000     -73.67000
       3.81223      98.58000     -99.35000
       3.84523      79.51000     -94.58000
       3.87823      70.45000     -83.64000
       3.91123      70.28000     -86.62000
       3.94423      64.92000     -82.50000
       3.97723      61.35000     -62.31000
       4.01023      64.19000     -53.34000
       4.04323      58.03000     -61.79000
       4.07623      45.97000     -63.30000
       4.10923      36.99000     -48.46000
       4.14223      25.97000     -29.19000
       4.17523      15.34000     -15.65000
       4.20823      13.18000     -12.19000
       4.24123      22.03000     -19.85000
       4.27423      35.79000     -33.88000
       4.30723      44.87000     -44.07000
       4.34023      47.93000     -47.50000
       4.37323      49.98000     -49.23000
       4.40623      52.09000     -52.01000
       4.43923      49.75000     -50.73000
       4.47223      48.96000     -46.64000
       4.50523      66.11000     -54.09000
       4.53823      93.70000     -76.84000
       4.57123     102.20000     -92.77000
       4.60423      94.66000     -89.90000
       4.63723      83.45000     -82.09000
       4.67023      69.48000     -75.19000
       4.70323      61.26000     -64.91000
       4.73623      67.54000     -58.42000
       4.76923      89.79000     -69.81000
       4.80223     100.00000     -90.96000
       4.83523      87.14000     -96.24000
       4.86823      77.05000     -85.39000
       4.90123      74.50000     -79.81000
       4.93423      73.29000     -82.81000
       4.96723      69.88000     -84.43000
       5.00023      66.42000     -77.11000
       5.03323      64.53000     -66.28000
       5.06623      63.55000     -61.81000
       5.09923      80.11000     -73.35000
       5.13223     110.10000    -100.20000
       5.16523     115.20000    -111.90000
       5.19823      96.37000     -94.86000
       5.23123      83.86000     -80.81000
       5.26423      78.97000     -79.33000
       5.29723      76.69000     -79.58000
       5.33023      82.93000     -84.88000
       5.36323      96.30000     -96.66000
       5.39623     104.10000    -104.50000
       5.42923      96.24000     -98.43000
       5.46223      82.48000     -85.64000
       5.49523      81.24000     -83.46000
       5.52823      91.90000     -93.31000
       5.56123      98.12000     -98.49000
       5.59423      90.19000     -89.74000
       5.62723      75.17000     -74.66000
       5.66023      63.63000     -63.40000
       5.69323      59.76000     -60.45000
       5.72623      61.32000     -62.86000
       5.75923      63.37000     -65.49000
       5.79223      67.49000     -69.50000
       5.82523      75.19000     -76.51000
       5.85823      80.66000     -81.25000
       5.89123      82.95000     -82.17000
       5.92423      86.90000     -84.04000
       5.95723      90.82000     -86.82000
       5.99023      89.21000     -88.24000
       6.02323      83.37000     -86.87000
       6.05623      78.49000     -83.84000
       6.08923      77.00000     -80.44000
       6.12223      79.73000     -79.00000
       6.15523      84.17000     -81.50000
       6.18823      85.10000     -84.02000
       6.22123      81.22000     -82.93000
       6.25423      76.61000     -79.11000
       6.28723      73.70000     -76.12000
       6.32023      72.79000     -75.33000
       6.35323      74.19000     -74.70000
       6.38623      77.08000     -74.20000
       6.41923      79.52000     -77.25000
       6.45223      79.22000     -80.19000
       6.48523      78.39000     -79.63000
       6.51823      78.23000     -78.37000
       6.55123      76.91000     -76.16000
       6.58423      74.83000     -74.41000
       6.61723      73.25000     -74.56000
       6.65023      72.08000     -72.96000
       6.68323      70.62000     -71.31000
       6.71623      69.52000     -70.80000
       6.74923      68.68000     -68.55000
       6.78223      66.92000     -66.93000
       6.81523      65.97000     -67.01000
       6.84823      66.52000     -66.23000
       6.88123      68.52000     -66.22000
       6.91423      71.21000     -70.58000
       6.94723      74.04000     -75.26000
       6.98023      77.91000     -76.78000
       7.01323      78.79000     -77.40000
       7.04623      75.98000     -76.84000
       7.07923      72.68000     -74.23000
       7.11223      70.28000     -71.25000
       7.14523      68.39000     -69.88000
       7.17823      66.25000     -67.78000
       7.21123      63.23000     -63.38000
       7.24423      61.71000     -60.65000
       7.27723      61.90000     -60.75000
       7.31023      60.19000     -61.04000
       7.34323      57.74000     -58.95000
       7.37623      55.69000     -55.65000
       7.40923      52.52000     -54.11000
       7.44223      49.76000     -53.90000
       7.47523      49.05000     -52.30000
       7.50823      48.96000     -50.81000
       7.54123      47.85000     -49.18000
       7.57423      45.11000     -44.48000
       7.60723      41.85000     -39.16000
       7.64023      39.69000     -38.03000
       7.67323      37.79000     -38.77000
       7.70623      34.54000     -36.66000
       7.73923      32.15000     -34.53000
       7.77223      32.33000     -34.28000
       7.80523      31.48000     -33.21000
       7.83823      28.82000     -32.09000
       7.87223      26.67000     -30.32000
       7.90523      26.30000     -25.86000
       7.93823      26.98000     -22.31000
       7.97123      26.20000     -22.21000
       8.00423      24.24000     -23.96000
       8.03723      22.73000     -24.28000
       8.07023      21.68000     -21.87000
       8.10323      19.73000     -18.94000
       8.13623      16.95000     -17.23000
       8.16923      15.07000     -16.31000
       8.20223      14.41000     -14.99000
       8.23523      13.33000     -13.38000
       8.26823      11.67000     -12.07000
       8.30123      11.01000     -11.15000
       8.33423      10.25000      -9.96700
       8.36723       8.20600      -8.40300
       8.40023       6.03900      -6.69100
       8.43323       4.62400      -4.42800
       8.46623       3.84600      -2.73200
       8.49923       2.98500      -2.11900
       8.53223       1.74900      -1.65700
       8.56523       0.79840      -0.99530
       8.59823       0.32130      -0.39000
       8.63123       0.08681      -0.08521
       8.66423       0.01176      -0.00926
       8.69723       0.00072      -0.00047
       8.73023       0.00002      -0.00001
       8.76323       0.00000      -0.00000
       8.79623       0.00000      -0.00000
       8.82923       0.00000      -0.00000
       8.86223       0.00000      -0.00000
       8.89523       0.00000       0.00000
       8.92823       0.00000       0.00000
       8.96123       0.00000       0.00000
       8.99423       0.00000       0.00000
       9.02723       0.00000       0.00000
       9.06023       0.00000       0.00000
       9.09323       0.00000       0.00000
       9.12623       0.00000       0.00000
       9.15923       0.00000       0.00000
       9.19223       0.00000       0.00000
       9.22523       0.00000       0.00000
       9.25823       0.00000       0.00000
       9.29123       0.00000       0.00000
       9.32423       0.00000       0.00000
       9.35723       0.00000       0.00000
       9.39023       0.00000       0.00000
       9.42323       0.00000       0.00000
       9.45623       0.00000       0.00000
       9.48923       0.00000       0.00000
       9.52223       0.00000       0.00000
       9.55523       0.00000       0.00000
       9.58823       0.00000       0.00000
       9.62123       0.00000       0.00000
       9.65423       0.00000       0.00000
       9.68723       0.00000       0.00000
       9.72023       0.00000       0.00000
       9.75323       0.00000       0.00000
       9.78623       0.00000       0.00000
       9.81923       0.00000       0.00000
       9.85223       0.00000       0.00000
       9.88523       0.00000       0.00000
       9.91823       0.00000       0.00000
       9.95123       0.00000       0.00000
       9.98423       0.00000       0.00000
      10.01723       0.00000       0.00000
      10.05023       0.00000       0.00000
