      #Energy        TDOS-UP        TDOS-DOWN
     -19.46293       0.00000       0.00000
     -19.43293       0.00000       0.00000
     -19.40293       0.00000       0.00000
     -19.37393       0.00000       0.00000
     -19.34393       0.00000       0.00000
     -19.31493       0.00000       0.00000
     -19.28493       0.00000       0.00000
     -19.25493       0.00000       0.00000
     -19.22593       0.00000       0.00000
     -19.19593       0.00000       0.00000
     -19.16593       0.00000       0.00000
     -19.13693       0.00000       0.00000
     -19.10693       0.00000       0.00000
     -19.07793       0.00000       0.00000
     -19.04793       0.00000       0.00000
     -19.01793       0.00000       0.00000
     -18.98893       0.00000       0.00000
     -18.95893       0.00000       0.00000
     -18.92993       0.00000       0.00000
     -18.89993       0.00000       0.00000
     -18.86993       0.00000       0.00000
     -18.84093       0.00000       0.00000
     -18.81093       0.00000       0.00000
     -18.78193       0.00000       0.00000
     -18.75193       0.00000       0.00000
     -18.72193       0.00000       0.00000
     -18.69293       0.00000       0.00000
     -18.66293       0.00000       0.00000
     -18.63393       0.00000       0.00000
     -18.60393       0.00000       0.00000
     -18.57393       0.00000       0.00000
     -18.54493       0.00000       0.00000
     -18.51493       0.00000       0.00000
     -18.48493       0.00000       0.00000
     -18.45593       0.00000       0.00000
     -18.42593       0.00000       0.00000
     -18.39693       0.00000      -0.00000
     -18.36693       0.00000      -0.00000
     -18.33693       0.00000      -0.00000
     -18.30793       0.00000      -0.00000
     -18.27793       0.00001      -0.00000
     -18.24893       0.00022      -0.00005
     -18.21893       0.00441      -0.00134
     -18.18893       0.04699      -0.01853
     -18.15993       0.27760      -0.13981
     -18.12993       0.96070      -0.60238
     -18.10093       2.09948      -1.58394
     -18.07093       3.18823      -2.77129
     -18.04093       3.78487      -3.59621
     -18.01193       3.97868      -3.92183
     -17.98193       4.08250      -4.00468
     -17.95193       4.35021      -4.09291
     -17.92293       4.91471      -4.38306
     -17.89293       5.74334      -5.02781
     -17.86393       6.81092      -6.05260
     -17.83393       8.06918      -7.36431
     -17.80393       9.16859      -8.66462
     -17.77493       9.79883      -9.54640
     -17.74493      10.16422      -9.96613
     -17.71593      10.76914     -10.33464
     -17.68593      11.83746     -11.10626
     -17.65593      12.98321     -12.27170
     -17.62693      13.69473     -13.30182
     -17.59693      13.94582     -13.82528
     -17.56793      13.99798     -13.97509
     -17.53793      14.02822     -14.00281
     -17.50793      14.14475     -14.03742
     -17.47893      14.49727     -14.18611
     -17.44893      15.24832     -14.62855
     -17.41993      16.41672     -15.53549
     -17.38993      17.80245     -16.85549
     -17.35993      19.22357     -18.31288
     -17.33093      20.69813     -19.76790
     -17.30093      22.14012     -21.26615
     -17.27093      23.22088     -22.62272
     -17.24193      23.77251     -23.50272
     -17.21193      23.95591     -23.87782
     -17.18293      23.99603     -23.98031
     -17.15293      24.02252     -23.99980
     -17.12293      24.18371     -24.02772
     -17.09393      24.86090     -24.22323
     -17.06393      26.54244     -25.03898
     -17.03493      29.12781     -27.00625
     -17.00493      31.71851     -29.85085
     -16.97493      33.57607     -32.43000
     -16.94593      34.84988     -34.09717
     -16.91593      36.07912     -35.28097
     -16.88693      37.42651     -36.52561
     -16.85693      38.70906     -37.81674
     -16.82693      39.85332     -38.98114
     -16.79793      40.95466     -40.09684
     -16.76793      42.01379     -41.26124
     -16.73793      42.88239     -42.33992
     -16.70893      43.46941     -43.14131
     -16.67893      43.80238     -43.63149
     -16.64993      43.94871     -43.87986
     -16.61993      43.99172     -43.97298
     -16.58993      43.99927     -43.99532
     -16.56093      44.00000     -43.99843
     -16.53093      44.00004     -43.99867
     -16.50193      44.00004     -43.99868
     -16.47193      44.00004     -43.99868
     -16.44193      44.00004     -43.99868
     -16.41293      44.00004     -43.99868
     -16.38293      44.00004     -43.99868
     -16.35393      44.00004     -43.99868
     -16.32393      44.00004     -43.99868
     -16.29393      44.00004     -43.99868
     -16.26493      44.00004     -43.99868
     -16.23493      44.00004     -43.99868
     -16.20593      44.00004     -43.99868
     -16.17593      44.00004     -43.99868
     -16.14593      44.00004     -43.99868
     -16.11693      44.00004     -43.99868
     -16.08693      44.00004     -43.99868
     -16.05693      44.00005     -43.99868
     -16.02793      44.00010     -43.99869
     -15.99793      44.00128     -43.99892
     -15.96893      44.01609     -44.00299
     -15.93893      44.11742     -44.04171
     -15.90893      44.50725     -44.24476
     -15.87993      45.37629     -44.85043
     -15.84993      46.52559     -45.90794
     -15.82093      47.43564     -47.00823
     -15.79093      47.86350     -47.69133
     -15.76093      47.98023     -47.94044
     -15.73193      47.99821     -47.99236
     -15.70193      48.00082     -47.99850
     -15.67293      48.01385     -48.00146
     -15.64293      48.09805     -48.02699
     -15.61293      48.41016     -48.16662
     -15.58393      49.10288     -48.60576
     -15.55393      50.10339     -49.45008
     -15.52393      51.20665     -50.55467
     -15.49493      52.36202     -51.73447
     -15.46493      53.61584     -52.96919
     -15.43593      54.93466     -54.26935
     -15.40593      56.22312     -55.58151
     -15.37593      57.43061     -56.84865
     -15.34693      58.66311     -58.10632
     -15.31693      60.04973     -59.46674
     -15.28793      61.51970     -60.89911
     -15.25793      63.00700     -62.29920
     -15.22793      64.55085     -63.74253
     -15.19893      65.99935     -65.23945
     -15.16893      67.08677     -66.53413
     -15.13993      67.81265     -67.44255
     -15.10993      68.47902     -68.12210
     -15.07993      69.43082     -68.93947
     -15.05093      70.79701     -70.16605
     -15.02093      72.37787     -71.73714
     -14.99193      73.87494     -73.34495
     -14.96193      75.18073     -74.78176
     -14.93193      76.25156     -75.96896
     -14.90293      77.01179     -76.82720
     -14.87293      77.49591     -77.37631
     -14.84293      77.79058     -77.71765
     -14.81393      77.93924     -77.90542
     -14.78393      77.99445     -77.97984
     -14.75493      78.03867     -78.00885
     -14.72493      78.18650     -78.07638
     -14.69493      78.60755     -78.31462
     -14.66593      79.42300     -78.89823
     -14.63593      80.47222     -79.85506
     -14.60693      81.34955     -80.88459
     -14.57693      81.81500     -81.59597
     -14.54693      81.96723     -81.90385
     -14.51793      81.99693     -81.98480
     -14.48793      82.00136     -81.99754
     -14.45893      82.01463     -82.00297
     -14.42893      82.09986     -82.03940
     -14.39893      82.42464     -82.21736
     -14.36993      83.19301     -82.75132
     -14.33993      84.44979     -83.81298
     -14.30993      86.13014     -85.39355
     -14.28093      88.23613     -87.41914
     -14.25093      90.62267     -89.76675
     -14.22193      92.87316     -92.11198
     -14.19193      94.78417     -94.17104
     -14.16193      96.50375     -95.94999
     -14.13293      98.10578     -97.50346
     -14.10293      99.53534     -98.87025
     -14.07393     100.70092    -100.10260
     -14.04393     101.48084    -101.09083
     -14.01393     101.88153    -101.69634
     -13.98493     102.08521    -101.99411
     -13.95493     102.29868    -102.20051
     -13.92593     102.63825    -102.48592
     -13.89593     103.16235    -102.92799
     -13.86593     103.96314    -103.60087
     -13.83693     105.09171    -104.59235
     -13.80693     106.40505    -105.84884
     -13.77793     107.75925    -107.20762
     -13.74793     109.16912    -108.62756
     -13.71793     110.49282    -110.03461
     -13.68893     111.41116    -111.13209
     -13.65893     111.84059    -111.72636
     -13.62893     111.97197    -111.94010
     -13.59993     111.99759    -111.98996
     -13.56993     112.00065    -111.99724
     -13.54093     112.00086    -111.99788
     -13.51093     112.00087    -111.99791
     -13.48093     112.00087    -111.99791
     -13.45193     112.00087    -111.99791
     -13.42193     112.00087    -111.99791
     -13.39293     112.00087    -111.99791
     -13.36293     112.00087    -111.99791
     -13.33293     112.00087    -111.99791
     -13.30393     112.00087    -111.99791
     -13.27393     112.00087    -111.99791
     -13.24493     112.00087    -111.99791
     -13.21493     112.00087    -111.99791
     -13.18493     112.00087    -111.99791
     -13.15593     112.00087    -111.99791
     -13.12593     112.00088    -111.99791
     -13.09593     112.00117    -111.99794
     -13.06693     112.00570    -111.99868
     -13.03693     112.04298    -112.00824
     -13.00793     112.21005    -112.07331
     -12.97793     112.63249    -112.31519
     -12.94793     113.27724    -112.82788
     -12.91893     113.97825    -113.50639
     -12.88893     114.69703    -114.20310
     -12.85993     115.45947    -114.93831
     -12.82993     116.27374    -115.75835
     -12.79993     117.28047    -116.72881
     -12.77093     118.51297    -117.92563
     -12.74093     119.67604    -119.15192
     -12.71193     120.56211    -120.11009
     -12.68193     121.34396    -120.83567
     -12.65193     122.25283    -121.60375
     -12.62293     123.23616    -122.54282
     -12.59293     124.11350    -123.51313
     -12.56393     124.88246    -124.36545
     -12.53393     125.63425    -125.13411
     -12.50393     126.33008    -125.87243
     -12.47493     126.87342    -126.51008
     -12.44493     127.28662    -126.99020
     -12.41493     127.65467    -127.37305
     -12.38593     128.02642    -127.73310
     -12.35593     128.46790    -128.11847
     -12.32693     129.07431    -128.60837
     -12.29693     129.86029    -129.27858
     -12.26693     130.72667    -130.11343
     -12.23793     131.64191    -131.03769
     -12.20793     132.76323    -132.09135
     -12.17893     134.18819    -133.40321
     -12.14893     135.70451    -134.87644
     -12.11893     136.99815    -136.21746
     -12.08993     137.97394    -137.28519
     -12.05993     138.77799    -138.13869
     -12.03093     139.66288    -138.93030
     -12.00093     140.85023    -139.87293
     -11.97093     142.37705    -141.13993
     -11.94193     144.05592    -142.72227
     -11.91193     145.67453    -144.41476
     -11.88293     147.16109    -145.97904
     -11.85293     148.47650    -147.32021
     -11.82293     149.54570    -148.48520
     -11.79393     150.47737    -149.55840
     -11.76393     151.53666    -150.68461
     -11.73393     152.67382    -151.94361
     -11.70493     153.50985    -153.06686
     -11.67493     153.88657    -153.72005
     -11.64593     153.98787    -153.94786
     -11.61593     154.02473    -153.99980
     -11.58593     154.17191    -154.05461
     -11.55693     154.77575    -154.31624
     -11.52693     156.31072    -155.21608
     -11.49793     158.75070    -157.16765
     -11.46793     161.32764    -159.87190
     -11.43793     163.37411    -162.42781
     -11.40893     164.77509    -164.26554
     -11.37893     165.57974    -165.34511
     -11.34993     165.90698    -165.82783
     -11.31993     165.98892    -165.97033
     -11.28993     166.00062    -165.99528
     -11.26093     166.00201    -165.99790
     -11.23093     166.00810    -166.00062
     -11.20093     166.05157    -166.02283
     -11.17193     166.23524    -166.13500
     -11.14193     166.71191    -166.48012
     -11.11293     167.51952    -167.15936
     -11.08293     168.47132    -168.07268
     -11.05293     169.27804    -168.95949
     -11.02393     169.75949    -169.58440
     -10.99393     169.95129    -169.88766
     -10.96493     170.00957    -169.98632
     -10.93493     170.05538    -170.02672
     -10.90493     170.14137    -170.08830
     -10.87593     170.30437    -170.20502
     -10.84593     170.63147    -170.43041
     -10.81693     171.29117    -170.89469
     -10.78693     172.43336    -171.77898
     -10.75693     173.89001    -173.10594
     -10.72793     175.13954    -174.51314
     -10.69793     175.90554    -175.54267
     -10.66893     176.49803    -176.21421
     -10.63893     177.33466    -176.93121
     -10.60893     178.48085    -177.91381
     -10.57993     179.74755    -179.08635
     -10.54993     180.94570    -180.31575
     -10.51993     181.99285    -181.47808
     -10.49093     182.94554    -182.50657
     -10.46093     183.94102    -183.48117
     -10.43193     185.05168    -184.53187
     -10.40193     186.19580    -185.67318
     -10.37193     187.22814    -186.78384
     -10.34293     188.12132    -187.76614
     -10.31293     188.91782    -188.63341
     -10.28393     189.55087    -189.35411
     -10.25393     189.94963    -189.83586
     -10.22393     190.21822    -190.12764
     -10.19493     190.56936    -190.42728
     -10.16493     191.21544    -190.95374
     -10.13593     192.29560    -191.88052
     -10.10593     193.80333    -193.26033
     -10.07593     195.62092    -195.01530
     -10.04693     197.47685    -196.92231
     -10.01693     198.91973    -198.54670
      -9.98693     199.68588    -199.51893
      -9.95793     199.94330    -199.89575
      -9.92793     199.99501    -199.98482
      -9.89893     200.00093    -199.99704
      -9.86893     200.00133    -199.99798
      -9.83893     200.00196    -199.99824
      -9.80993     200.00955    -200.00171
      -9.77993     200.06054    -200.03036
      -9.75093     200.25236    -200.16094
      -9.72093     200.67925    -200.50597
      -9.69093     201.29750    -201.07758
      -9.66193     201.99792    -201.76837
      -9.63193     202.74497    -202.51484
      -9.60293     203.45724    -203.25256
      -9.57293     204.05283    -203.86548
      -9.54293     204.72201    -204.45560
      -9.51393     205.76028    -205.35011
      -9.48393     207.10559    -206.63576
      -9.45493     208.43107    -208.00921
      -9.42493     209.68297    -209.27872
      -9.39493     211.04116    -210.58732
      -9.36593     212.48760    -212.00385
      -9.33593     213.88917    -213.40587
      -9.30593     215.28497    -214.77621
      -9.27693     216.76886    -216.22175
      -9.24693     218.25483    -217.72252
      -9.21793     219.51931    -219.08160
      -9.18793     220.38924    -220.09559
      -9.15793     220.87099    -220.70525
      -9.12893     221.12445    -221.02259
      -9.09893     221.32125    -221.22364
      -9.06993     221.56769    -221.43803
      -9.03993     221.94615    -221.74695
      -9.00993     222.59623    -222.26053
      -8.98093     223.68039    -223.15948
      -8.95093     225.18841    -224.53825
      -8.92193     226.84640    -226.20188
      -8.89193     228.29668    -227.76571
      -8.86193     229.39106    -228.98326
      -8.83293     230.32672    -229.94617
      -8.80293     231.46033    -230.99035
      -8.77293     232.92794    -232.35906
      -8.74393     234.52523    -233.94185
      -8.71393     236.02822    -235.46912
      -8.68493     237.41262    -236.85825
      -8.65493     238.71234    -238.17559
      -8.62493     239.92796    -239.43074
      -8.59593     241.11427    -240.62490
      -8.56593     242.33597    -241.83120
      -8.53693     243.53413    -243.04949
      -8.50693     244.58098    -244.16444
      -8.47693     245.38073    -245.06517
      -8.44793     245.91149    -245.70015
      -8.41793     246.24238    -246.10388
      -8.38893     246.46899    -246.36812
      -8.35893     246.65521    -246.56942
      -8.32893     246.85211    -246.76025
      -8.29993     247.13324    -247.00634
      -8.26993     247.56747    -247.38802
      -8.24093     248.13375    -247.92470
      -8.21093     248.72299    -248.52696
      -8.18093     249.27136    -249.09576
      -8.15193     249.82743    -249.64221
      -8.12193     250.45560    -250.24284
      -8.09193     251.15172    -250.92194
      -8.06293     251.87597    -251.64057
      -8.03293     252.60807    -252.36600
      -8.00393     253.37881    -253.12268
      -7.97393     254.30249    -254.00904
      -7.94393     255.58829    -255.20217
      -7.91493     257.43830    -256.91035
      -7.88493     259.83269    -259.19030
      -7.85593     262.45937    -261.79314
      -7.82593     264.91282    -264.29145
      -7.79593     266.96122    -266.39078
      -7.76693     268.63639    -268.10178
      -7.73693     270.07350    -269.58922
      -7.70793     271.32880    -270.92669
      -7.67793     272.40570    -272.08413
      -7.64793     273.37838    -273.09486
      -7.61893     274.34484    -274.06961
      -7.58893     275.35631    -275.07456
      -7.55893     276.53329    -276.19218
      -7.52993     278.10024    -277.62706
      -7.49993     280.12110    -279.52889
      -7.47093     282.21243    -281.64436
      -7.44093     283.81121    -283.40066
      -7.41093     284.76212    -284.50155
      -7.38193     285.34988    -285.14600
      -7.35193     285.90121    -285.67379
      -7.32293     286.56254    -286.28834
      -7.29293     287.29671    -287.01260
      -7.26293     288.03074    -287.76868
      -7.23393     288.79230    -288.53749
      -7.20393     289.58125    -289.33548
      -7.17493     290.26183    -290.06017
      -7.14493     290.76312    -290.60218
      -7.11493     291.19098    -291.02678
      -7.08593     291.67569    -291.47877
      -7.05593     292.31940    -292.06179
      -7.02693     293.27595    -292.90093
      -6.99693     294.65590    -294.14498
      -6.96693     296.40895    -295.82399
      -6.93793     298.48251    -297.87565
      -6.90793     300.82923    -300.21689
      -6.87793     303.26122    -302.65776
      -6.84893     305.69558    -305.08635
      -6.81893     308.19227    -307.58555
      -6.78993     310.59613    -310.06285
      -6.75993     312.70434    -312.26936
      -6.72993     314.60114    -314.21413
      -6.70093     316.43176    -316.05333
      -6.67093     318.21174    -317.82577
      -6.64193     319.93680    -319.52773
      -6.61193     321.65846    -321.20275
      -6.58193     323.49633    -322.97637
      -6.55293     325.45028    -324.92084
      -6.52293     327.31065    -326.86502
      -6.49393     328.97072    -328.62886
      -6.46393     330.39702    -330.14903
      -6.43393     331.38406    -331.24340
      -6.40493     331.84356    -331.79019
      -6.37493     331.97976    -331.96394
      -6.34493     332.03483    -332.01906
      -6.31593     332.19046    -332.14220
      -6.28593     332.63779    -332.52340
      -6.25693     333.50106    -333.31560
      -6.22693     334.70396    -334.48178
      -6.19693     335.99509    -335.77869
      -6.16793     337.13624    -336.93169
      -6.13793     338.14845    -337.90718
      -6.10893     339.23143    -338.91376
      -6.07893     340.46807    -340.03330
      -6.04893     341.95463    -341.19149
      -6.01993     343.90280    -342.57070
      -5.98993     346.25884    -344.60104
      -5.96093     348.68358    -347.27820
      -5.93093     350.95079    -349.91332
      -5.90093     352.97817    -351.87718
      -5.87193     354.72247    -353.20665
      -5.84193     356.29253    -354.41562
      -5.81293     357.84881    -355.93356
      -5.78293     359.27482    -357.71354
      -5.75293     360.31945    -359.34134
      -5.72393     361.06739    -360.50292
      -5.69393     361.98840    -361.32992
      -5.66393     363.53062    -362.28794
      -5.63493     365.65422    -363.80218
      -5.60493     367.80759    -365.91069
      -5.57593     369.44160    -368.12120
      -5.54593     370.46831    -369.80303
      -5.51593     371.25638    -370.85062
      -5.48693     372.30323    -371.72411
      -5.45693     373.83834    -372.86823
      -5.42793     375.71249    -374.34827
      -5.39793     377.69426    -376.03942
      -5.36793     379.67752    -377.91757
      -5.33893     381.63206    -380.00061
      -5.30893     383.56586    -382.17485
      -5.27993     385.54912    -384.26500
      -5.24993     387.72558    -386.20399
      -5.21993     390.15239    -388.18251
      -5.19093     392.61636    -390.53574
      -5.16093     394.81917    -393.18551
      -5.13093     396.68843    -395.62682
      -5.10193     398.37604    -397.65642
      -5.07193     400.06808    -399.50214
      -5.04293     401.85444    -401.36133
      -5.01293     403.75419    -403.26094
      -4.98293     405.90578    -405.21015
      -4.95393     408.71041    -407.27779
      -4.92393     412.61297    -409.70475
      -4.89493     417.49413    -413.07300
      -4.86493     422.39157    -417.70544
      -4.83493     426.28376    -422.77017
      -4.80593     429.14287    -427.06802
      -4.77593     431.73609    -430.44056
      -4.74693     434.65028    -433.51405
      -4.71693     437.99913    -436.78740
      -4.68693     441.54785    -440.23397
      -4.65793     444.94556    -443.40576
      -4.62793     447.99077    -446.07863
      -4.59893     450.45282    -448.42179
      -4.56893     452.13376    -450.41215
      -4.53893     453.19734    -451.82320
      -4.50993     454.05084    -452.81735
      -4.47993     455.24056    -453.98278
      -4.44993     457.27741    -455.79356
      -4.42093     460.10010    -458.29040
      -4.39093     463.06655    -461.18845
      -4.36193     465.64733    -464.07125
      -4.33193     467.79743    -466.60391
      -4.30193     469.79624    -468.82434
      -4.27293     471.97743    -471.09763
      -4.24293     474.44688    -473.64154
      -4.21393     476.98088    -476.27148
      -4.18393     479.27800    -478.66912
      -4.15393     481.26940    -480.72981
      -4.12493     483.13703    -482.61150
      -4.09493     485.03264    -484.50712
      -4.06593     486.85482    -486.37223
      -4.03593     488.44841    -488.03008
      -4.00593     489.80765    -489.44275
      -3.97693     490.95265    -490.63691
      -3.94693     491.91541    -491.62765
      -3.91693     492.82325    -492.52897
      -3.88793     493.81251    -493.50387
      -3.85793     494.96610    -494.65287
      -3.82893     496.21681    -495.93409
      -3.79893     497.24368    -497.05378
      -3.76893     497.79397    -497.70830
      -3.73993     497.99359    -497.94654
      -3.70993     498.18168    -498.04650
      -3.68093     498.76872    -498.32394
      -3.65093     500.15505    -499.20498
      -3.62093     502.39665    -501.04034
      -3.59193     505.04139    -503.62748
      -3.56193     507.55407    -506.33988
      -3.53293     509.81314    -508.74315
      -3.50293     512.03238    -510.75809
      -3.47293     514.41359    -512.63253
      -3.44393     516.96921    -514.79078
      -3.41393     519.43584    -517.26467
      -3.38493     521.44367    -519.58044
      -3.35493     522.91083    -521.36635
      -3.32493     524.08693    -522.69094
      -3.29593     525.25474    -523.82751
      -3.26593     526.53432    -524.96748
      -3.23593     527.85965    -526.18429
      -3.20693     529.06580    -527.47557
      -3.17693     530.07860    -528.73117
      -3.14793     531.03529    -529.83221
      -3.11793     532.08258    -530.83731
      -3.08793     533.09849    -531.88031
      -3.05893     533.86627    -532.89015
      -3.02893     534.45580    -533.65082
      -2.99993     535.16318    -534.15788
      -2.96993     536.08877    -534.68790
      -2.93993     537.01600    -535.48632
      -2.91093     537.84892    -536.50786
      -2.88093     538.85861    -537.59364
      -2.85193     540.24923    -538.82422
      -2.82193     541.84534    -540.36733
      -2.79193     543.37187    -542.09210
      -2.76293     544.73184    -543.71071
      -2.73293     545.99706    -545.14737
      -2.70293     547.37258    -546.53666
      -2.67393     549.19239    -548.12670
      -2.64393     551.69900    -550.26837
      -2.61493     554.75383    -553.11712
      -2.58493     558.08937    -556.46301
      -2.55493     561.45155    -559.98508
      -2.52593     564.19370    -563.11231
      -2.49593     565.79840    -565.14072
      -2.46693     566.68787    -566.09919
      -2.43693     567.70985    -566.77473
      -2.40693     569.26673    -567.89043
      -2.37793     571.04656    -569.54916
      -2.34793     572.46694    -571.23884
      -2.31893     573.38543    -572.47178
      -2.28893     574.17246    -573.36570
      -2.25893     575.36425    -574.44127
      -2.22993     577.40880    -576.09157
      -2.19993     580.37835    -578.44199
      -2.17093     583.77014    -581.39496
      -2.14093     586.83238    -584.49510
      -2.11093     589.21862    -587.15005
      -2.08193     591.10565    -589.18468
      -2.05193     592.75358    -590.86177
      -2.02193     594.24650    -592.47505
      -1.99293     595.64955    -594.14208
      -1.96293     597.16779    -595.86744
      -1.93393     598.97753    -597.63513
      -1.90393     601.09744    -599.47227
      -1.87393     603.42106    -601.50053
      -1.84493     605.65896    -603.74909
      -1.81493     607.44294    -605.92422
      -1.78593     608.61119    -607.59228
      -1.75593     609.28185    -608.59768
      -1.72593     609.68366    -609.15242
      -1.69693     610.00300    -609.52387
      -1.66693     610.34188    -609.84380
      -1.63793     610.71792    -610.17661
      -1.60793     611.12505    -610.55517
      -1.57793     611.59111    -610.98200
      -1.54893     612.12438    -611.46982
      -1.51893     612.69452    -612.01967
      -1.48993     613.28760    -612.60239
      -1.45993     613.88971    -613.18940
      -1.42993     614.52617    -613.72933
      -1.40093     615.30861    -614.21449
      -1.37093     616.27137    -614.78003
      -1.34093     617.26625    -615.55314
      -1.31193     618.11516    -616.48570
      -1.28193     618.74911    -617.43499
      -1.25293     619.18259    -618.27383
      -1.22293     619.45746    -618.91236
      -1.19293     619.62672    -619.32260
      -1.16393     619.74880    -619.54753
      -1.13393     619.87540    -619.66844
      -1.10493     620.07087    -619.76666
      -1.07493     620.45344    -619.91720
      -1.04493     621.07569    -620.21889
      -1.01593     621.77536    -620.75127
      -0.98593     622.39480    -621.42889
      -0.95693     623.07123    -622.08504
      -0.92693     624.10239    -622.76192
      -0.89693     625.55815    -623.69817
      -0.86793     627.09993    -625.02543
      -0.83793     628.31452    -626.54367
      -0.80793     629.15617    -627.84708
      -0.77893     629.84859    -628.74515
      -0.74893     630.51881    -629.40589
      -0.71993     631.17007    -630.04560
      -0.68993     631.84932    -630.69761
      -0.65993     632.60096    -631.33747
      -0.63093     633.35246    -632.02101
      -0.60093     633.99750    -632.77103
      -0.57193     634.49657    -633.49706
      -0.54193     634.86359    -634.11161
      -0.51193     635.20676    -634.58447
      -0.48293     635.75277    -634.93505
      -0.45293     636.66356    -635.28282
      -0.42393     637.82115    -635.80572
      -0.39393     638.93758    -636.59364
      -0.36393     639.86259    -637.58467
      -0.33493     640.64651    -638.64085
      -0.30493     641.41591    -639.64832
      -0.27593     642.29621    -640.59095
      -0.24593     643.34528    -641.54926
      -0.21593     644.47060    -642.58842
      -0.18693     645.48591    -643.67080
      -0.15693     646.37391    -644.68286
      -0.12693     647.33134    -645.58506
      -0.09793     648.44170    -646.50282
      -0.06793     649.55843    -647.52879
      -0.03893     650.56042    -648.54781
      -0.00893     651.49683    -649.40723
       0.02107     652.43945    -650.12112
       0.05007     653.36091    -650.81517
       0.08007     654.21337    -651.59805
       0.10907     654.95169    -652.54512
       0.13907     655.51649    -653.64823
       0.16907     655.94080    -654.71640
       0.19807     656.36777    -655.52711
       0.22807     656.92414    -656.09206
       0.25707     657.56430    -656.61837
       0.28707     658.08572    -657.23944
       0.31707     658.38980    -657.85073
       0.34607     658.58047    -658.27518
       0.37607     658.82283    -658.52386
       0.40607     659.24921    -658.76899
       0.43507     659.88182    -659.17641
       0.46507     660.58372    -659.79289
       0.49407     661.19353    -660.50619
       0.52407     661.63812    -661.14931
       0.55407     661.90358    -661.61759
       0.58307     662.03872    -661.88626
       0.61307     662.12603    -662.01539
       0.64207     662.22420    -662.09833
       0.67207     662.41022    -662.18865
       0.70207     662.81075    -662.33796
       0.73107     663.49192    -662.66014
       0.76107     664.35223    -663.26374
       0.79007     665.22675    -664.10894
       0.82007     666.08040    -665.03173
       0.85007     667.00022    -665.94475
       0.87907     667.99778    -666.90691
       0.90907     668.91197    -667.94177
       0.93807     669.54829    -668.89135
       0.96807     669.86495    -669.54647
       0.99807     669.97224    -669.86384
       1.02707     669.99566    -669.96657
       1.05707     669.99876    -669.98768
       1.08707     669.99907    -669.99028
       1.11607     670.00031    -669.99061
       1.14607     670.01085    -669.99250
       1.17507     670.06600    -670.00690
       1.20507     670.25787    -670.07515
       1.23507     670.72836    -670.29539
       1.26407     671.55017    -670.80764
       1.29407     672.55098    -671.66588
       1.32307     673.37413    -672.66683
       1.35307     673.81597    -673.44853
       1.38307     673.96495    -673.84223
       1.41207     673.99521    -673.96507
       1.44207     673.99877    -673.98783
       1.47107     673.99901    -673.99024
       1.50107     673.99901    -673.99038
       1.53107     673.99901    -673.99038
       1.56007     673.99901    -673.99038
       1.59007     673.99901    -673.99038
       1.62007     673.99901    -673.99038
       1.64907     673.99902    -673.99038
       1.67907     673.99913    -673.99038
       1.70807     674.00050    -673.99039
       1.73807     674.00942    -673.99050
       1.76807     674.04246    -673.99186
       1.79707     674.11712    -674.00077
       1.82707     674.23441    -674.03402
       1.85607     674.40090    -674.11040
       1.88607     674.66653    -674.23423
       1.91607     675.07737    -674.41217
       1.94507     675.58221    -674.68214
       1.97507     676.06500    -675.08216
       2.00407     676.47494    -675.58035
       2.03407     676.84654    -676.08815
       2.06407     677.19283    -676.55539
       2.09307     677.46623    -676.97570
       2.12307     677.64612    -677.31712
       2.15207     677.78603    -677.54761
       2.18207     677.98627    -677.69966
       2.21207     678.36007    -677.86419
       2.24107     678.95508    -678.16829
       2.27107     679.73011    -678.71281
       2.30107     680.61189    -679.48311
       2.33007     681.45636    -680.38088
       2.36007     682.12539    -681.26339
       2.38907     682.70826    -681.98528
       2.41907     683.42851    -682.58665
       2.44907     684.37528    -683.28573
       2.47807     685.44760    -684.21104
       2.50807     686.41953    -685.28720
       2.53707     687.09523    -686.29201
       2.56707     687.47586    -687.01241
       2.59707     687.72858    -687.42727
       2.62607     688.08730    -687.69613
       2.65607     688.75944    -688.06207
       2.68507     689.77194    -688.75124
       2.71507     690.93605    -689.78491
       2.74507     692.01961    -690.94709
       2.77407     692.91249    -692.00312
       2.80407     693.67879    -692.86121
       2.83407     694.45886    -693.59420
       2.86307     695.31103    -694.35147
       2.89307     696.23959    -695.20822
       2.92207     697.19879    -696.16713
       2.95207     698.00669    -697.16039
       2.98207     698.51776    -697.99035
       3.01107     698.81228    -698.51059
       3.04107     699.10341    -698.80277
       3.07007     699.58220    -699.07555
       3.10007     700.29001    -699.52665
       3.13007     701.08711    -700.22440
       3.15907     701.85666    -701.03112
       3.18907     702.66264    -701.79386
       3.21807     703.59357    -702.57245
       3.24807     704.62724    -703.48236
       3.27807     705.69956    -704.47783
       3.30707     706.68423    -705.47509
       3.33707     707.40152    -706.42571
       3.36607     707.79204    -707.20533
       3.39607     707.95192    -707.69196
       3.42607     708.01372    -707.91285
       3.45507     708.06564    -707.99612
       3.48507     708.14049    -708.05066
       3.51507     708.24355    -708.12243
       3.54407     708.37319    -708.22072
       3.57407     708.51896    -708.34659
       3.60307     708.68002    -708.49578
       3.63307     708.90754    -708.69630
       3.66307     709.35239    -709.09570
       3.69207     710.27340    -709.95423
       3.72207     711.85692    -711.41695
       3.75107     713.91953    -713.29110
       3.78107     715.94824    -715.17975
       3.81107     717.55664    -716.82353
       3.84007     718.69528    -718.16248
       3.87007     719.43819    -719.14079
       3.89907     719.88722    -719.70870
       3.92907     720.22714    -719.97448
       3.95907     720.63116    -720.17184
       3.98807     721.10788    -720.48880
       4.01807     721.59007    -720.93961
       4.04807     722.14792    -721.43261
       4.07707     722.97788    -722.03516
       4.10707     724.28781    -723.03153
       4.13607     726.18964    -724.65666
       4.16607     728.60505    -726.93646
       4.19607     731.25423    -729.68882
       4.22507     733.75092    -732.54305
       4.25507     735.91168    -735.16676
       4.28407     737.86326    -737.48402
       4.31407     739.72023    -739.53612
       4.34407     741.39732    -741.29138
       4.37307     742.79431    -742.72020
       4.40307     743.94805    -743.89230
       4.43207     744.88756    -744.84528
       4.46207     745.57140    -745.53326
       4.49207     746.05315    -746.00169
       4.52107     746.48382    -746.41223
       4.55107     746.95906    -746.87592
       4.58007     747.54059    -747.44709
       4.61007     748.29505    -748.18674
       4.64007     749.20954    -749.08835
       4.66907     750.24751    -750.11196
       4.69907     751.41413    -751.25993
       4.72907     752.71844    -752.53951
       4.75807     754.22957    -753.99512
       4.78807     756.08625    -755.71959
       4.81707     758.35775    -757.76888
       4.84707     760.98413    -760.16978
       4.87707     763.77869    -762.89268
       4.90607     766.40389    -765.62596
       4.93607     768.63690    -767.85083
       4.96507     770.75296    -769.43450
       4.99507     773.24417    -770.88375
       5.02507     776.08063    -772.86212
       5.05407     778.76667    -775.52211
       5.08407     781.12050    -778.35901
       5.11307     783.30273    -780.89597
       5.14307     785.30568    -783.16229
       5.17307     787.03503    -785.22698
       5.20207     788.53491    -786.90289
       5.23207     789.93086    -788.19150
       5.26207     791.46405    -789.49181
       5.29107     793.49942    -791.23271
       5.32107     796.27281    -793.67373
       5.35007     799.53580    -796.86062
       5.38007     802.70403    -800.38270
       5.41007     805.58565    -803.71971
       5.43907     808.47911    -806.88350
       5.46907     811.52891    -810.09319
       5.49807     814.60831    -813.27772
       5.52807     817.60852    -816.27348
       5.55807     820.44838    -819.03132
       5.58707     823.07269    -821.58234
       5.61707     825.52008    -824.01641
       5.64607     827.95310    -826.50037
       5.67607     830.58185    -829.22786
       5.70607     833.42423    -832.19150
       5.73507     836.30259    -835.15232
       5.76507     839.06207    -837.91668
       5.79407     841.60584    -840.42936
       5.82407     843.93168    -842.74483
       5.85407     846.19282    -845.02626
       5.88307     848.56396    -847.42168
       5.91307     851.06613    -849.92104
       5.94307     853.55483    -852.36606
       5.97207     855.86468    -854.61062
       6.00207     857.91278    -856.61327
       6.03107     859.73215    -858.41946
       6.06107     861.48297    -860.16036
       6.09107     863.36674    -862.02059
       6.12007     865.50855    -864.12703
       6.15007     867.91671    -866.49195
       6.17907     870.50593    -869.06015
       6.20907     873.15067    -871.71939
       6.23907     875.71220    -874.30165
       6.26807     878.06602    -876.67798
       6.29807     880.25151    -878.91070
       6.32707     882.49267    -881.21019
       6.35707     884.90808    -883.66601
       6.38707     887.38315    -886.16611
       6.41607     889.79560    -888.60402
       6.44607     892.13358    -890.99456
       6.47607     894.41634    -893.35519
       6.50507     896.66002    -895.64062
       6.53507     898.85661    -897.82433
       6.56407     900.99606    -899.94794
       6.59407     903.14232    -902.09938
       6.62407     905.39591    -904.36304
       6.65307     907.77594    -906.74321
       6.68307     910.20823    -909.16647
       6.71207     912.61165    -911.56974
       6.74207     914.95407    -913.91586
       6.77207     917.25637    -916.18545
       6.80107     919.55008    -918.41106
       6.83107     921.83373    -920.64008
       6.86007     924.08244    -922.87872
       6.89007     926.27563    -925.11706
       6.92007     928.41478    -927.35703
       6.94907     930.52906    -929.59568
       6.97907     932.64260    -931.80885
       7.00807     934.73571    -933.97791
       7.03807     936.78559    -936.11662
       7.06807     938.80911    -938.23430
       7.09707     940.81487    -940.31275
       7.12707     942.78747    -942.34561
       7.15707     944.73075    -944.33967
       7.18607     946.66071    -946.29332
       7.21607     948.59586    -948.21706
       7.24507     950.56238    -950.13577
       7.27507     952.57318    -952.07979
       7.30507     954.63771    -954.09725
       7.33407     956.75703    -956.22441
       7.36407     958.90180    -958.44010
       7.39307     961.05339    -960.67282
       7.42307     963.20676    -962.85283
       7.45307     965.33703    -964.96948
       7.48207     967.41770    -967.05341
       7.51207     969.43649    -969.11291
       7.54107     971.40583    -971.12919
       7.57107     973.33667    -973.08713
       7.60107     975.19320    -974.97682
       7.63007     976.95083    -976.79174
       7.66007     978.65250    -978.54626
       7.69007     980.34307    -980.25548
       7.71907     982.01498    -981.90193
       7.74907     983.63611    -983.45081
       7.77807     985.18218    -984.89562
       7.80807     986.65482    -986.27173
       7.83807     988.07667    -987.62578
       7.86707     989.45471    -988.98590
       7.89707     990.76020    -990.33951
       7.92607     991.96058    -991.63730
       7.95607     993.06339    -992.84049
       7.98607     994.11439    -993.96107
       8.01507     995.16301    -995.04167
       8.04507     996.21682    -996.10022
       8.07407     997.22548    -997.11672
       8.10407     998.13198    -998.06749
       8.13407     998.93188    -998.94808
       8.16307     999.67538    -999.76812
       8.19307    1000.40792   -1000.53383
       8.22207    1001.13085   -1001.25290
       8.25207    1001.83334   -1001.94192
       8.28207    1002.51525   -1002.59747
       8.31107    1003.16340   -1003.19929
       8.34107    1003.75471   -1003.76173
       8.37107    1004.30071   -1004.32401
       8.40007    1004.84050   -1004.89311
       8.43007    1005.37199   -1005.44770
       8.45907    1005.84249   -1005.96602
       8.48907    1006.22268   -1006.42497
       8.51907    1006.53950   -1006.80797
       8.54807    1006.82492   -1007.11827
       8.57807    1007.07863   -1007.36965
       8.60707    1007.29352   -1007.57076
       8.63707    1007.47651   -1007.72334
       8.66707    1007.63131   -1007.83078
       8.69607    1007.75591   -1007.90033
       8.72607    1007.85463   -1007.94013
       8.75507    1007.92910   -1007.96131
       8.78507    1007.97475   -1007.97519
       8.81507    1007.99454   -1007.98562
       8.84407    1008.00010   -1007.99146
       8.87407    1008.00105   -1007.99342
       8.90307    1008.00115   -1007.99378
       8.93307    1008.00115   -1007.99381
       8.96307    1008.00115   -1007.99382
       8.99207    1008.00115   -1007.99382
       9.02207    1008.00115   -1007.99382
       9.05207    1008.00115   -1007.99382
       9.08107    1008.00115   -1007.99382
       9.11107    1008.00115   -1007.99382
       9.14007    1008.00115   -1007.99382
       9.17007    1008.00115   -1007.99382
       9.20007    1008.00115   -1007.99382
       9.22907    1008.00115   -1007.99382
       9.25907    1008.00115   -1007.99382
       9.28807    1008.00115   -1007.99382
       9.31807    1008.00115   -1007.99382
       9.34807    1008.00115   -1007.99382
       9.37707    1008.00115   -1007.99382
       9.40707    1008.00115   -1007.99382
       9.43607    1008.00115   -1007.99382
       9.46607    1008.00115   -1007.99382
       9.49607    1008.00115   -1007.99382
       9.52507    1008.00115   -1007.99382
       9.55507    1008.00115   -1007.99382
       9.58507    1008.00115   -1007.99382
       9.61407    1008.00115   -1007.99382
       9.64407    1008.00115   -1007.99382
       9.67307    1008.00115   -1007.99382
       9.70307    1008.00115   -1007.99382
       9.73307    1008.00115   -1007.99382
       9.76207    1008.00115   -1007.99382
       9.79207    1008.00115   -1007.99382
       9.82107    1008.00115   -1007.99382
       9.85107    1008.00115   -1007.99382
       9.88107    1008.00115   -1007.99382
       9.91007    1008.00115   -1007.99382
       9.94007    1008.00115   -1007.99382
       9.96907    1008.00115   -1007.99382
       9.99907    1008.00115   -1007.99382
      10.02907    1008.00115   -1007.99382
      10.05807    1008.00115   -1007.99382
      10.08807    1008.00115   -1007.99382
      10.11707    1008.00115   -1007.99382
