      #Energy        TDOS-UP        TDOS-DOWN
     -23.62700       0.00000       0.00000
     -23.59600       0.00000       0.00000
     -23.56600       0.00000       0.00000
     -23.53500       0.00000       0.00000
     -23.50400       0.00000       0.00000
     -23.47400       0.00000       0.00000
     -23.44300       0.00000       0.00000
     -23.41200       0.00000       0.00000
     -23.38200       0.00000       0.00000
     -23.35100       0.00000       0.00000
     -23.32000       0.00000       0.00000
     -23.29000       0.00000       0.00000
     -23.25900       0.00000       0.00000
     -23.22800       0.00000       0.00000
     -23.19800       0.00000       0.00000
     -23.16700       0.00000       0.00000
     -23.13600       0.00000       0.00000
     -23.10600       0.00000       0.00000
     -23.07500       0.00000       0.00000
     -23.04400       0.00000       0.00000
     -23.01300       0.00000       0.00000
     -22.98300       0.00000       0.00000
     -22.95200       0.00000       0.00000
     -22.92100       0.00000       0.00000
     -22.89100       0.00000       0.00000
     -22.86000       0.00000       0.00000
     -22.82900       0.00000       0.00000
     -22.79900       0.00000       0.00000
     -22.76800       0.00000       0.00000
     -22.73700       0.00000       0.00000
     -22.70700       0.00000       0.00000
     -22.67600       0.00000       0.00000
     -22.64500       0.00000       0.00000
     -22.61500       0.00000       0.00000
     -22.58400       0.00000       0.00000
     -22.55300       0.00000       0.00000
     -22.52300       0.00000       0.00000
     -22.49200       0.00000      -0.00000
     -22.46100       0.00000      -0.00000
     -22.43100       0.00000      -0.00000
     -22.40000       0.00000      -0.00000
     -22.36900       0.00011      -0.00000
     -22.33900       0.00282      -0.00008
     -22.30800       0.03574      -0.00218
     -22.27700       0.23935      -0.02928
     -22.24700       0.90493      -0.20735
     -22.21600       2.14377      -0.82516
     -22.18500       3.74853      -2.04851
     -22.15500       5.80079      -3.71660
     -22.12400       8.35163      -5.83328
     -22.09300      10.56032      -8.36433
     -22.06300      11.75867     -10.52869
     -22.03200      12.52593     -11.70957
     -22.00100      13.86215     -12.42974
     -21.97100      15.99294     -13.68898
     -21.94000      18.12387     -15.81087
     -21.90900      19.42314     -18.01818
     -21.87900      19.89289     -19.38998
     -21.84800      19.98888     -19.88768
     -21.81700      19.99940     -19.98895
     -21.78700      19.99999     -19.99999
     -21.75600      20.00001     -20.00061
     -21.72500      20.00001     -20.00062
     -21.69500      20.00001     -20.00062
     -21.66400      20.00001     -20.00062
     -21.63300      20.00001     -20.00062
     -21.60300      20.00001     -20.00062
     -21.57200      20.00001     -20.00062
     -21.54100      20.00001     -20.00062
     -21.51100      20.00001     -20.00062
     -21.48000      20.00001     -20.00062
     -21.44900      20.00001     -20.00062
     -21.41900      20.00009     -20.00064
     -21.38800      20.00206     -20.00132
     -21.35700      20.02788     -20.01256
     -21.32700      20.19934     -20.10719
     -21.29600      20.79422     -20.51865
     -21.26500      21.91083     -21.47500
     -21.23500      23.07729     -22.70112
     -21.20400      23.78182     -23.58616
     -21.17300      24.16323     -23.99943
     -21.14200      24.75965     -24.37958
     -21.11200      25.93085     -25.22214
     -21.08100      27.56061     -26.67998
     -21.05000      29.26030     -28.44530
     -21.02000      30.85739     -30.15787
     -20.98900      32.30786     -31.72337
     -20.95800      33.35500     -32.98399
     -20.92800      33.84488     -33.70033
     -20.89700      33.97815     -33.94747
     -20.86600      33.99818     -33.99536
     -20.83600      34.00308     -34.00097
     -20.80500      34.03482     -34.01025
     -20.77400      34.20509     -34.07778
     -20.74400      34.75171     -34.37109
     -20.71300      35.85821     -35.15001
     -20.68200      37.38184     -36.49114
     -20.65200      39.02815     -38.14467
     -20.62100      40.69609     -39.86950
     -20.59000      42.25515     -41.55708
     -20.56000      43.35213     -42.92413
     -20.52900      43.84697     -43.68494
     -20.49800      43.97823     -43.94414
     -20.46800      43.99772     -43.99488
     -20.43700      43.99929     -44.00038
     -20.40600      43.99936     -44.00070
     -20.37600      43.99936     -44.00071
     -20.34500      43.99936     -44.00071
     -20.31400      43.99936     -44.00071
     -20.28400      43.99936     -44.00071
     -20.25300      43.99936     -44.00071
     -20.22200      43.99936     -44.00071
     -20.19200      43.99936     -44.00071
     -20.16100      43.99936     -44.00071
     -20.13000      43.99936     -44.00071
     -20.10000      43.99936     -44.00071
     -20.06900      43.99936     -44.00071
     -20.03800      43.99936     -44.00071
     -20.00800      43.99936     -44.00071
     -19.97700      43.99936     -44.00071
     -19.94600      43.99936     -44.00071
     -19.91600      43.99936     -44.00071
     -19.88500      43.99936     -44.00071
     -19.85400      43.99936     -44.00071
     -19.82400      43.99936     -44.00071
     -19.79300      43.99936     -44.00071
     -19.76200      43.99938     -44.00071
     -19.73200      44.00004     -44.00090
     -19.70100      44.00967     -44.00456
     -19.67000      44.08171     -44.03996
     -19.64000      44.37343     -44.22137
     -19.60900      45.05865     -44.74459
     -19.57800      46.07619     -45.66245
     -19.54800      47.15845     -46.73765
     -19.51700      48.21801     -47.74109
     -19.48600      49.42511     -48.78025
     -19.45600      50.79630     -50.04348
     -19.42500      52.09173     -51.40547
     -19.39400      53.09378     -52.59263
     -19.36400      53.69342     -53.42246
     -19.33300      53.93425     -53.84196
     -19.30200      53.99286     -53.97487
     -19.27200      54.02266     -54.00204
     -19.24100      54.19268     -54.04677
     -19.21000      54.90074     -54.32311
     -19.17900      56.58755     -55.31320
     -19.14900      58.95097     -57.32544
     -19.11800      61.04526     -59.72721
     -19.08700      62.68713     -61.63362
     -19.05700      64.59584     -63.28086
     -19.02600      66.96418     -65.40367
     -18.99500      69.24725     -67.88841
     -18.96500      71.14093     -70.15844
     -18.93400      72.62791     -71.97054
     -18.90300      73.61386     -73.22778
     -18.87300      74.28512     -73.97280
     -18.84200      75.14501     -74.65694
     -18.81100      76.30563     -75.68629
     -18.78100      77.30968     -76.83971
     -18.75000      77.82692     -77.61955
     -18.71900      78.01072     -77.93711
     -18.68900      78.16514     -78.06668
     -18.65800      78.48859     -78.26831
     -18.62700      79.06614     -78.67816
     -18.59700      79.89904     -79.34113
     -18.56600      80.91520     -80.24013
     -18.53500      81.98489     -81.29893
     -18.50500      82.92238     -82.36217
     -18.47400      83.55176     -83.20795
     -18.44300      83.85802     -83.70392
     -18.41300      83.96637     -83.91594
     -18.38200      83.99397     -83.98365
     -18.35100      84.00031     -83.99938
     -18.32100      84.02138     -84.00808
     -18.29000      84.14399     -84.06228
     -18.25900      84.53690     -84.29741
     -18.22900      85.25600     -84.86438
     -18.19800      86.07188     -85.67381
     -18.16700      86.74896     -86.43908
     -18.13700      87.32513     -87.05620
     -18.10600      87.97523     -87.66657
     -18.07500      88.83803     -88.44181
     -18.04500      89.94222     -89.46932
     -18.01400      91.08260     -90.64007
     -17.98300      91.93620     -91.63000
     -17.95300      92.46300     -92.25126
     -17.92200      92.94562     -92.69079
     -17.89100      93.64065     -93.24918
     -17.86100      94.61586     -94.06030
     -17.83000      95.85470     -95.13167
     -17.79900      97.32757     -96.46084
     -17.76900      98.99689     -98.03048
     -17.73800     100.70854     -99.76774
     -17.70700     102.11761    -101.40501
     -17.67700     103.04544    -102.60367
     -17.64600     103.71547    -103.37445
     -17.61500     104.47184    -104.05230
     -17.58500     105.45626    -104.91388
     -17.55400     106.56811    -105.96838
     -17.52300     107.68365    -107.07779
     -17.49300     108.81376    -108.18873
     -17.46200     110.01212    -109.35380
     -17.43100     111.24958    -110.58773
     -17.40100     112.44624    -111.82351
     -17.37000     113.53863    -112.97953
     -17.33900     114.55019    -114.02514
     -17.30800     115.58843    -115.04284
     -17.27800     116.69600    -116.13154
     -17.24700     117.83009    -117.27346
     -17.21600     118.96465    -118.40265
     -17.18600     120.10059    -119.50484
     -17.15500     121.20493    -120.59814
     -17.12400     122.19150    -121.64651
     -17.09400     123.02347    -122.56713
     -17.06300     123.80131    -123.37273
     -17.03200     124.65077    -124.19229
     -17.00200     125.59854    -125.11014
     -16.97100     126.64307    -126.12247
     -16.94000     127.85047    -127.25580
     -16.91000     129.23961    -128.57914
     -16.87900     130.56740    -129.98867
     -16.84800     131.47145    -131.12691
     -16.81800     131.87203    -131.74449
     -16.78700     131.98053    -131.95389
     -16.75600     131.99748    -131.99579
     -16.72600     131.99893    -132.00047
     -16.69500     131.99900    -132.00075
     -16.66400     131.99900    -132.00076
     -16.63400     131.99900    -132.00076
     -16.60300     131.99904    -132.00076
     -16.57200     131.99985    -132.00085
     -16.54200     132.00966    -132.00254
     -16.51100     132.07152    -132.01969
     -16.48000     132.28523    -132.11113
     -16.45000     132.72261    -132.38256
     -16.41900     133.32946    -132.87546
     -16.38800     134.02541    -133.51619
     -16.35800     134.80601    -134.24373
     -16.32700     135.70378    -135.06298
     -16.29600     136.70215    -135.99587
     -16.26600     137.65206    -136.99516
     -16.23500     138.39539    -137.89523
     -16.20400     138.94289    -138.57998
     -16.17400     139.37843    -139.09558
     -16.14300     139.72447    -139.51072
     -16.11200     140.02941    -139.85440
     -16.08200     140.44272    -140.22553
     -16.05100     141.03223    -140.74343
     -16.02000     141.65027    -141.35380
     -15.99000     142.16295    -141.90191
     -15.95900     142.66812    -142.38377
     -15.92800     143.37695    -142.97221
     -15.89800     144.35631    -143.82044
     -15.86700     145.46633    -144.88277
     -15.83600     146.65578    -146.03787
     -15.80600     148.10550    -147.36781
     -15.77500     149.91806    -149.01949
     -15.74400     152.03120    -150.94692
     -15.71400     154.42622    -153.09074
     -15.68300     157.01463    -155.48959
     -15.65200     159.38465    -157.99626
     -15.62200     161.00475    -160.11217
     -15.59100     161.75007    -161.38137
     -15.56000     161.96136    -161.87208
     -15.53000     161.99562    -161.98517
     -15.49900     161.99874    -161.99976
     -15.46800     162.00180    -162.00156
     -15.43800     162.03528    -162.01381
     -15.40700     162.23405    -162.11026
     -15.37600     162.86589    -162.51240
     -15.34500     163.98051    -163.43209
     -15.31500     165.10095    -164.62431
     -15.28400     165.74645    -165.51472
     -15.25300     165.95759    -165.89617
     -15.22300     166.00395    -165.99108
     -15.19200     166.05152    -166.02443
     -15.16100     166.19097    -166.11072
     -15.13100     166.48413    -166.33004
     -15.10000     166.93332    -166.71870
     -15.06900     167.51179    -167.25546
     -15.03900     168.21479    -167.92273
     -15.00800     169.00383    -168.70042
     -14.97700     169.79762    -169.51783
     -14.94700     170.53559    -170.29874
     -14.91600     171.18169    -170.98778
     -14.88500     171.78286    -171.59708
     -14.85500     172.45397    -172.23920
     -14.82400     173.20129    -172.96781
     -14.79300     173.91855    -173.70102
     -14.76300     174.51282    -174.33854
     -14.73200     174.93763    -174.82040
     -14.70100     175.20644    -175.13709
     -14.67100     175.39225    -175.34357
     -14.64000     175.58518    -175.52818
     -14.60900     175.86938    -175.77798
     -14.57900     176.30017    -176.16251
     -14.54800     176.82696    -176.67182
     -14.51700     177.29854    -177.17300
     -14.48700     177.64991    -177.55111
     -14.45600     177.99866    -177.86971
     -14.42500     178.51257    -178.29498
     -14.39500     179.32568    -178.97038
     -14.36400     180.50686    -180.00786
     -14.33300     181.89845    -181.35819
     -14.30300     183.18713    -182.72279
     -14.27200     184.27415    -183.87697
     -14.24100     185.27421    -184.89421
     -14.21100     186.17090    -185.84427
     -14.18000     186.90918    -186.64220
     -14.14900     187.74345    -187.40501
     -14.11900     188.98689    -188.48881
     -14.08800     190.51727    -189.96168
     -14.05700     191.93800    -191.46767
     -14.02700     193.05998    -192.69685
     -13.99600     193.99409    -193.66762
     -13.96500     194.94891    -194.58471
     -13.93500     196.06476    -195.62894
     -13.90400     197.31479    -196.84125
     -13.87300     198.50717    -198.07135
     -13.84300     199.52379    -199.14456
     -13.81200     200.44364    -200.08327
     -13.78100     201.35353    -200.99392
     -13.75100     202.24087    -201.88863
     -13.72000     203.04171    -202.72091
     -13.68900     203.67033    -203.42560
     -13.65900     204.10265    -203.94181
     -13.62800     204.45584    -204.31738
     -13.59700     204.94613    -204.73759
     -13.56700     205.74606    -205.41790
     -13.53600     206.82019    -206.41151
     -13.50500     207.96671    -207.56049
     -13.47500     208.94223    -208.62434
     -13.44400     209.57469    -209.39038
     -13.41300     209.89591    -209.80942
     -13.38200     210.11642    -210.04005
     -13.35200     210.49662    -210.34516
     -13.32100     211.17954    -210.92885
     -13.29000     212.09632    -211.78782
     -13.26000     213.06878    -212.76165
     -13.22900     213.95474    -213.68151
     -13.19800     214.79346    -214.51808
     -13.16800     215.74935    -215.42367
     -13.13700     216.83575    -216.47634
     -13.10600     217.92814    -217.57271
     -13.07600     218.89185    -218.58626
     -13.04500     219.56525    -219.37024
     -13.01400     219.89387    -219.81151
     -12.98400     220.05097    -220.00071
     -12.95300     220.36484    -220.22344
     -12.92200     221.18179    -220.84838
     -12.89200     222.54638    -222.06284
     -12.86100     224.04747    -223.57803
     -12.83000     225.27420    -224.91610
     -12.80000     226.16445    -225.90619
     -12.76900     226.82252    -226.62805
     -12.73800     227.36725    -227.19533
     -12.70800     227.94618    -227.73945
     -12.67700     228.75347    -228.43939
     -12.64600     229.91716    -229.47318
     -12.61600     231.30507    -230.81002
     -12.58500     232.67749    -232.20606
     -12.55400     233.99424    -233.53231
     -12.52400     235.33445    -234.85105
     -12.49300     236.70441    -236.20093
     -12.46200     238.06134    -237.55663
     -12.43200     239.34742    -238.87414
     -12.40100     240.51096    -240.08860
     -12.37000     241.54644    -241.16549
     -12.34000     242.49589    -242.12951
     -12.30900     243.45455    -243.06746
     -12.27800     244.49479    -244.07948
     -12.24800     245.55542    -245.14932
     -12.21700     246.53938    -246.16441
     -12.18600     247.46153    -247.09638
     -12.15600     248.37080    -248.00304
     -12.12500     249.24403    -248.89560
     -12.09400     250.02632    -249.71852
     -12.06400     250.75463    -250.45281
     -12.03300     251.53431    -251.19507
     -12.00200     252.33715    -251.99791
     -11.97200     253.04490    -252.76088
     -11.94100     253.60528    -253.39364
     -11.91000     253.99216    -253.86031
     -11.88000     254.23393    -254.15536
     -11.84900     254.46959    -254.38099
     -11.81800     254.85418    -254.70677
     -11.78800     255.44017    -255.23218
     -11.75700     256.16617    -255.92813
     -11.72600     256.95475    -256.71517
     -11.69600     257.73244    -257.51663
     -11.66500     258.43345    -258.24861
     -11.63400     259.11298    -258.92340
     -11.60400     259.94067    -259.69326
     -11.57300     261.06894    -260.72952
     -11.54200     262.54778    -262.12218
     -11.51100     264.29547    -263.82677
     -11.48100     266.13426    -265.66954
     -11.45000     267.90265    -267.45818
     -11.41900     269.55556    -269.11876
     -11.38900     271.09836    -270.67337
     -11.35800     272.52752    -272.12921
     -11.32700     273.92279    -273.52924
     -11.29700     275.37603    -274.96576
     -11.26600     276.84016    -276.43142
     -11.23500     278.23082    -277.84233
     -11.20500     279.51828    -279.15877
     -11.17400     280.70375    -280.37277
     -11.14300     281.85349    -281.53094
     -11.11300     283.02224    -282.69908
     -11.08200     284.16677    -283.85725
     -11.05100     285.18692    -284.92019
     -11.02100     285.99114    -285.78913
     -10.99000     286.59814    -286.44321
     -10.95900     287.14793    -286.99300
     -10.92900     287.82287    -287.61534
     -10.89800     288.75376    -288.47017
     -10.86700     289.88019    -289.55917
     -10.83700     291.04296    -290.72271
     -10.80600     292.24561    -291.90926
     -10.77500     293.57386    -293.20684
     -10.74500     295.02051    -294.63262
     -10.71400     296.53325    -296.13340
     -10.68300     298.06117    -297.65427
     -10.65300     299.58817    -299.16717
     -10.62200     301.15337    -300.70813
     -10.59100     302.75674    -302.30690
     -10.56100     304.31104    -303.89341
     -10.53000     305.75094    -305.37563
     -10.49900     307.10664    -306.75434
     -10.46900     308.47292    -308.11786
     -10.43800     309.91251    -309.54779
     -10.40700     311.35624    -311.00823
     -10.37700     312.61364    -312.33081
     -10.34600     313.53073    -313.33608
     -10.31500     314.19616    -314.04645
     -10.28500     314.88168    -314.71326
     -10.25400     315.77914    -315.56410
     -10.22300     316.98317    -316.70617
     -10.19300     318.54882    -318.20434
     -10.16200     320.30908    -319.94605
     -10.13100     321.90740    -321.59068
     -10.10100     323.18703    -322.92230
     -10.07000     324.25810    -324.01821
     -10.03900     325.25571    -325.01965
     -10.00900     326.31956    -326.05621
      -9.97800     327.60809    -327.28570
      -9.94700     329.21024    -328.81347
      -9.91700     331.13138    -330.67173
      -9.88600     333.18165    -332.72966
      -9.85500     334.97811    -334.61614
      -9.82500     336.34746    -336.07245
      -9.79400     337.46330    -337.21820
      -9.76300     338.47088    -338.24540
      -9.73300     339.28506    -339.11771
      -9.70200     339.81431    -339.71321
      -9.67100     340.19173    -340.10305
      -9.64100     340.68938    -340.54749
      -9.61000     341.47688    -341.26030
      -9.57900     342.48522    -342.22709
      -9.54800     343.53237    -343.25981
      -9.51800     344.67934    -344.33042
      -9.48700     346.28471    -345.73090
      -9.45600     348.55797    -347.65219
      -9.42600     351.31660    -349.88281
      -9.39500     354.32522    -352.29501
      -9.36400     357.79115    -355.33429
      -9.33400     362.03922    -359.42286
      -9.30300     366.50352    -363.97152
      -9.27200     370.05396    -367.78098
      -9.24200     372.37629    -370.42275
      -9.21100     374.13195    -372.48682
      -9.18000     376.11090    -374.69474
      -9.15000     378.58076    -377.28223
      -9.11900     381.24769    -379.95131
      -9.08800     383.87153    -382.37516
      -9.05800     386.52695    -384.74288
      -9.02700     389.17333    -387.39064
      -8.99600     391.50593    -390.13241
      -8.96600     393.30392    -392.41977
      -8.93500     394.73707    -394.04462
      -8.90400     396.07299    -395.30140
      -8.87400     397.28852    -396.45727
      -8.84300     398.44654    -397.56515
      -8.81200     399.98366    -398.78880
      -8.78200     402.13699    -400.50950
      -8.75100     404.49367    -402.86526
      -8.72000     406.50759    -405.35751
      -8.69000     408.18934    -407.50148
      -8.65900     409.93273    -409.44793
      -8.62800     411.88239    -411.44176
      -8.59800     413.95413    -413.42209
      -8.56700     416.34777    -415.34032
      -8.53600     419.49855    -417.38614
      -8.50600     423.40003    -420.06932
      -8.47500     427.47940    -423.81130
      -8.44400     431.34560    -428.20660
      -8.41400     434.88975    -432.47000
      -8.38300     437.93747    -436.26106
      -8.35200     440.43646    -439.46290
      -8.32200     442.37309    -441.86436
      -8.29100     443.72404    -443.39198
      -8.26000     444.78866    -444.38146
      -8.23000     446.00235    -445.33674
      -8.19900     447.65941    -446.56484
      -8.16800     450.00275    -448.35225
      -8.13800     452.80632    -450.87962
      -8.10700     455.19566    -453.59010
      -8.07600     456.78171    -455.67350
      -8.04600     458.10183    -457.17336
      -8.01500     459.57163    -458.66171
      -7.98400     461.07901    -460.25313
      -7.95400     462.63684    -461.70851
      -7.92300     464.48636    -463.12295
      -7.89200     466.61652    -464.88245
      -7.86200     468.81356    -467.14359
      -7.83100     470.88008    -469.61314
      -7.80000     472.72439    -471.88440
      -7.77000     474.42223    -473.85799
      -7.73900     475.96273    -475.56473
      -7.70800     477.18164    -476.90724
      -7.67800     478.10103    -477.88399
      -7.64700     479.00539    -478.76014
      -7.61600     480.07845    -479.79317
      -7.58500     481.16317    -480.90656
      -7.55500     482.05189    -481.86138
      -7.52400     482.77099    -482.62235
      -7.49300     483.42599    -483.29391
      -7.46300     484.07716    -483.93925
      -7.43200     484.83414    -484.64118
      -7.40100     485.87285    -485.51579
      -7.37100     487.40154    -486.72212
      -7.34000     489.46545    -488.49481
      -7.30900     491.62890    -490.71714
      -7.27900     493.29592    -492.70361
      -7.24800     494.40364    -493.99536
      -7.21700     495.36153    -494.86982
      -7.18700     496.49409    -495.82464
      -7.15600     497.89856    -497.09415
      -7.12500     499.55991    -498.64999
      -7.09500     501.29011    -500.31655
      -7.06400     502.88352    -501.90873
      -7.03300     504.52769    -503.50459
      -7.00300     506.67074    -505.43739
      -6.97200     509.40438    -507.88256
      -6.94100     512.39751    -510.70453
      -6.91100     515.42130    -513.61806
      -6.88000     518.58803    -516.47163
      -6.84900     522.02789    -519.45448
      -6.81900     525.42481    -522.76552
      -6.78800     528.24326    -526.15017
      -6.75700     530.59902    -529.12903
      -6.72700     533.16979    -531.69781
      -6.69600     536.08133    -534.32624
      -6.66500     538.88904    -537.23042
      -6.63500     541.58280    -540.17937
      -6.60400     544.73005    -543.10977
      -6.57300     548.65453    -546.35073
      -6.54300     552.82285    -549.92555
      -6.51200     556.32897    -553.26327
      -6.48100     558.81907    -555.86563
      -6.45100     560.45312    -557.77542
      -6.42000     561.39812    -559.31224
      -6.38900     561.82574    -560.57761
      -6.35900     561.98456    -561.42769
      -6.32800     562.08634    -561.84242
      -6.29700     562.30141    -562.01252
      -6.26700     562.84400    -562.16624
      -6.23600     563.83010    -562.53145
      -6.20500     564.99180    -563.32493
      -6.17500     565.91135    -564.48311
      -6.14400     566.52525    -565.58377
      -6.11300     567.07259    -566.33830
      -6.08300     567.78127    -566.87644
      -6.05200     568.76798    -567.46626
      -6.02100     569.99057    -568.28919
      -5.99100     571.25962    -569.40136
      -5.96000     572.43528    -570.68789
      -5.92900     573.53303    -571.95541
      -5.89900     574.57649    -573.11650
      -5.86800     575.52088    -574.18772
      -5.83700     576.38751    -575.16232
      -5.80700     577.28191    -576.03540
      -5.77600     578.30221    -576.88961
      -5.74500     579.52572    -577.83170
      -5.71400     580.88617    -578.95598
      -5.68400     582.17654    -580.27564
      -5.65300     583.32551    -581.60880
      -5.62200     584.38922    -582.78860
      -5.59200     585.35385    -583.85798
      -5.56100     586.20239    -584.87306
      -5.53000     586.97594    -585.80212
      -5.50000     587.69382    -586.64115
      -5.46900     588.36170    -587.40458
      -5.43800     589.02283    -588.08917
      -5.40800     589.71863    -588.73313
      -5.37700     590.42884    -589.40577
      -5.34600     591.11757    -590.11552
      -5.31600     591.82303    -590.81054
      -5.28500     592.63998    -591.49085
      -5.25400     593.59940    -592.24783
      -5.22400     594.60896    -593.16278
      -5.19300     595.55581    -594.19550
      -5.16200     596.41968    -595.20860
      -5.13200     597.20657    -596.11495
      -5.10100     597.87308    -596.92807
      -5.07000     598.43177    -597.65392
      -5.04000     598.99966    -598.27764
      -5.00900     599.66907    -598.86086
      -4.97800     600.45075    -599.49516
      -4.94800     601.35082    -600.19770
      -4.91700     602.35778    -600.97922
      -4.88600     603.37578    -601.89432
      -4.85600     604.27447    -602.91447
      -4.82500     604.97946    -603.89551
      -4.79400     605.53493    -604.70571
      -4.76400     606.05559    -605.33341
      -4.73300     606.58928    -605.88198
      -4.70200     607.11577    -606.43546
      -4.67200     607.71310    -607.00105
      -4.64100     608.69844    -607.66755
      -4.61000     610.30320    -608.74076
      -4.58000     612.09337    -610.38386
      -4.54900     613.33773    -612.13063
      -4.51800     613.89036    -613.32208
      -4.48800     614.13818    -613.84656
      -4.45700     614.48345    -614.03901
      -4.42600     615.26175    -614.26322
      -4.39600     616.86313    -614.89522
      -4.36500     619.47424    -616.47896
      -4.33400     622.53760    -619.29680
      -4.30400     625.06068    -622.55263
      -4.27300     626.67096    -624.98722
      -4.24200     627.70798    -626.37390
      -4.21200     628.51204    -627.30264
      -4.18100     629.20293    -628.12618
      -4.15000     629.79260    -628.86891
      -4.12000     630.25927    -629.50964
      -4.08900     630.69819    -630.03920
      -4.05800     631.48201    -630.53685
      -4.02800     633.18292    -631.38094
      -3.99700     635.85614    -633.15409
      -3.96600     638.57199    -635.79939
      -3.93600     640.46660    -638.30391
      -3.90500     641.58720    -639.97967
      -3.87400     642.34265    -641.07006
      -3.84400     643.06114    -641.90143
      -3.81300     643.93974    -642.61256
      -3.78200     644.92845    -643.40865
      -3.75100     645.88311    -644.39782
      -3.72100     646.87060    -645.46490
      -3.69000     648.14042    -646.58381
      -3.65900     649.77032    -647.95960
      -3.62900     651.46572    -649.62984
      -3.59800     652.90807    -651.24963
      -3.56700     654.06455    -652.55257
      -3.53700     654.97275    -653.63330
      -3.50600     655.62162    -654.58935
      -3.47500     656.07878    -655.33759
      -3.44500     656.45191    -655.85272
      -3.41400     656.82626    -656.23582
      -3.38300     657.30428    -656.57950
      -3.35300     657.92554    -656.96535
      -3.32200     658.57026    -657.47849
      -3.29100     659.10932    -658.09439
      -3.26100     659.57094    -658.67301
      -3.23000     660.06859    -659.14490
      -3.19900     660.69384    -659.57569
      -3.16900     661.53977    -660.03653
      -3.13800     662.68046    -660.53710
      -3.10700     664.03279    -661.13827
      -3.07700     665.39999    -662.00184
      -3.04600     666.68607    -663.20648
      -3.01500     667.86157    -664.62307
      -2.98500     668.82053    -666.04241
      -2.95400     669.45958    -667.33278
      -2.92300     669.79677    -668.42808
      -2.89300     669.93995    -669.24365
      -2.86200     669.99976    -669.72037
      -2.83100     670.09766    -669.92535
      -2.80100     670.42728    -670.02087
      -2.77000     671.13964    -670.21296
      -2.73900     672.09875    -670.71271
      -2.70900     672.97275    -671.53671
      -2.67800     673.55904    -672.43187
      -2.64700     673.85808    -673.14853
      -2.61700     673.96824    -673.61474
      -2.58600     673.99483    -673.86309
      -2.55500     673.99864    -673.96274
      -2.52500     673.99894    -673.98935
      -2.49400     673.99895    -673.99355
      -2.46300     673.99895    -673.99390
      -2.43300     673.99895    -673.99392
      -2.40200     673.99895    -673.99392
      -2.37100     673.99895    -673.99392
      -2.34100     673.99895    -673.99392
      -2.31000     673.99895    -673.99392
      -2.27900     673.99895    -673.99392
      -2.24900     673.99895    -673.99392
      -2.21800     673.99895    -673.99392
      -2.18700     673.99895    -673.99392
      -2.15700     673.99895    -673.99392
      -2.12600     673.99895    -673.99392
      -2.09500     673.99895    -673.99392
      -2.06500     673.99895    -673.99392
      -2.03400     673.99895    -673.99392
      -2.00300     673.99895    -673.99392
      -1.97300     673.99895    -673.99392
      -1.94200     673.99895    -673.99392
      -1.91100     673.99895    -673.99392
      -1.88000     673.99895    -673.99392
      -1.85000     673.99895    -673.99392
      -1.81900     673.99895    -673.99392
      -1.78800     673.99895    -673.99392
      -1.75800     673.99895    -673.99392
      -1.72700     673.99895    -673.99392
      -1.69600     673.99904    -673.99392
      -1.66600     674.00020    -673.99403
      -1.63500     674.00869    -673.99541
      -1.60400     674.04347    -674.00493
      -1.57400     674.13148    -674.04184
      -1.54300     674.29042    -674.13103
      -1.51200     674.53536    -674.28951
      -1.48200     674.89870    -674.54174
      -1.45100     675.38408    -674.92790
      -1.42000     675.90213    -675.43200
      -1.39000     676.35822    -675.93716
      -1.35900     676.77643    -676.34847
      -1.32800     677.22762    -676.70994
      -1.29800     677.72036    -677.12049
      -1.26700     678.26341    -677.59667
      -1.23600     678.92669    -678.13297
      -1.20600     679.76603    -678.81373
      -1.17500     680.71701    -679.70015
      -1.14400     681.65052    -680.67844
      -1.11400     682.59123    -681.58449
      -1.08300     683.68100    -682.45940
      -1.05200     684.94622    -683.48308
      -1.02200     686.33489    -684.71349
      -0.99100     687.80270    -686.10876
      -0.96000     689.20901    -687.61245
      -0.93000     690.34188    -689.05633
      -0.89900     691.11190    -690.21067
      -0.86800     691.60679    -690.99219
      -0.83800     691.98590    -691.49843
      -0.80700     692.40380    -691.88597
      -0.77600     692.95099    -692.29897
      -0.74600     693.55768    -692.83573
      -0.71500     694.12849    -693.44963
      -0.68400     694.81646    -694.02105
      -0.65400     695.80425    -694.65305
      -0.62300     696.91350    -695.56768
      -0.59200     697.87890    -696.66988
      -0.56200     698.74845    -697.66657
      -0.53100     699.67720    -698.52661
      -0.50000     700.68186    -699.42162
      -0.47000     701.70201    -700.41585
      -0.43900     702.61465    -701.44305
      -0.40800     703.33913    -702.37119
      -0.37800     704.00946    -703.10118
      -0.34700     704.85739    -703.72137
      -0.31600     706.01894    -704.43648
      -0.28600     707.42877    -705.39560
      -0.25500     708.81193    -706.65269
      -0.22400     709.95185    -708.08185
      -0.19400     710.86204    -709.39323
      -0.16300     711.58713    -710.42197
      -0.13200     712.09613    -711.21330
      -0.10200     712.44471    -711.82352
      -0.07100     712.86124    -712.27256
      -0.04000     713.56041    -712.68924
      -0.01000     714.51645    -713.30360
       0.02100     715.49857    -714.20413
       0.05200     716.29389    -715.22305
       0.08300     716.87559    -716.10333
       0.11300     717.40774    -716.74699
       0.14400     718.04112    -717.29969
       0.17500     718.72787    -717.94074
       0.20500     719.31339    -718.64527
       0.23600     719.70596    -719.25641
       0.26700     719.90760    -719.67278
       0.29700     719.98014    -719.89089
       0.32800     719.99772    -719.97254
       0.35900     720.01645    -720.00627
       0.38900     720.13403    -720.11744
       0.42000     720.59922    -720.55991
       0.45100     721.68332    -721.61564
       0.48100     723.24820    -723.17147
       0.51200     724.71708    -724.65753
       0.54300     725.69383    -725.65514
       0.57300     726.31770    -726.28529
       0.60400     726.87884    -726.84582
       0.63500     727.40579    -727.37629
       0.66500     727.78932    -727.75017
       0.69600     728.06778    -727.93276
       0.72700     728.47154    -728.02435
       0.75700     729.25475    -728.21327
       0.78800     730.55018    -728.76604
       0.81900     732.37547    -729.95719
       0.84900     734.52236    -731.83493
       0.88000     736.45070    -734.04837
       0.91100     737.80794    -736.15937
       0.94100     738.91765    -738.06732
       0.97200     740.22888    -739.86469
       1.00300     741.72153    -741.54153
       1.03300     743.22123    -743.08832
       1.06400     744.72753    -744.60397
       1.09500     746.23460    -746.12147
       1.12500     747.63478    -747.54204
       1.15600     748.78452    -748.71923
       1.18700     749.54426    -749.50658
       1.21700     749.93815    -749.91265
       1.24800     750.22269    -750.18472
       1.27900     750.63493    -750.57599
       1.30900     751.17398    -751.10508
       1.34000     751.78819    -751.70687
       1.37100     752.58336    -752.47060
       1.40100     753.66823    -753.50271
       1.43200     755.10644    -754.80964
       1.46300     757.01025    -756.39968
       1.49300     759.36723    -758.34627
       1.52400     761.95564    -760.75540
       1.55500     764.66198    -763.51619
       1.58500     767.59177    -766.26501
       1.61600     770.69577    -768.90464
       1.64700     773.59642    -771.68766
       1.67700     775.96016    -774.46531
       1.70800     777.85078    -776.71510
       1.73900     779.56105    -778.41341
       1.76900     781.26380    -779.95053
       1.80000     783.03909    -781.50330
       1.83100     785.08185    -783.10944
       1.86100     787.50156    -784.93642
       1.89200     790.02356    -787.12793
       1.92300     792.27519    -789.57785
       1.95300     794.15047    -791.95723
       1.98400     795.67456    -793.94309
       2.01500     796.90804    -795.47807
       2.04600     798.05502    -796.82932
       2.07600     799.38342    -798.32427
       2.10700     801.17252    -800.18499
       2.13800     803.67704    -802.61467
       2.16800     806.75037    -805.56746
       2.19900     809.89562    -808.65214
       2.23000     812.96727    -811.69786
       2.26000     816.11728    -814.83346
       2.29100     819.14767    -817.89912
       2.32200     821.74206    -820.56099
       2.35200     824.02436    -822.87688
       2.38300     826.32368    -825.17528
       2.41400     828.76180    -827.61968
       2.44400     831.33226    -830.19168
       2.47500     834.05839    -832.89863
       2.50600     836.89018    -835.75726
       2.53600     839.62336    -838.64165
       2.56700     842.08003    -841.33051
       2.59800     844.29132    -843.72293
       2.62800     846.42502    -845.93928
       2.65900     848.62895    -848.18094
       2.69000     850.90067    -850.48073
       2.72000     853.05599    -852.64264
       2.75100     854.95443    -854.51041
       2.78200     856.62391    -856.11992
       2.81200     858.12423    -857.54694
       2.84300     859.51704    -858.86215
       2.87400     860.89053    -860.17307
       2.90400     862.35129    -861.59410
       2.93500     864.06846    -863.27293
       2.96600     866.16243    -865.34053
       2.99600     868.52080    -867.72420
       3.02700     870.90554    -870.17704
       3.05800     873.18769    -872.51455
       3.08800     875.40098    -874.73919
       3.11900     877.66043    -877.00002
       3.15000     880.05423    -879.42188
       3.18000     882.57347    -881.97087
       3.21100     885.12676    -884.53628
       3.24200     887.62729    -887.05030
       3.27200     890.04761    -889.49103
       3.30300     892.38558    -891.86335
       3.33400     894.66835    -894.19273
       3.36400     896.95847    -896.49696
       3.39500     899.26009    -898.77758
       3.42600     901.51525    -901.03733
       3.45600     903.72685    -903.27439
       3.48700     905.95962    -905.48968
       3.51800     908.24606    -907.71002
       3.54800     910.57851    -909.98021
       3.57900     912.92001    -912.28904
       3.61000     915.21074    -914.55984
       3.64000     917.42143    -916.78141
       3.67100     919.55573    -918.99025
       3.70200     921.61796    -921.14496
       3.73200     923.62100    -923.18572
       3.76300     925.59259    -925.13507
       3.79400     927.57477    -927.05514
       3.82400     929.60019    -928.98257
       3.85500     931.63926    -930.93530
       3.88600     933.62374    -932.89662
       3.91700     935.52141    -934.82389
       3.94700     937.35821    -936.72356
       3.97800     939.19454    -938.62951
       4.00900     941.05694    -940.52980
       4.03900     942.93023    -942.40385
       4.07000     944.83204    -944.29401
       4.10100     946.78984    -946.27910
       4.13100     948.78765    -948.37047
       4.16200     950.81047    -950.47994
       4.19300     952.86059    -952.53894
       4.22300     954.92650    -954.57449
       4.25400     956.98643    -956.63350
       4.28500     959.02841    -958.72303
       4.31500     961.03375    -960.80719
       4.34600     962.97344    -962.82019
       4.37700     964.86145    -964.73105
       4.40700     966.72984    -966.56018
       4.43800     968.55697    -968.31078
       4.46900     970.30036    -969.94621
       4.49900     971.94990    -971.46064
       4.53000     973.51018    -972.93412
       4.56100     974.98750    -974.45974
       4.59100     976.40270    -976.03551
       4.62200     977.77573    -977.56037
       4.65300     979.09585    -978.95196
       4.68300     980.32979    -980.24325
       4.71400     981.47815    -981.50325
       4.74500     982.58004    -982.71372
       4.77500     983.66751    -983.81485
       4.80600     984.75560    -984.82671
       4.83700     985.82728    -985.83153
       4.86700     986.85816    -986.86425
       4.89800     987.86098    -987.90419
       4.92900     988.83789    -988.93400
       4.95900     989.75084    -989.93022
       4.99000     990.57285    -990.84900
       5.02100     991.31741    -991.66227
       5.05100     992.02976    -992.38214
       5.08200     992.75516    -993.04818
       5.11300     993.50110    -993.69536
       5.14300     994.25210    -994.34331
       5.17400     994.99421    -995.00015
       5.20500     995.68954    -995.66174
       5.23500     996.29148    -996.30631
       5.26600     996.80125    -996.89813
       5.29700     997.25903    -997.42737
       5.32700     997.70239    -997.91828
       5.35800     998.13717    -998.38219
       5.38900     998.54096    -998.79488
       5.41900     998.90351    -999.12615
       5.45000     999.23032    -999.37159
       5.48100     999.51011    -999.54717
       5.51100     999.71990    -999.67828
       5.54200     999.85523    -999.78368
       5.57300     999.93238    -999.86360
       5.60300     999.97203    -999.91886
       5.63400     999.98930    -999.95709
       5.66500     999.99478    -999.98052
       5.69500     999.99587    -999.99053
       5.72600     999.99600    -999.99313
       5.75700     999.99600    -999.99350
       5.78700     999.99600    -999.99353
       5.81800     999.99600    -999.99353
       5.84900     999.99600    -999.99353
       5.88000     999.99600    -999.99353
       5.91000     999.99600    -999.99353
       5.94100     999.99600    -999.99353
       5.97200     999.99600    -999.99353
       6.00200     999.99600    -999.99353
       6.03300     999.99600    -999.99353
       6.06400     999.99600    -999.99353
       6.09400     999.99600    -999.99353
       6.12500     999.99600    -999.99353
       6.15600     999.99600    -999.99353
       6.18600     999.99600    -999.99353
       6.21700     999.99600    -999.99353
       6.24800     999.99600    -999.99353
       6.27800     999.99600    -999.99353
       6.30900     999.99600    -999.99353
       6.34000     999.99600    -999.99353
       6.37000     999.99600    -999.99353
       6.40100     999.99600    -999.99353
       6.43200     999.99600    -999.99353
       6.46200     999.99600    -999.99353
       6.49300     999.99600    -999.99353
       6.52400     999.99600    -999.99353
       6.55400     999.99600    -999.99353
       6.58500     999.99600    -999.99353
       6.61600     999.99600    -999.99353
       6.64600     999.99600    -999.99353
       6.67700     999.99600    -999.99353
       6.70800     999.99600    -999.99353
       6.73800     999.99600    -999.99353
       6.76900     999.99600    -999.99353
       6.80000     999.99600    -999.99353
       6.83000     999.99600    -999.99353
       6.86100     999.99600    -999.99353
       6.89200     999.99600    -999.99353
       6.92200     999.99600    -999.99353
       6.95300     999.99600    -999.99353
       6.98400     999.99600    -999.99353
       7.01400     999.99600    -999.99353
