      #Energy        TDOS-UP        TDOS-DOWN
     -19.67665       0.00000       0.00000
     -19.64665       0.00000       0.00000
     -19.61665       0.00000       0.00000
     -19.58765       0.00000       0.00000
     -19.55765       0.00000       0.00000
     -19.52765       0.00000       0.00000
     -19.49765       0.00000       0.00000
     -19.46765       0.00000       0.00000
     -19.43765       0.00000       0.00000
     -19.40765       0.00000       0.00000
     -19.37865       0.00000       0.00000
     -19.34865       0.00000       0.00000
     -19.31865       0.00000       0.00000
     -19.28865       0.00000       0.00000
     -19.25865       0.00000       0.00000
     -19.22865       0.00000       0.00000
     -19.19965       0.00000       0.00000
     -19.16965       0.00000       0.00000
     -19.13965       0.00000       0.00000
     -19.10965       0.00000       0.00000
     -19.07965       0.00000       0.00000
     -19.04965       0.00000       0.00000
     -19.02065       0.00000       0.00000
     -18.99065       0.00000       0.00000
     -18.96065       0.00000       0.00000
     -18.93065       0.00000       0.00000
     -18.90065       0.00000       0.00000
     -18.87065       0.00000       0.00000
     -18.84065       0.00000       0.00000
     -18.81165       0.00000       0.00000
     -18.78165       0.00000       0.00000
     -18.75165       0.00000       0.00000
     -18.72165       0.00000       0.00000
     -18.69165       0.00000       0.00000
     -18.66165       0.00000       0.00000
     -18.63265       0.00000       0.00000
     -18.60265       0.00000      -0.00000
     -18.57265       0.00000      -0.00000
     -18.54265       0.00000      -0.00000
     -18.51265       0.00000      -0.00000
     -18.48265       0.00000      -0.00000
     -18.45365       0.00003      -0.00001
     -18.42365       0.00079      -0.00019
     -18.39365       0.01036      -0.00335
     -18.36365       0.07734      -0.03217
     -18.33365       0.35019      -0.18214
     -18.30365       1.03266      -0.64719
     -18.27365       2.16171      -1.56287
     -18.24465       3.51785      -2.81725
     -18.21465       4.80714      -4.14683
     -18.18465       5.87188      -5.32482
     -18.15465       6.83934      -6.30585
     -18.12465       7.98345      -7.31807
     -18.09465       9.32721      -8.58140
     -18.06565      10.57338      -9.94813
     -18.03565      11.42610     -11.04793
     -18.00565      11.83857     -11.67908
     -17.97565      11.97200     -11.92699
     -17.94565      12.00915     -11.99216
     -17.91565      12.09104     -12.02942
     -17.88665      12.41942     -12.18875
     -17.85665      13.23722     -12.71178
     -17.82665      14.54875     -13.77368
     -17.79665      16.04797     -15.21666
     -17.76665      17.45320     -16.69903
     -17.73665      18.67908     -18.03263
     -17.70765      19.77799     -19.20107
     -17.67765      20.95344     -20.33459
     -17.64765      22.25945     -21.61434
     -17.61765      23.33627     -22.86141
     -17.58765      24.00457     -23.69876
     -17.55765      24.74851     -24.27380
     -17.52765      26.13180     -25.23260
     -17.49865      27.91244     -26.86044
     -17.46865      29.26395     -28.55513
     -17.43865      29.88047     -29.59093
     -17.40865      30.14909     -30.00685
     -17.37865      30.48231     -30.27387
     -17.34865      31.03124     -30.69479
     -17.31965      31.76773     -31.32906
     -17.28965      32.60537     -32.11672
     -17.25965      33.46630     -32.97616
     -17.22965      34.25993     -33.82454
     -17.19965      34.89137     -34.55894
     -17.16965      35.33421     -35.10683
     -17.14065      35.63036     -35.47856
     -17.11065      35.82383     -35.72496
     -17.08065      35.93564     -35.88004
     -17.05065      35.98464     -35.96108
     -17.02065      35.99909     -35.99123
     -16.99065      36.00641     -35.99941
     -16.96065      36.04618     -36.01390
     -16.93165      36.22023     -36.09679
     -16.90165      36.65684     -36.37803
     -16.87165      37.32096     -36.93562
     -16.84165      38.01641     -37.63420
     -16.81165      38.69575     -38.30444
     -16.78165      39.52937     -39.01601
     -16.75265      40.64692     -39.95854
     -16.72265      41.93383     -41.17383
     -16.69265      43.03945     -42.43090
     -16.66265      43.68805     -43.36225
     -16.63265      43.93415     -43.82227
     -16.60265      43.99248     -43.96726
     -16.57365      44.00082     -43.99550
     -16.54365      44.00152     -43.99878
     -16.51365      44.00155     -43.99900
     -16.48365      44.00158     -43.99902
     -16.45365      44.00215     -43.99920
     -16.42365      44.00803     -44.00162
     -16.39365      44.04101     -44.01900
     -16.36465      44.14677     -44.08871
     -16.33465      44.35443     -44.25445
     -16.30465      44.63812     -44.51141
     -16.27465      44.98667     -44.82776
     -16.24465      45.48069     -45.24375
     -16.21465      46.22105     -45.86758
     -16.18565      47.16971     -46.74044
     -16.15565      48.07972     -47.70282
     -16.12565      48.69803     -48.46616
     -16.09565      49.01832     -48.90224
     -16.06565      49.19541     -49.12317
     -16.03565      49.34007     -49.27383
     -16.00665      49.48984     -49.41860
     -15.97665      49.65082     -49.57426
     -15.94665      49.80773     -49.73512
     -15.91665      49.95005     -49.88222
     -15.88665      50.15751     -50.04422
     -15.85665      50.62644     -50.37517
     -15.82765      51.47871     -51.05869
     -15.79765      52.62581     -52.08986
     -15.76765      53.95434     -53.34125
     -15.73765      55.40269     -54.74529
     -15.70765      56.88237     -56.22303
     -15.67765      58.41264     -57.71808
     -15.64765      60.10971     -59.33205
     -15.61865      61.82395     -61.08329
     -15.58865      63.11190     -62.61728
     -15.55865      63.76408     -63.54579
     -15.52865      64.02352     -63.92411
     -15.49865      64.25625     -64.10940
     -15.46865      64.65374     -64.39669
     -15.43965      65.17910     -64.86176
     -15.40965      65.73579     -65.41234
     -15.37965      66.33053     -65.98619
     -15.34965      67.04030     -66.62942
     -15.31965      67.94464     -67.42648
     -15.28965      69.06772     -68.43765
     -15.26065      70.34030     -69.63742
     -15.23065      71.66988     -70.93731
     -15.20065      73.00305     -72.26570
     -15.17065      74.31159     -73.57916
     -15.14065      75.54195     -74.84951
     -15.11065      76.56714     -76.00765
     -15.08065      77.27379     -76.91139
     -15.05165      77.69828     -77.48927
     -15.02165      77.98368     -77.83800
     -14.99165      78.26565     -78.10978
     -14.96165      78.69343     -78.43479
     -14.93165      79.51600     -79.00029
     -14.90165      80.98494     -80.09084
     -14.87265      82.99789     -81.85103
     -14.84265      84.97756     -83.93888
     -14.81265      86.38876     -85.70727
     -14.78265      87.18508     -86.82140
     -14.75265      87.65642     -87.42763
     -14.72265      88.15238     -87.87674
     -14.69365      88.88245     -88.47670
     -14.66365      89.82588     -89.31494
     -14.63365      90.88928     -90.31060
     -14.60365      92.00937     -91.39548
     -14.57365      93.13708     -92.51885
     -14.54365      94.26941     -93.65372
     -14.51365      95.39487     -94.80246
     -14.48465      96.46991     -95.92733
     -14.45465      97.46079     -96.98103
     -14.42465      98.29843     -97.91044
     -14.39465      98.94226     -98.64319
     -14.36465      99.51864     -99.22211
     -14.33465     100.24722     -99.85072
     -14.30565     101.27436    -100.73313
     -14.27565     102.60991    -101.94558
     -14.24565     104.07989    -103.38990
     -14.21565     105.38620    -104.79423
     -14.18565     106.38155    -105.91850
     -14.15565     107.15996    -106.77018
     -14.12665     107.82841    -107.48264
     -14.09665     108.40673    -108.10543
     -14.06665     108.96850    -108.66212
     -14.03665     109.64918    -109.27491
     -14.00665     110.45758    -110.03959
     -13.97665     111.26464    -110.87410
     -13.94665     112.02544    -111.66520
     -13.91765     112.83713    -112.45793
     -13.88765     113.76251    -113.34497
     -13.85765     114.80859    -114.34122
     -13.82765     116.00762    -115.47295
     -13.79765     117.33436    -116.76120
     -13.76765     118.65917    -118.11376
     -13.73865     119.86923    -119.38395
     -13.70865     120.97351    -120.52121
     -13.67865     121.98543    -121.56640
     -13.64865     122.79771    -122.46940
     -13.61865     123.35500    -123.12397
     -13.58865     123.77382    -123.57950
     -13.55965     124.16877    -123.97713
     -13.52965     124.54477    -124.36358
     -13.49965     124.88541    -124.71630
     -13.46965     125.21262    -125.04202
     -13.43965     125.57460    -125.38087
     -13.40965     126.01894    -125.78462
     -13.38065     126.52489    -126.26835
     -13.35065     127.01295    -126.76536
     -13.32065     127.43655    -127.21193
     -13.29065     127.75663    -127.58763
     -13.26065     127.93111    -127.84548
     -13.23065     127.99007    -127.96295
     -13.20065     128.00770    -127.99663
     -13.17165     128.05880    -128.02445
     -13.14165     128.26773    -128.14847
     -13.11165     128.76906    -128.51929
     -13.08165     129.50659    -129.18087
     -13.05165     130.24785    -129.94601
     -13.02165     130.86005    -130.61191
     -12.99265     131.36944    -131.14443
     -12.96265     131.86137    -131.59817
     -12.93265     132.43582    -132.07354
     -12.90265     133.11844    -132.66410
     -12.87265     133.89088    -133.36687
     -12.84265     134.76941    -134.17810
     -12.81365     135.65092    -135.08811
     -12.78365     136.33399    -135.91800
     -12.75365     136.79265    -136.49856
     -12.72365     137.14806    -136.89202
     -12.69365     137.48855    -137.23654
     -12.66365     137.94796    -137.63731
     -12.63365     138.77158    -138.28740
     -12.60465     140.01924    -139.36930
     -12.57465     141.39478    -140.73558
     -12.54465     142.64170    -142.04248
     -12.51465     143.82730    -143.19899
     -12.48465     145.05019    -144.35623
     -12.45465     146.17760    -145.53526
     -12.42565     147.07224    -146.56285
     -12.39565     147.80470    -147.37125
     -12.36565     148.49269    -148.06312
     -12.33565     149.18501    -148.72455
     -12.30565     149.92149    -149.39733
     -12.27565     150.73332    -150.12963
     -12.24665     151.59096    -150.93714
     -12.21665     152.47322    -151.76837
     -12.18665     153.45038    -152.61661
     -12.15665     154.55048    -153.57690
     -12.12665     155.66550    -154.66805
     -12.09665     156.65146    -155.76129
     -12.06665     157.38496    -156.71039
     -12.03765     157.80044    -157.40928
     -12.00765     157.95954    -157.80605
     -11.97765     157.99710    -157.95916
     -11.94765     158.00782    -157.99665
     -11.91765     158.06155    -158.01969
     -11.88765     158.33420    -158.14517
     -11.85865     159.15006    -158.63082
     -11.82865     160.69196    -159.77419
     -11.79865     162.66820    -161.55363
     -11.76865     164.47718    -163.52092
     -11.73865     165.74977    -165.14772
     -11.70865     166.59965    -166.26214
     -11.67965     167.26645    -167.04234
     -11.64965     167.81314    -167.64141
     -11.61965     168.29478    -168.13096
     -11.58965     168.84580    -168.64766
     -11.55965     169.47158    -169.26343
     -11.52965     170.00887    -169.84967
     -11.50065     170.37812    -170.27013
     -11.47065     170.69173    -170.58162
     -11.44065     171.10100    -170.94144
     -11.41065     171.69529    -171.46173
     -11.38065     172.53040    -172.21074
     -11.35065     173.56321    -173.19476
     -11.32065     174.54827    -174.23085
     -11.29165     175.23492    -175.03254
     -11.26165     175.64121    -175.51537
     -11.23165     175.99319    -175.85273
     -11.20165     176.50198    -176.28185
     -11.17165     177.21221    -176.91970
     -11.14165     178.03180    -177.70110
     -11.11265     178.92495    -178.53412
     -11.08265     179.94925    -179.46427
     -11.05265     181.06756    -180.54766
     -11.02265     182.10290    -181.66104
     -10.99265     182.88952    -182.58851
     -10.96265     183.37429    -183.20638
     -10.93365     183.63549    -183.54445
     -10.90365     183.82622    -183.74407
     -10.87365     184.07446    -183.95480
     -10.84365     184.44807    -184.26667
     -10.81365     184.97328    -184.72205
     -10.78365     185.62337    -185.32216
     -10.75365     186.31718    -186.00448
     -10.72465     187.00726    -186.69113
     -10.69465     187.73629    -187.38762
     -10.66465     188.53081    -188.14813
     -10.63465     189.34160    -188.94713
     -10.60465     190.20864    -189.74748
     -10.57465     191.31665    -190.67778
     -10.54565     192.76515    -191.92873
     -10.51565     194.41731    -193.50509
     -10.48565     195.98443    -195.17576
     -10.45565     197.24045    -196.63664
     -10.42565     198.15285    -197.73182
     -10.39565     198.87098    -198.52217
     -10.36665     199.66849    -199.24865
     -10.33665     200.72249    -200.18075
     -10.30665     201.94106    -201.35724
     -10.27665     203.11442    -202.58566
     -10.24665     204.13544    -203.69098
     -10.21665     205.01829    -204.64247
     -10.18665     205.79253    -205.47311
     -10.15765     206.46545    -206.19795
     -10.12765     207.05750    -206.82358
     -10.09765     207.65791    -207.40369
     -10.06765     208.38514    -208.06483
     -10.03765     209.24323    -208.87800
     -10.00765     210.14190    -209.77817
      -9.97865     210.98984    -210.66177
      -9.94865     211.70350    -211.43690
      -9.91865     212.26019    -212.05282
      -9.88865     212.74302    -212.55147
      -9.85865     213.32791    -213.07683
      -9.82865     214.14347    -213.80630
      -9.79965     215.02872    -214.70601
      -9.76965     215.65643    -215.46264
      -9.73965     215.94925    -215.86760
      -9.70965     216.13911    -216.05845
      -9.67965     216.53705    -216.34105
      -9.64965     217.35350    -216.97980
      -9.62065     218.57789    -218.05931
      -9.59065     219.99789    -219.43724
      -9.56065     221.34702    -220.84784
      -9.53065     222.46801    -222.06491
      -9.50065     223.41264    -223.05550
      -9.47065     224.32339    -223.95924
      -9.44065     225.26175    -224.87910
      -9.41165     226.29814    -225.86058
      -9.38165     227.52835    -227.01216
      -9.35165     228.80914    -228.31085
      -9.32165     229.85687    -229.47720
      -9.29165     230.65662    -230.35051
      -9.26165     231.43697    -231.09385
      -9.23265     232.37876    -231.93657
      -9.20265     233.55630    -232.99505
      -9.17265     234.98167    -234.31344
      -9.14265     236.52939    -235.83355
      -9.11265     237.95819    -237.33830
      -9.08265     239.13275    -238.62267
      -9.05365     240.10572    -239.67712
      -9.02365     240.92979    -240.57862
      -8.99365     241.54258    -241.30063
      -8.96365     241.93051    -241.78212
      -8.93365     242.26829    -242.12082
      -8.90365     242.82349    -242.57322
      -8.87365     243.73380    -243.36297
      -8.84465     244.83912    -244.44278
      -8.81465     245.87223    -245.52661
      -8.78465     246.81567    -246.47512
      -8.75465     247.82147    -247.42795
      -8.72465     248.85248    -248.46449
      -8.69465     249.70908    -249.41479
      -8.66565     250.38096    -250.15515
      -8.63565     251.04403    -250.81479
      -8.60565     251.76216    -251.52323
      -8.57565     252.52938    -252.28403
      -8.54565     253.43999    -253.15913
      -8.51565     254.52353    -254.21059
      -8.48665     255.65810    -255.34515
      -8.45665     256.74939    -256.45063
      -8.42665     257.80070    -257.50984
      -8.39665     258.88797    -258.58159
      -8.36665     260.10416    -259.76018
      -8.33665     261.46910    -261.08812
      -8.30665     262.89939    -262.51021
      -8.27765     264.22107    -263.87753
      -8.24765     265.26865    -265.00986
      -8.21765     266.04721    -265.85363
      -8.18765     266.72833    -266.54281
      -8.15765     267.48824    -267.26945
      -8.12765     268.39691    -268.14305
      -8.09865     269.43076    -269.15915
      -8.06865     270.54116    -270.26119
      -8.03865     271.68453    -271.40083
      -8.00865     272.79522    -272.52197
      -7.97865     273.80103    -273.54672
      -7.94865     274.72044    -274.46434
      -7.91965     275.67745    -275.38107
      -7.88965     276.80366    -276.43894
      -7.85965     278.17248    -277.72615
      -7.82965     279.81689    -279.27536
      -7.79965     281.73136    -281.09419
      -7.76965     283.81473    -283.12877
      -7.74065     285.89631    -285.23273
      -7.71065     287.88658    -287.27895
      -7.68065     289.75659    -289.22043
      -7.65065     291.41860    -290.97391
      -7.62065     292.87127    -292.48925
      -7.59065     294.30097    -293.91581
      -7.56065     295.87331    -295.45682
      -7.53165     297.60112    -297.16419
      -7.50165     299.36296    -298.93990
      -7.47165     300.89799    -300.55208
      -7.44165     301.99705    -301.76304
      -7.41165     302.74816    -302.58352
      -7.38165     303.46614    -303.29121
      -7.35265     304.42061    -304.19167
      -7.32265     305.62546    -305.36324
      -7.29265     306.96339    -306.69074
      -7.26265     308.49201    -308.18131
      -7.23265     310.28727    -309.93225
      -7.20265     312.04791    -311.72795
      -7.17365     313.31333    -313.10259
      -7.14365     314.05697    -313.91711
      -7.11365     314.65902    -314.50767
      -7.08365     315.34985    -315.17462
      -7.05365     316.09782    -315.92170
      -7.02365     316.86370    -316.69474
      -6.99365     317.56885    -317.42705
      -6.96465     318.12748    -318.01447
      -6.93465     318.67969    -318.54416
      -6.90465     319.49123    -319.28452
      -6.87465     320.63549    -320.37000
      -6.84465     321.89629    -321.63303
      -6.81465     322.97908    -322.76924
      -6.78565     323.75436    -323.60584
      -6.75565     324.28703    -324.17402
      -6.72565     324.73927    -324.61612
      -6.69565     325.34535    -325.13521
      -6.66565     326.38070    -326.00941
      -6.63565     327.90186    -327.39614
      -6.60665     329.63146    -329.09978
      -6.57665     331.23066    -330.76821
      -6.54665     332.45728    -332.13032
      -6.51665     333.22033    -333.03690
      -6.48665     333.64094    -333.54494
      -6.45665     333.91790    -333.84712
      -6.42665     334.25991    -334.15033
      -6.39765     334.91030    -334.69956
      -6.36765     335.98966    -335.66747
      -6.33765     337.47606    -337.02599
      -6.30765     339.48065    -338.75425
      -6.27765     342.11444    -340.93148
      -6.24765     345.03934    -343.43516
      -6.21865     347.72372    -345.92363
      -6.18865     350.06402    -348.23887
      -6.15865     352.26109    -350.52352
      -6.12865     354.45458    -352.86547
      -6.09865     356.82980    -355.20548
      -6.06865     359.52462    -357.61651
      -6.03965     362.37715    -360.23255
      -6.00965     365.13673    -363.06688
      -5.97965     367.74128    -366.07802
      -5.94965     370.34449    -369.18897
      -5.91965     373.05706    -372.25965
      -5.88965     375.61133    -375.00177
      -5.85965     377.72932    -377.11095
      -5.83065     379.66572    -378.69165
      -5.80065     381.82564    -380.27518
      -5.77065     384.28397    -382.37108
      -5.74065     387.06876    -385.14483
      -5.71065     390.35877    -388.56017
      -5.68065     394.16950    -392.50221
      -5.65165     398.12497    -396.56063
      -5.62165     401.62088    -400.16696
      -5.59165     404.45312    -403.07813
      -5.56165     407.04798    -405.51333
      -5.53165     409.67729    -407.92660
      -5.50165     412.11861    -410.56681
      -5.47265     414.18080    -413.17136
      -5.44265     415.91174    -415.34410
      -5.41265     417.50333    -417.10221
      -5.38265     419.15072    -418.73781
      -5.35265     420.86227    -420.31134
      -5.32265     422.67110    -421.67569
      -5.29365     424.83206    -422.99721
      -5.26365     427.31143    -424.82246
      -5.23365     429.58459    -427.35076
      -5.20365     431.38149    -430.01917
      -5.17365     432.92891    -432.22773
      -5.14365     434.44545    -433.94361
      -5.11365     436.11193    -435.46954
      -5.08465     438.20560    -437.19437
      -5.05465     440.80702    -439.39204
      -5.02465     443.78996    -442.11580
      -4.99465     447.01879    -445.27391
      -4.96465     450.16496    -448.51766
      -4.93465     452.81144    -451.37706
      -4.90565     454.92868    -453.71333
      -4.87565     456.92059    -455.82849
      -4.84565     459.13049    -458.06316
      -4.81565     461.48437    -460.35646
      -4.78565     463.76873    -462.52518
      -4.75565     465.97788    -464.72732
      -4.72665     468.26372    -467.18341
      -4.69665     470.64834    -469.76096
      -4.66665     472.87883    -472.08052
      -4.63665     474.69020    -473.84862
      -4.60665     476.03336    -475.08465
      -4.57665     477.02529    -476.06508
      -4.54665     477.97618    -477.02941
      -4.51765     479.31680    -478.12339
      -4.48765     481.17607    -479.58920
      -4.45765     483.26555    -481.61960
      -4.42765     485.28865    -484.00929
      -4.39765     487.12105    -486.29021
      -4.36765     488.67623    -488.16335
      -4.33865     489.87436    -489.56351
      -4.30865     490.70918    -490.52067
      -4.27865     491.30839    -491.16554
      -4.24865     491.91103    -491.74342
      -4.21865     492.71660    -492.48721
      -4.18865     493.74941    -493.45616
      -4.15965     494.89785    -494.53075
      -4.12965     496.10479    -495.59713
      -4.09965     497.45764    -496.73960
      -4.06965     499.00193    -498.13886
      -4.03965     500.70587    -499.84713
      -4.00965     502.61243    -501.78279
      -3.97965     504.67835    -503.79006
      -3.95065     506.61535    -505.66082
      -3.92065     508.11846    -507.22808
      -3.89065     509.14485    -508.44233
      -3.86065     509.92520    -509.35249
      -3.83065     510.80477    -510.15402
      -3.80065     512.10033    -511.19265
      -3.77165     513.92304    -512.71366
      -3.74165     516.08609    -514.66723
      -3.71165     518.42371    -516.89667
      -3.68165     520.99275    -519.35888
      -3.65165     523.70264    -521.95955
      -3.62165     526.32569    -524.50576
      -3.59265     528.90712    -527.05197
      -3.56265     531.50391    -529.82334
      -3.53265     534.02267    -532.73242
      -3.50265     536.70331    -535.57719
      -3.47265     539.89275    -538.52775
      -3.44265     543.29019    -541.75211
      -3.41365     546.19554    -544.90783
      -3.38365     548.40618    -547.55535
      -3.35365     550.35631    -549.78226
      -3.32365     552.41566    -551.95859
      -3.29365     554.30626    -553.97213
      -3.26365     555.54110    -555.30887
      -3.23365     556.25356    -555.88398
      -3.20465     557.01735    -556.15123
      -3.17465     558.16355    -556.59375
      -3.14465     559.63249    -557.46721
      -3.11465     561.20349    -558.80171
      -3.08465     562.85491    -560.48879
      -3.05465     564.88919    -562.46578
      -3.02565     567.39168    -564.82294
      -2.99565     569.87911    -567.40780
      -2.96565     571.87818    -569.70767
      -2.93565     573.42814    -571.47890
      -2.90565     574.86171    -572.90039
      -2.87565     576.32737    -574.24803
      -2.84665     577.60771    -575.69921
      -2.81665     578.52757    -577.11145
      -2.78665     579.23033    -578.19887
      -2.75665     579.92101    -578.97833
      -2.72665     580.75746    -579.71272
      -2.69665     581.96469    -580.71614
      -2.66665     583.68773    -582.25848
      -2.63765     585.65114    -584.19205
      -2.60765     587.32121    -585.95776
      -2.57765     588.49323    -587.25273
      -2.54765     589.38772    -588.19959
      -2.51765     590.28475    -589.00277
      -2.48765     591.34397    -589.86444
      -2.45865     592.71205    -591.01453
      -2.42865     594.53610    -592.69041
      -2.39865     596.64916    -594.89151
      -2.36865     598.56229    -597.09932
      -2.33865     600.09240    -598.81520
      -2.30865     601.56119    -600.29622
      -2.27965     603.19217    -602.06775
      -2.24965     604.68006    -603.95014
      -2.21965     605.60022    -605.27719
      -2.18965     606.00992    -605.84819
      -2.15965     606.30414    -606.01624
      -2.12965     606.74744    -606.15713
      -2.09965     607.42290    -606.48343
      -2.07065     608.41020    -607.09220
      -2.04065     609.66293    -608.02996
      -2.01065     610.88091    -609.25241
      -1.98065     611.83359    -610.50261
      -1.95065     612.57261    -611.51528
      -1.92065     613.26478    -612.29473
      -1.89165     614.06737    -613.00719
      -1.86165     615.06004    -613.80605
      -1.83165     616.15014    -614.76873
      -1.80165     617.14744    -615.82392
      -1.77165     617.95748    -616.80510
      -1.74165     618.62055    -617.61857
      -1.71265     619.21126    -618.29478
      -1.68265     619.79287    -618.91578
      -1.65265     620.45341    -619.53543
      -1.62265     621.32373    -620.19373
      -1.59265     622.48381    -621.01631
      -1.56265     623.78743    -622.15580
      -1.53365     624.89052    -623.51806
      -1.50365     625.56791    -624.72320
      -1.47365     625.87301    -625.48445
      -1.44365     625.97628    -625.83762
      -1.41365     626.01114    -625.96437
      -1.38365     626.06588    -626.00428
      -1.35365     626.22865    -626.04260
      -1.32465     626.60038    -626.16034
      -1.29465     627.25376    -626.45894
      -1.26465     628.18004    -627.02846
      -1.23465     629.30267    -627.87118
      -1.20465     630.48393    -628.89518
      -1.17465     631.47019    -630.00797
      -1.14565     632.06344    -631.06196
      -1.11565     632.34015    -631.82202
      -1.08565     632.48827    -632.21943
      -1.05565     632.60176    -632.41042
      -1.02565     632.71739    -632.53775
      -0.99565     632.89813    -632.64946
      -0.96665     633.23456    -632.78334
      -0.93665     633.74992    -633.02170
      -0.90665     634.31541    -633.44783
      -0.87665     634.75169    -634.01944
      -0.84665     635.03119    -634.54958
      -0.81665     635.32202    -634.91021
      -0.78665     635.84394    -635.19489
      -0.75765     636.66309    -635.62834
      -0.72765     637.64427    -636.34304
      -0.69765     638.66082    -637.26290
      -0.66765     639.71004    -638.24960
      -0.63765     640.81566    -639.27391
      -0.60765     642.00409    -640.35416
      -0.57865     643.29458    -641.49395
      -0.54865     644.61685    -642.72759
      -0.51865     645.81512    -644.06583
      -0.48865     646.76453    -645.39003
      -0.45865     647.50071    -646.48253
      -0.42865     648.15782    -647.24467
      -0.39965     648.76897    -647.82509
      -0.36965     649.31715    -648.38998
      -0.33965     649.89339    -648.92668
      -0.30965     650.55258    -649.41085
      -0.27965     651.16478    -649.94143
      -0.24965     651.60956    -650.56765
      -0.21965     651.97288    -651.16433
      -0.19065     652.47690    -651.61434
      -0.16065     653.24293    -652.00735
      -0.13065     654.14205    -652.55494
      -0.10065     654.98238    -653.30724
      -0.07065     655.71603    -654.08072
      -0.04065     656.40104    -654.76275
      -0.01165     657.08127    -655.41821
       0.01835     657.73151    -656.08994
       0.04835     658.35624    -656.76570
       0.07835     658.99276    -657.42280
       0.10835     659.58182    -658.06603
       0.13835     660.07808    -658.73746
       0.16735     660.63597    -659.38562
       0.19735     661.47973    -659.90530
       0.22735     662.62624    -660.36143
       0.25735     663.84272    -660.97228
       0.28735     664.85598    -661.89512
       0.31735     665.52010    -663.06983
       0.34635     665.84899    -664.23423
       0.37635     665.96669    -665.12559
       0.40635     665.99685    -665.65021
       0.43635     666.00311    -665.88637
       0.46635     666.01446    -665.97216
       0.49635     666.08998    -666.00244
       0.52635     666.38560    -666.04158
       0.55535     667.06643    -666.20689
       0.58535     668.06254    -666.67902
       0.61535     669.11176    -667.50787
       0.64535     670.10950    -668.48756
       0.67535     671.16365    -669.40025
       0.70535     672.27673    -670.25357
       0.73435     673.20808    -671.18268
       0.76435     673.74835    -672.20027
       0.79435     673.95051    -673.10565
       0.82435     673.99655    -673.68413
       0.85435     674.00258    -673.92999
       0.88435     674.00301    -673.99497
       0.91335     674.00303    -674.00499
       0.94335     674.00303    -674.00585
       0.97335     674.00303    -674.00589
       1.00335     674.00303    -674.00589
       1.03335     674.00303    -674.00589
       1.06335     674.00303    -674.00589
       1.09335     674.00303    -674.00589
       1.12235     674.00303    -674.00589
       1.15235     674.00303    -674.00589
       1.18235     674.00303    -674.00589
       1.21235     674.00303    -674.00589
       1.24235     674.00303    -674.00589
       1.27235     674.00303    -674.00589
       1.30135     674.00303    -674.00589
       1.33135     674.00303    -674.00589
       1.36135     674.00303    -674.00589
       1.39135     674.00303    -674.00589
       1.42135     674.00303    -674.00589
       1.45135     674.00304    -674.00589
       1.48035     674.00313    -674.00590
       1.51035     674.00432    -674.00609
       1.54035     674.01234    -674.00806
       1.57035     674.04372    -674.01956
       1.60035     674.12116    -674.05882
       1.63035     674.25548    -674.14534
       1.66035     674.43475    -674.28412
       1.68935     674.62978    -674.46183
       1.71935     674.82292    -674.65174
       1.74935     675.05443    -674.83926
       1.77935     675.42667    -675.06596
       1.80935     676.00037    -675.43133
       1.83935     676.68508    -675.99309
       1.86835     677.33682    -676.66034
       1.89835     677.92126    -677.28656
       1.92835     678.44945    -677.84489
       1.95835     678.89438    -678.37025
       1.98835     679.30127    -678.83950
       2.01835     679.81693    -679.27205
       2.04735     680.56968    -679.79860
       2.07735     681.56533    -680.55210
       2.10735     682.61515    -681.54760
       2.13735     683.50681    -682.59921
       2.16735     684.25120    -683.48714
       2.19735     684.90771    -684.22064
       2.22735     685.41606    -684.87238
       2.25635     685.81265    -685.38296
       2.28635     686.30339    -685.76418
       2.31635     687.02450    -686.20539
       2.34635     687.91810    -686.86100
       2.37635     688.83289    -687.70865
       2.40635     689.65517    -688.63149
       2.43535     690.42328    -689.51748
       2.46535     691.28376    -690.34811
       2.49535     692.29180    -691.21291
       2.52535     693.36788    -692.17037
       2.55535     694.40979    -693.19229
       2.58535     695.37232    -694.21301
       2.61435     696.24533    -695.17674
       2.64435     696.98763    -696.06377
       2.67435     697.57386    -696.83920
       2.70435     698.09653    -697.46079
       2.73435     698.71514    -697.98824
       2.76435     699.48654    -698.57313
       2.79335     700.33791    -699.29409
       2.82335     701.23897    -700.08981
       2.85335     702.26805    -700.91865
       2.88335     703.46126    -701.86089
       2.91335     704.67669    -702.98621
       2.94335     705.69428    -704.20448
       2.97335     706.49955    -705.29802
       3.00235     707.28811    -706.15715
       3.03235     708.16007    -706.91497
       3.06235     709.05233    -707.73038
       3.09235     709.88102    -708.60429
       3.12235     710.61527    -709.45805
       3.15235     711.28565    -710.22243
       3.18135     711.90695    -710.89834
       3.21135     712.51392    -711.53575
       3.24135     713.26398    -712.14526
       3.27135     714.21726    -712.79102
       3.30135     715.12429    -713.61181
       3.33135     715.69844    -714.56524
       3.36035     715.93186    -715.36782
       3.39035     715.99196    -715.81364
       3.42035     716.00343    -715.96889
       3.45035     716.02058    -716.00239
       3.48035     716.10111    -716.01801
       3.51035     716.34256    -716.09900
       3.54035     716.85061    -716.42235
       3.56935     717.73391    -717.21449
       3.59935     719.04767    -718.47737
       3.62935     720.57033    -719.88066
       3.65935     721.86275    -721.07551
       3.68935     722.72726    -721.97448
       3.71935     723.34900    -722.70663
       3.74835     724.00133    -723.46684
       3.77835     724.80824    -724.37014
       3.80835     725.70020    -725.36878
       3.83835     726.53993    -726.30251
       3.86835     727.39563    -727.10853
       3.89835     728.61823    -728.03450
       3.92735     730.36380    -729.35632
       3.95735     732.28081    -730.86719
       3.98735     734.04667    -732.24452
       4.01735     735.79403    -733.73196
       4.04735     737.82204    -735.73341
       4.07735     740.12117    -738.09744
       4.10735     742.33286    -740.40015
       4.13635     744.20257    -742.56171
       4.16635     745.75402    -744.65821
       4.19635     747.08584    -746.53478
       4.22635     748.27218    -748.02923
       4.25635     749.38601    -749.23721
       4.28635     750.50759    -750.37357
       4.31535     751.65216    -751.52962
       4.34535     752.70108    -752.59839
       4.37535     753.52440    -753.43454
       4.40535     754.21672    -754.10896
       4.43535     755.06779    -754.90602
       4.46535     756.26339    -756.04223
       4.49435     757.69726    -757.44895
       4.52435     759.15247    -758.89834
       4.55435     760.61724    -760.34147
       4.58435     762.18182    -761.88546
       4.61435     763.71685    -763.44884
       4.64435     764.99958    -764.79558
       4.67335     766.09013    -765.91374
       4.70335     767.28289    -767.03070
       4.73335     768.78376    -768.26986
       4.76335     770.67704    -769.66569
       4.79335     773.01302    -771.43423
       4.82335     775.72769    -773.75902
       4.85335     778.57321    -776.44280
       4.88235     781.33383    -779.14687
       4.91235     784.07371    -781.78679
       4.94235     786.85447    -784.47773
       4.97235     789.50976    -787.20090
       5.00235     791.96406    -789.76218
       5.03235     794.29541    -792.11308
       5.06135     796.52232    -794.38102
       5.09135     798.64090    -796.61972
       5.12135     800.71174    -798.84364
       5.15135     802.79884    -801.13665
       5.18135     804.86431    -803.50202
       5.21135     806.84249    -805.79189
       5.24035     808.84112    -807.93808
       5.27035     811.03057    -810.05279
       5.30035     813.39505    -812.23926
       5.33035     815.85323    -814.51496
       5.36035     818.41884    -816.86109
       5.39035     821.11127    -819.31255
       5.42035     823.88428    -822.00200
       5.44935     826.63356    -824.89646
       5.47935     829.28019    -827.74153
       5.50935     831.84564    -830.42054
       5.53935     834.39917    -833.03792
       5.56935     837.00461    -835.70141
       5.59935     839.69272    -838.41234
       5.62835     842.44260    -841.14014
       5.65835     845.16099    -843.85600
       5.68835     847.71765    -846.46547
       5.71835     850.09197    -848.89694
       5.74835     852.38215    -851.21144
       5.77835     854.66725    -853.50265
       5.80735     856.97502    -855.81252
       5.83735     859.27922    -858.11836
       5.86735     861.52165    -860.35362
       5.89735     863.70409    -862.51876
       5.92735     865.85192    -864.67256
       5.95735     867.94380    -866.80577
       5.98735     870.02419    -868.91212
       6.01635     872.23006    -871.10217
       6.04635     874.60543    -873.45113
       6.07635     877.10777    -875.91752
       6.10635     879.74172    -878.50789
       6.13635     882.49682    -881.26687
       6.16635     885.30414    -884.13477
       6.19535     888.10191    -886.98208
       6.22535     890.82449    -889.68601
       6.25535     893.42352    -892.20685
       6.28535     895.91154    -894.62982
       6.31535     898.29243    -897.03831
       6.34535     900.55351    -899.43502
       6.37435     902.74610    -901.80487
       6.40435     904.94421    -904.12801
       6.43435     907.15336    -906.36969
       6.46435     909.36117    -908.54751
       6.49435     911.58062    -910.74398
       6.52435     913.80977    -912.99253
       6.55335     916.05369    -915.24570
       6.58335     918.33207    -917.49424
       6.61335     920.64149    -919.79814
       6.64335     922.95837    -922.17321
       6.67335     925.23840    -924.53739
       6.70335     927.44114    -926.79713
       6.73335     929.59493    -928.94824
       6.76235     931.75679    -931.05593
       6.79235     933.91447    -933.16064
       6.82235     936.01649    -935.24118
       6.85235     938.05629    -937.27964
       6.88235     940.07625    -939.30706
       6.91235     942.11710    -941.33507
       6.94135     944.18033    -943.34160
       6.97135     946.24371    -945.35768
       7.00135     948.29500    -947.43166
       7.03135     950.33913    -949.52682
       7.06135     952.38550    -951.59452
       7.09135     954.45350    -953.67192
       7.12035     956.58388    -955.83244
       7.15035     958.80094    -958.11112
       7.18035     961.09603    -960.46500
       7.21035     963.44753    -962.79636
       7.24035     965.80067    -965.05191
       7.27035     968.07055    -967.24659
       7.30035     970.22643    -969.40069
       7.32935     972.32010    -971.51614
       7.35935     974.36573    -973.57370
       7.38935     976.29571    -975.53786
       7.41935     978.07963    -977.39205
       7.44935     979.77223    -979.17387
       7.47935     981.45214    -980.95286
       7.50835     983.16653    -982.75931
       7.53835     984.89792    -984.56859
       7.56835     986.57844    -986.33520
       7.59835     988.16286    -988.01914
       7.62835     989.66433    -989.61595
       7.65835     991.10626    -991.14606
       7.68735     992.50119    -992.61411
       7.71735     993.88344    -994.01934
       7.74735     995.29031    -995.38532
       7.77735     996.71255    -996.73072
       7.80735     998.10122    -998.02897
       7.83735     999.41215    -999.24590
       7.86735    1000.61162   -1000.39941
       7.89635    1001.67904   -1001.53144
       7.92635    1002.64814   -1002.63796
       7.95635    1003.57531   -1003.67345
       7.98635    1004.47711   -1004.62256
       8.01635    1005.34893   -1005.51899
       8.04635    1006.18881   -1006.37603
       8.07535    1006.99886   -1007.17488
       8.10535    1007.79443   -1007.92032
       8.13535    1008.58537   -1008.63756
       8.16535    1009.35319   -1009.34942
       8.19535    1010.07788   -1010.06711
       8.22535    1010.75454   -1010.76703
       8.25435    1011.38449   -1011.40877
       8.28435    1011.97415   -1011.98799
       8.31435    1012.52472   -1012.52529
       8.34435    1013.03352   -1013.01662
       8.37435    1013.50068   -1013.44082
       8.40435    1013.91951   -1013.80339
       8.43335    1014.28387   -1014.14686
       8.46335    1014.60556   -1014.50779
       8.49335    1014.90245   -1014.87350
       8.52335    1015.17896   -1015.20250
       8.55335    1015.42132   -1015.47127
       8.58335    1015.60793   -1015.67962
       8.61335    1015.73425   -1015.82959
       8.64235    1015.81986   -1015.92036
       8.67235    1015.88254   -1015.96345
       8.70235    1015.92546   -1015.98289
       8.73235    1015.95201   -1015.99498
       8.76235    1015.97030   -1016.00244
       8.79235    1015.98525   -1016.00539
       8.82135    1015.99651   -1016.00605
       8.85135    1016.00252   -1016.00613
       8.88135    1016.00446   -1016.00613
       8.91135    1016.00481   -1016.00614
       8.94135    1016.00485   -1016.00614
       8.97135    1016.00485   -1016.00614
       9.00035    1016.00485   -1016.00614
       9.03035    1016.00485   -1016.00614
       9.06035    1016.00485   -1016.00614
       9.09035    1016.00485   -1016.00614
       9.12035    1016.00485   -1016.00614
       9.15035    1016.00485   -1016.00614
       9.18035    1016.00485   -1016.00614
       9.20935    1016.00485   -1016.00614
       9.23935    1016.00485   -1016.00614
       9.26935    1016.00485   -1016.00614
       9.29935    1016.00485   -1016.00614
       9.32935    1016.00485   -1016.00614
       9.35935    1016.00485   -1016.00614
       9.38835    1016.00485   -1016.00614
       9.41835    1016.00485   -1016.00614
       9.44835    1016.00485   -1016.00614
       9.47835    1016.00485   -1016.00614
       9.50835    1016.00485   -1016.00614
       9.53835    1016.00485   -1016.00614
       9.56735    1016.00485   -1016.00614
       9.59735    1016.00485   -1016.00614
       9.62735    1016.00485   -1016.00614
       9.65735    1016.00485   -1016.00614
       9.68735    1016.00485   -1016.00614
       9.71735    1016.00485   -1016.00614
       9.74735    1016.00485   -1016.00614
       9.77635    1016.00485   -1016.00614
       9.80635    1016.00485   -1016.00614
       9.83635    1016.00485   -1016.00614
       9.86635    1016.00485   -1016.00614
       9.89635    1016.00485   -1016.00614
       9.92635    1016.00485   -1016.00614
       9.95535    1016.00485   -1016.00614
       9.98535    1016.00485   -1016.00614
      10.01535    1016.00485   -1016.00614
      10.04535    1016.00485   -1016.00614
      10.07535    1016.00485   -1016.00614
      10.10535    1016.00485   -1016.00614
      10.13435    1016.00485   -1016.00614
