      #Energy        TDOS-UP        TDOS-DOWN
     -22.14328       0.00000       0.00000
     -22.11028       0.00000       0.00000
     -22.07728       0.00000       0.00000
     -22.04528       0.00000       0.00000
     -22.01228       0.00000       0.00000
     -21.98028       0.00000       0.00000
     -21.94728       0.00000       0.00000
     -21.91528       0.00000       0.00000
     -21.88228       0.00000       0.00000
     -21.85028       0.00000       0.00000
     -21.81728       0.00000       0.00000
     -21.78528       0.00000       0.00000
     -21.75228       0.00000       0.00000
     -21.72028       0.00000       0.00000
     -21.68728       0.00000       0.00000
     -21.65528       0.00000       0.00000
     -21.62228       0.00000       0.00000
     -21.58928       0.00000       0.00000
     -21.55728       0.00000       0.00000
     -21.52428       0.00000       0.00000
     -21.49228       0.00000       0.00000
     -21.45928       0.00000       0.00000
     -21.42728       0.00000       0.00000
     -21.39428       0.00000       0.00000
     -21.36228       0.00000       0.00000
     -21.32928       0.00000       0.00000
     -21.29728       0.00000       0.00000
     -21.26428       0.00000       0.00000
     -21.23228       0.00000       0.00000
     -21.19928       0.00000       0.00000
     -21.16628       0.00000       0.00000
     -21.13428       0.00000       0.00000
     -21.10128       0.00000       0.00000
     -21.06928       0.00000       0.00000
     -21.03628       0.00000       0.00000
     -21.00428       0.00000       0.00000
     -20.97128       0.00000       0.00000
     -20.93928       0.00000      -0.00000
     -20.90628       0.00000      -0.00000
     -20.87428       0.00000      -0.00000
     -20.84128       0.00000      -0.00000
     -20.80928       0.00004      -0.00002
     -20.77628       0.00142      -0.00069
     -20.74428       0.02390      -0.01380
     -20.71128       0.19528      -0.13132
     -20.67828       0.82881      -0.63755
     -20.64628       2.02104      -1.73559
     -20.61328       3.22418      -2.99631
     -20.58128       4.01591      -3.86596
     -20.54828       4.82261      -4.60987
     -20.51628       6.04022      -5.74793
     -20.48328       7.21456      -6.99483
     -20.45128       7.82009      -7.73694
     -20.41828       7.97868      -7.96373
     -20.38628       7.99879      -7.99760
     -20.35328       7.99998      -7.99998
     -20.32128       8.00001      -8.00005
     -20.28828       8.00001      -8.00005
     -20.25628       8.00001      -8.00005
     -20.22328       8.00001      -8.00005
     -20.19028       8.00001      -8.00005
     -20.15828       8.00001      -8.00005
     -20.12528       8.00001      -8.00005
     -20.09328       8.00001      -8.00005
     -20.06028       8.00001      -8.00005
     -20.02828       8.00001      -8.00005
     -19.99528       8.00001      -8.00005
     -19.96328       8.00001      -8.00005
     -19.93028       8.00001      -8.00005
     -19.89828       8.00001      -8.00005
     -19.86528       8.00001      -8.00005
     -19.83328       8.00001      -8.00005
     -19.80028       8.00001      -8.00005
     -19.76828       8.00001      -8.00005
     -19.73528       8.00001      -8.00005
     -19.70228       8.00001      -8.00005
     -19.67028       8.00001      -8.00005
     -19.63728       8.00001      -8.00005
     -19.60528       8.00001      -8.00005
     -19.57228       8.00001      -8.00005
     -19.54028       8.00001      -8.00005
     -19.50728       8.00001      -8.00005
     -19.47528       8.00001      -8.00005
     -19.44228       8.00001      -8.00005
     -19.41028       8.00001      -8.00005
     -19.37728       8.00001      -8.00005
     -19.34528       8.00001      -8.00005
     -19.31228       8.00001      -8.00005
     -19.27928       8.00001      -8.00005
     -19.24728       8.00001      -8.00005
     -19.21428       8.00001      -8.00005
     -19.18228       8.00001      -8.00005
     -19.14928       8.00001      -8.00005
     -19.11728       8.00001      -8.00005
     -19.08428       8.00001      -8.00005
     -19.05228       8.00001      -8.00005
     -19.01928       8.00001      -8.00005
     -18.98728       8.00001      -8.00005
     -18.95428       8.00001      -8.00005
     -18.92228       8.00001      -8.00005
     -18.88928       8.00001      -8.00005
     -18.85728       8.00001      -8.00005
     -18.82428       8.00001      -8.00005
     -18.79128       8.00001      -8.00005
     -18.75928       8.00001      -8.00005
     -18.72628       8.00001      -8.00005
     -18.69428       8.00001      -8.00005
     -18.66128       8.00001      -8.00005
     -18.62928       8.00001      -8.00005
     -18.59628       8.00001      -8.00005
     -18.56428       8.00001      -8.00005
     -18.53128       8.00001      -8.00005
     -18.49928       8.00001      -8.00005
     -18.46628       8.00001      -8.00005
     -18.43428       8.00005      -8.00006
     -18.40128       8.00119      -8.00027
     -18.36928       8.01893      -8.00502
     -18.33628       8.15350      -8.05671
     -18.30328       8.68186      -8.33875
     -18.27128       9.84416      -9.16400
     -18.23828      11.45268     -10.59048
     -18.20628      13.16579     -12.29058
     -18.17328      15.01197     -14.09577
     -18.14128      17.02603     -16.10169
     -18.10828      18.73833     -18.04304
     -18.07628      19.75293     -19.37761
     -18.04328      20.42282     -20.13583
     -18.01128      21.33900     -20.91634
     -17.97828      22.58930     -22.03879
     -17.94628      23.94193     -23.34978
     -17.91328      25.25585     -24.67687
     -17.88028      26.43572     -25.92994
     -17.84828      27.32408     -26.96942
     -17.81528      27.80541     -27.63655
     -17.78328      27.96687     -27.92053
     -17.75028      27.99694     -27.99079
     -17.71828      28.00191     -28.00078
     -17.68528      28.03266     -28.01549
     -17.65328      28.24278     -28.13814
     -17.62028      28.95171     -28.65409
     -17.58828      30.20771     -29.76043
     -17.55528      31.58003     -31.07825
     -17.52328      33.05255     -32.27569
     -17.49028      34.99861     -33.80986
     -17.45828      37.04195     -35.86280
     -17.42528      38.62151     -37.76657
     -17.39228      39.86157     -39.19972
     -17.36028      40.96792     -40.40660
     -17.32728      41.90231     -41.46154
     -17.29528      42.74333     -42.33493
     -17.26228      43.75484     -43.23224
     -17.23028      44.95260     -44.36689
     -17.19728      46.00608     -45.53667
     -17.16528      46.81375     -46.44309
     -17.13228      47.64290     -47.21058
     -17.10028      48.70418     -48.14758
     -17.06728      49.91170     -49.32257
     -17.03528      50.95005     -50.48422
     -17.00228      51.59619     -51.32459
     -16.97028      51.88830     -51.77299
     -16.93728      51.98006     -51.94799
     -16.90428      51.99785     -51.99315
     -16.87228      51.99974     -51.99986
     -16.83928      51.99984     -52.00038
     -16.80728      51.99984     -52.00040
     -16.77428      51.99984     -52.00040
     -16.74228      51.99984     -52.00040
     -16.70928      51.99984     -52.00040
     -16.67728      51.99984     -52.00040
     -16.64428      51.99984     -52.00040
     -16.61228      51.99984     -52.00040
     -16.57928      51.99997     -52.00044
     -16.54728      52.00231     -52.00130
     -16.51428      52.02419     -52.01166
     -16.48128      52.13342     -52.07607
     -16.44928      52.44815     -52.30176
     -16.41628      52.99603     -52.77351
     -16.38428      53.59792     -53.38256
     -16.35128      54.10530     -53.92313
     -16.31928      54.64164     -54.41928
     -16.28628      55.34520     -55.05452
     -16.25428      56.09773     -55.81176
     -16.22128      56.69572     -56.48523
     -16.18928      57.09674     -56.95487
     -16.15628      57.43546     -57.29440
     -16.12428      57.91665     -57.69266
     -16.09128      58.67503     -58.33359
     -16.05928      59.57998     -59.21106
     -16.02628      60.32047     -60.04703
     -15.99328      60.81516     -60.62810
     -15.96128      61.26821     -61.06879
     -15.92828      61.87921     -61.58934
     -15.89628      62.75146     -62.32446
     -15.86328      63.85244     -63.32913
     -15.83128      64.96708     -64.47289
     -15.79828      65.97630     -65.54816
     -15.76628      66.93917     -66.54373
     -15.73328      67.86836     -67.48040
     -15.70128      68.90247     -68.41691
     -15.66828      70.15539     -69.57417
     -15.63628      71.26498     -70.81325
     -15.60328      71.91779     -71.67331
     -15.57128      72.37360     -72.15824
     -15.53828      72.97989     -72.66741
     -15.50528      73.79179     -73.38870
     -15.47328      74.77239     -74.29593
     -15.44028      75.82017     -75.32484
     -15.40828      76.79035     -76.30902
     -15.37528      77.79681     -77.21982
     -15.34328      79.00792     -78.29168
     -15.31028      80.23545     -79.54719
     -15.27828      81.19164     -80.67647
     -15.24528      81.89130     -81.49131
     -15.21328      82.58836     -82.13582
     -15.18028      83.44061     -82.86964
     -15.14828      84.38281     -83.76320
     -15.11528      85.31477     -84.70850
     -15.08328      86.14017     -85.61492
     -15.05028      86.78176     -86.39038
     -15.01728      87.29613     -86.99569
     -14.98528      87.72640     -87.48908
     -14.95228      88.10283     -87.88877
     -14.92028      88.71285     -88.32034
     -14.88728      89.99684     -89.19194
     -14.85528      91.92240     -90.82291
     -14.82228      93.80421     -92.83941
     -14.79028      95.19523     -94.52959
     -14.75728      96.24870     -95.74459
     -14.72528      97.12177     -96.70469
     -14.69228      97.87023     -97.49773
     -14.66028      98.67726     -98.22797
     -14.62728      99.70405     -99.11145
     -14.59428     100.92410    -100.23032
     -14.56228     102.35384    -101.54195
     -14.52928     103.97602    -103.08751
     -14.49728     105.42479    -104.69489
     -14.46428     106.42849    -105.95447
     -14.43228     107.12733    -106.79257
     -14.39928     107.65098    -107.40031
     -14.36728     108.04448    -107.84864
     -14.33428     108.50713    -108.24833
     -14.30228     109.21557    -108.82501
     -14.26928     110.17730    -109.65790
     -14.23728     111.48177    -110.77644
     -14.20428     113.13437    -112.28719
     -14.17228     114.76989    -113.98989
     -14.13928     116.09682    -115.47949
     -14.10628     117.23001    -116.68913
     -14.07428     118.41703    -117.85810
     -14.04128     119.64977    -119.11378
     -14.00928     120.71431    -120.28031
     -13.97628     121.66465    -121.25391
     -13.94428     122.80304    -122.29340
     -13.91128     124.11955    -123.57722
     -13.87928     125.23061    -124.82362
     -13.84628     125.92507    -125.67977
     -13.81428     126.40479    -126.19577
     -13.78128     126.98667    -126.69664
     -13.74928     127.83241    -127.42233
     -13.71628     128.93876    -128.42375
     -13.68428     130.15458    -129.60590
     -13.65128     131.29101    -130.78121
     -13.61828     132.34286    -131.87308
     -13.58628     133.34298    -132.92834
     -13.55328     134.15570    -133.85119
     -13.52128     134.69545    -134.49814
     -13.48828     135.03942    -134.90303
     -13.45628     135.28032    -135.17369
     -13.42328     135.47374    -135.37926
     -13.39128     135.65045    -135.56010
     -13.35828     135.84900    -135.74643
     -13.32628     136.15154    -136.00375
     -13.29328     136.58734    -136.39794
     -13.26128     137.06641    -136.87864
     -13.22828     137.53556    -137.35316
     -13.19528     138.08377    -137.85761
     -13.16328     138.77204    -138.49334
     -13.13028     139.43120    -139.18893
     -13.09828     139.83066    -139.70428
     -13.06528     139.97139    -139.93544
     -13.03328     140.01183    -139.99839
     -13.00028     140.12375    -140.05620
     -12.96828     140.55775    -140.30709
     -12.93528     141.52061    -140.97909
     -12.90328     142.86479    -142.07828
     -12.87028     144.22994    -143.36795
     -12.83828     145.43324    -144.64380
     -12.80528     146.48687    -145.81293
     -12.77328     147.43103    -146.84965
     -12.74028     148.28913    -147.76973
     -12.70728     149.02198    -148.58993
     -12.67528     149.51732    -149.24421
     -12.64228     149.79495    -149.65343
     -12.61028     150.15441    -149.98375
     -12.57728     151.02309    -150.66568
     -12.54528     152.47349    -151.95454
     -12.51228     154.01807    -153.50596
     -12.48028     155.25569    -154.79954
     -12.44728     156.27289    -155.79152
     -12.41528     157.23689    -156.71518
     -12.38228     158.17747    -157.65267
     -12.35028     159.13562    -158.60008
     -12.31728     160.09572    -159.57466
     -12.28528     160.96032    -160.47392
     -12.25228     161.76588    -161.22644
     -12.21928     162.59373    -161.97507
     -12.18728     163.48274    -162.81495
     -12.15428     164.56631    -163.76350
     -12.12228     165.87778    -164.91572
     -12.08928     167.18519    -166.23793
     -12.05728     168.22841    -167.48563
     -12.02428     168.94808    -168.43613
     -11.99228     169.47710    -169.08487
     -11.95928     169.99066    -169.62641
     -11.92728     170.67698    -170.27597
     -11.89428     171.64944    -171.15587
     -11.86228     172.84737    -172.23879
     -11.82928     174.21708    -173.47771
     -11.79728     175.69041    -174.90013
     -11.76428     176.97407    -176.34873
     -11.73128     177.80956    -177.46012
     -11.69928     178.34963    -178.15392
     -11.66628     178.85034    -178.68668
     -11.63428     179.30664    -179.16917
     -11.60128     179.67542    -179.55861
     -11.56928     180.04355    -179.91568
     -11.53628     180.46293    -180.32545
     -11.50428     180.91955    -180.78370
     -11.47128     181.49184    -181.33386
     -11.43928     182.21394    -182.03710
     -11.40628     182.92775    -182.76490
     -11.37428     183.56755    -183.40763
     -11.34128     184.21109    -184.04010
     -11.30828     184.83071    -184.67322
     -11.27628     185.35419    -185.22013
     -11.24328     185.84628    -185.69254
     -11.21128     186.49600    -186.24839
     -11.17828     187.42535    -187.06111
     -11.14628     188.51770    -188.11361
     -11.11328     189.53425    -189.18074
     -11.08128     190.37365    -190.08212
     -11.04828     191.10275    -190.84001
     -11.01628     191.82599    -191.56456
     -10.98328     192.63432    -192.34995
     -10.95128     193.51292    -193.21440
     -10.91828     194.33149    -194.05282
     -10.88628     195.06547    -194.79867
     -10.85328     195.85184    -195.54274
     -10.82028     196.83975    -196.43273
     -10.78828     198.03996    -197.55127
     -10.75528     199.25432    -198.78385
     -10.72328     200.28794    -199.90174
     -10.69028     201.10017    -200.80133
     -10.65828     201.72695    -201.47821
     -10.62528     202.35487    -202.03374
     -10.59328     203.29627    -202.74723
     -10.56028     204.69965    -203.88383
     -10.52828     206.30068    -205.40791
     -10.49528     207.68796    -206.93217
     -10.46328     208.82066    -208.18622
     -10.43028     209.87023    -209.28345
     -10.39828     210.86010    -210.34180
     -10.36528     211.75203    -211.31866
     -10.33228     212.58785    -212.20311
     -10.30028     213.37161    -213.03942
     -10.26728     213.99904    -213.76852
     -10.23528     214.46494    -214.31445
     -10.20228     214.93458    -214.77709
     -10.17028     215.63212    -215.38940
     -10.13728     216.69340    -216.34608
     -10.10528     218.01984    -217.61347
     -10.07228     219.35735    -218.96203
     -10.04028     220.48549    -220.16094
     -10.00728     221.33936    -221.10005
      -9.97528     221.97997    -221.80069
      -9.94228     222.52704    -222.35540
      -9.90928     223.11250    -222.91402
      -9.87728     223.71895    -223.52047
      -9.84428     224.34264    -224.12496
      -9.81228     225.14722    -224.85569
      -9.77928     226.08048    -225.77480
      -9.74728     226.83203    -226.61615
      -9.71428     227.29012    -227.16094
      -9.68228     227.63629    -227.51362
      -9.64928     228.07648    -227.89915
      -9.61728     228.72360    -228.45663
      -9.58428     229.66824    -229.27504
      -9.55228     230.92392    -230.42075
      -9.51928     232.31852    -231.78981
      -9.48728     233.69913    -233.17303
      -9.45428     235.12675    -234.55299
      -9.42128     236.63815    -236.03787
      -9.38928     238.06138    -237.53935
      -9.35628     239.33707    -238.90076
      -9.32428     240.71963    -240.26673
      -9.29128     242.36491    -241.86093
      -9.25928     244.04614    -243.55452
      -9.22628     245.49654    -245.05909
      -9.19428     246.72944    -246.32843
      -9.16128     247.88849    -247.49854
      -9.12928     249.06250    -248.65141
      -9.09628     250.35299    -249.86414
      -9.06428     251.84243    -251.26736
      -9.03128     253.43679    -252.84643
      -8.99928     255.00871    -254.44893
      -8.96628     256.55573    -256.02085
      -8.93328     258.04728    -257.54168
      -8.90128     259.42415    -258.93937
      -8.86828     260.63623    -260.19537
      -8.83628     261.50768    -261.21013
      -8.80328     261.95195    -261.81869
      -8.77128     262.17363    -262.10644
      -8.73828     262.44181    -262.35164
      -8.70628     262.88070    -262.74733
      -8.67328     263.41004    -263.26919
      -8.64128     263.90717    -263.77949
      -8.60828     264.42073    -264.28248
      -8.57628     265.01954    -264.86713
      -8.54328     265.61150    -265.47374
      -8.51028     266.10424    -265.98974
      -8.47828     266.55404    -266.43611
      -8.44528     267.14568    -266.97375
      -8.41328     268.07308    -267.80859
      -8.38028     269.37707    -269.01904
      -8.34828     270.99502    -270.55436
      -8.31528     272.82298    -272.33173
      -8.28328     274.64428    -274.16994
      -8.25028     276.24726    -275.84190
      -8.21828     277.58769    -277.25585
      -8.18528     278.70623    -278.43719
      -8.15328     279.65364    -279.42754
      -8.12028     280.60154    -280.36536
      -8.08828     281.73310    -281.45478
      -8.05528     282.98813    -282.69582
      -8.02228     284.18605    -283.91522
      -7.99028     285.24603    -285.00334
      -7.95728     286.24875    -286.00102
      -7.92528     287.37559    -287.08052
      -7.89228     288.71667    -288.36287
      -7.86028     290.28419    -289.85622
      -7.82728     292.13363    -291.58804
      -7.79528     294.34143    -293.63187
      -7.76228     296.87995    -296.03586
      -7.73028     299.43588    -298.61879
      -7.69728     301.67459    -301.00716
      -7.66528     303.62602    -303.07344
      -7.63228     305.38631    -304.90661
      -7.60028     306.95465    -306.53155
      -7.56728     308.46426    -308.05710
      -7.53428     309.96053    -309.58396
      -7.50228     311.24419    -310.95237
      -7.46928     312.22999    -312.01479
      -7.43728     313.08240    -312.88721
      -7.40428     313.99792    -313.77833
      -7.37228     315.07401    -314.81537
      -7.33928     316.35311    -316.05072
      -7.30728     317.86614    -317.51982
      -7.27428     319.52150    -319.16315
      -7.24228     321.15409    -320.82209
      -7.20928     322.77400    -322.47063
      -7.17728     324.32899    -324.08109
      -7.14428     325.42753    -325.29073
      -7.11228     325.88763    -325.84657
      -7.07928     325.99129    -325.98493
      -7.04628     326.02562    -326.01640
      -7.01428     326.15539    -326.11052
      -6.98128     326.54654    -326.42785
      -6.94928     327.30199    -327.09302
      -6.91628     328.44315    -328.14178
      -6.88428     329.97374    -329.59364
      -6.85128     331.76006    -331.35214
      -6.81928     333.62088    -333.20857
      -6.78628     335.58028    -335.14568
      -6.75428     337.53611    -337.13697
      -6.72128     339.03791    -338.77168
      -6.68928     339.93164    -339.76138
      -6.65628     340.69035    -340.47259
      -6.62328     341.75781    -341.43871
      -6.59128     343.05204    -342.70301
      -6.55828     344.25794    -343.95787
      -6.52628     345.16826    -344.95441
      -6.49328     345.75795    -345.62137
      -6.46128     346.27395    -346.13216
      -6.42828     347.15629    -346.90893
      -6.39628     348.49005    -348.16347
      -6.36328     349.86871    -349.53920
      -6.33128     351.27681    -350.80154
      -6.29828     353.34814    -352.37492
      -6.26628     356.41681    -354.72442
      -6.23328     360.10950    -357.88061
      -6.20128     363.89166    -361.49847
      -6.16828     367.48837    -365.10819
      -6.13528     370.79536    -368.50156
      -6.10328     373.65207    -371.64539
      -6.07028     375.84539    -374.34788
      -6.03828     377.38054    -376.37024
      -6.00528     378.74570    -377.87822
      -5.97328     380.72836    -379.57751
      -5.94028     383.56669    -382.03567
      -5.90828     386.63764    -385.00251
      -5.87528     389.39642    -387.93632
      -5.84328     391.90062    -390.70096
      -5.81028     394.50242    -393.42737
      -5.77828     397.37523    -396.28668
      -5.74528     400.31458    -399.27743
      -5.71328     403.15177    -402.23711
      -5.68028     406.00359    -405.09252
      -5.64728     409.05925    -407.87961
      -5.61528     412.29776    -410.81814
      -5.58228     415.49201    -414.11228
      -5.55028     418.31050    -417.35095
      -5.51728     420.58288    -419.96983
      -5.48528     422.75962    -422.25783
      -5.45228     425.54572    -424.99188
      -5.42028     428.96756    -428.37582
      -5.38728     432.25373    -431.72705
      -5.35528     434.90872    -434.36529
      -5.32228     437.38901    -436.43092
      -5.29028     440.50046    -438.55104
      -5.25728     444.57055    -441.35749
      -5.22428     448.88628    -445.13314
      -5.19228     452.38376    -449.41145
      -5.15928     455.10578    -453.38394
      -5.12728     457.69050    -456.72883
      -5.09428     460.13174    -459.46402
      -5.06228     462.25430    -461.60822
      -5.02928     464.45804    -463.50825
      -4.99728     467.49353    -465.94233
      -4.96428     471.60754    -469.45153
      -4.93228     475.96231    -473.63224
      -4.89928     479.32168    -477.39975
      -4.86728     481.28824    -480.04450
      -4.83428     482.40402    -481.70361
      -4.80228     483.34736    -482.90804
      -4.76928     484.47615    -484.10434
      -4.73628     485.79673    -485.38865
      -4.70428     487.20419    -486.62399
      -4.67128     488.75186    -487.81623
      -4.63928     490.55184    -489.25442
      -4.60628     492.53077    -491.19268
      -4.57428     494.50871    -493.43627
      -4.54128     496.43770    -495.61496
      -4.50928     498.28681    -497.58282
      -4.47628     499.89516    -499.29138
      -4.44428     501.21249    -500.70403
      -4.41128     502.45548    -501.94962
      -4.37928     503.94557    -503.31413
      -4.34628     505.92514    -504.95974
      -4.31428     508.48107    -507.01642
      -4.28128     511.24847    -509.66230
      -4.24828     513.51207    -512.43312
      -4.21628     515.12986    -514.58529
      -4.18328     516.53910    -516.16680
      -4.15128     517.94590    -517.54757
      -4.11828     519.27950    -518.82017
      -4.08628     520.51988    -520.02704
      -4.05328     521.75522    -521.24661
      -4.02128     523.11778    -522.51399
      -3.98828     524.83170    -524.01661
      -3.95628     527.04341    -526.07215
      -3.92328     529.62065    -528.66842
      -3.89128     532.29809    -531.44347
      -3.85828     534.76129    -533.95287
      -3.82628     536.84319    -535.96937
      -3.79328     538.73980    -537.69745
      -3.76028     540.86269    -539.43269
      -3.72828     543.58015    -541.48872
      -3.69528     546.93578    -544.33404
      -3.66328     550.50158    -548.02348
      -3.63028     553.72919    -551.92276
      -3.59828     556.51123    -555.40414
      -3.56528     559.19648    -558.36121
      -3.53328     562.11728    -561.03947
      -3.50028     565.25753    -563.76816
      -3.46828     568.43699    -566.80901
      -3.43528     571.69208    -570.17733
      -3.40328     575.14727    -573.73825
      -3.37028     578.83345    -577.59036
      -3.33728     582.56681    -581.67184
      -3.30528     585.63759    -585.13825
      -3.27228     587.45872    -587.15150
      -3.24028     588.48210    -587.95169
      -3.20728     589.50223    -588.47371
      -3.17528     590.58905    -589.32546
      -3.14228     591.46114    -590.37520
      -3.11028     592.26296    -591.21475
      -3.07728     593.38655    -591.84056
      -3.04528     594.85549    -592.63554
      -3.01228     596.26652    -593.88309
      -2.98028     597.30633    -595.40116
      -2.94728     598.12750    -596.72532
      -2.91528     599.21075    -597.68818
      -2.88228     600.80007    -598.64584
      -2.84928     602.50326    -600.04890
      -2.81728     603.73258    -601.79146
      -2.78428     604.41174    -603.26707
      -2.75228     604.93604    -604.13998
      -2.71928     605.67604    -604.66086
      -2.68728     606.70641    -605.25283
      -2.65428     607.85766    -606.11532
      -2.62228     608.97555    -607.19043
      -2.58928     610.02447    -608.34818
      -2.55728     611.00588    -609.48039
      -2.52428     611.90790    -610.51401
      -2.49228     612.70646    -611.46207
      -2.45928     613.52422    -612.33514
      -2.42728     614.60991    -613.17405
      -2.39428     615.93244    -614.19450
      -2.36128     617.15266    -615.49459
      -2.32928     618.13390    -616.80167
      -2.29628     619.00242    -617.87515
      -2.26428     619.74665    -618.78596
      -2.23128     620.27306    -619.57655
      -2.19928     620.67242    -620.15323
      -2.16628     621.15849    -620.55211
      -2.13428     621.84839    -620.95586
      -2.10128     622.60075    -621.53693
      -2.06928     623.22705    -622.27628
      -2.03628     623.79575    -622.96830
      -2.00428     624.49102    -623.55148
      -1.97128     625.36555    -624.18542
      -1.93828     626.33655    -624.98024
      -1.90628     627.25354    -625.89853
      -1.87328     627.98834    -626.82333
      -1.84128     628.58633    -627.61506
      -1.80828     629.22336    -628.25291
      -1.77628     629.95848    -628.89531
      -1.74328     630.69522    -629.65743
      -1.71128     631.34218    -630.45518
      -1.67828     631.88599    -631.15874
      -1.64628     632.41387    -631.73981
      -1.61328     633.08701    -632.27778
      -1.58128     634.00221    -632.93953
      -1.54828     635.09506    -633.85197
      -1.51628     636.20010    -634.96677
      -1.48328     637.15531    -636.11101
      -1.45028     637.90849    -637.11097
      -1.41828     638.64313    -637.91539
      -1.38528     639.63690    -638.72209
      -1.35328     640.77854    -639.78386
      -1.32028     641.61810    -640.91834
      -1.28828     642.06871    -641.67282
      -1.25528     642.48531    -642.00788
      -1.22328     643.09615    -642.28551
      -1.19028     643.76149    -642.78948
      -1.15828     644.27114    -643.47693
      -1.12528     644.67783    -644.09916
      -1.09328     645.17219    -644.58132
      -1.06028     645.80450    -645.07699
      -1.02828     646.46268    -645.68409
      -0.99528     647.11500    -646.39204
      -0.96228     648.16620    -647.33441
      -0.93028     650.08509    -648.90144
      -0.89728     652.36399    -651.06972
      -0.86528     653.96730    -653.03091
      -0.83228     654.70681    -654.19598
      -0.80028     655.05018    -654.74126
      -0.76728     655.41258    -655.04294
      -0.73528     656.17227    -655.40790
      -0.70228     657.55158    -656.17035
      -0.67028     659.28064    -657.44603
      -0.63728     660.89793    -658.89383
      -0.60528     662.36492    -660.25671
      -0.57228     663.85322    -661.74598
      -0.53928     665.25596    -663.42982
      -0.50728     666.54563    -665.04158
      -0.47428     667.94495    -666.53167
      -0.44228     669.35858    -668.01216
      -0.40928     670.41612    -669.34869
      -0.37728     671.04941    -670.32050
      -0.34428     671.54736    -670.93004
      -0.31228     672.24620    -671.41741
      -0.27928     673.39647    -672.22948
      -0.24728     675.06029    -673.77439
      -0.21428     676.80382    -675.72761
      -0.18228     678.01542    -677.20419
      -0.14928     678.70157    -677.92175
      -0.11728     679.23254    -678.26456
      -0.08428     679.70982    -678.58672
      -0.05128     680.11065    -679.03147
      -0.01928     680.55150    -679.53495
       0.01372     681.14249    -679.95416
       0.04572     681.84199    -680.30016
       0.07872     682.56572    -680.72002
       0.11072     683.25936    -681.30646
       0.14372     683.94470    -682.02125
       0.17572     684.70959    -682.74694
       0.20872     685.50409    -683.40007
       0.24072     686.19090    -684.04165
       0.27372     686.84533    -684.77320
       0.30572     687.61153    -685.53613
       0.33872     688.40846    -686.23043
       0.37072     689.09690    -686.94749
       0.40372     689.60769    -687.77273
       0.43672     689.89144    -688.57553
       0.46872     690.00654    -689.23240
       0.50172     690.11152    -689.71473
       0.53372     690.34213    -690.03894
       0.56672     690.77474    -690.32671
       0.59872     691.45017    -690.72623
       0.63172     692.35349    -691.31430
       0.66372     693.34710    -692.11319
       0.69672     694.34461    -693.05051
       0.72872     695.43306    -694.00898
       0.76172     696.51549    -695.03529
       0.79372     697.31162    -696.12699
       0.82672     697.74799    -697.02804
       0.85872     697.93397    -697.58227
       0.89172     697.98982    -697.85909
       0.92472     697.99972    -697.96742
       0.95672     698.00062    -697.99492
       0.98972     698.00066    -697.99873
       1.02172     698.00066    -697.99899
       1.05472     698.00066    -697.99900
       1.08672     698.00066    -697.99900
       1.11972     698.00066    -697.99900
       1.15172     698.00066    -697.99900
       1.18472     698.00066    -697.99900
       1.21672     698.00066    -697.99900
       1.24972     698.00066    -697.99900
       1.28172     698.00066    -697.99900
       1.31472     698.00066    -697.99900
       1.34772     698.00066    -697.99900
       1.37972     698.00066    -697.99900
       1.41272     698.00066    -697.99900
       1.44472     698.00066    -697.99900
       1.47772     698.00067    -697.99900
       1.50972     698.00078    -697.99901
       1.54272     698.00270    -697.99932
       1.57472     698.01905    -698.00330
       1.60772     698.09852    -698.03071
       1.63972     698.33882    -698.14279
       1.67272     698.80098    -698.43677
       1.70472     699.36725    -698.93504
       1.73772     699.83737    -699.48049
       1.76972     700.17832    -699.89953
       1.80272     700.51178    -700.20463
       1.83572     700.93327    -700.51688
       1.86772     701.40112    -700.92047
       1.90072     701.79577    -701.37921
       1.93272     702.13787    -701.76977
       1.96572     702.59059    -702.09214
       1.99772     703.16840    -702.51409
       2.03072     703.73744    -703.08426
       2.06272     704.39724    -703.66468
       2.09572     705.48113    -704.30935
       2.12772     707.02328    -705.34916
       2.16072     708.63375    -706.86056
       2.19272     709.97125    -708.46175
       2.22572     710.92598    -709.80544
       2.25772     711.50461    -710.79579
       2.29072     711.82234    -711.42290
       2.32372     712.09996    -711.76424
       2.35572     712.64856    -712.00392
       2.38872     713.65356    -712.42721
       2.42072     714.87719    -713.30793
       2.45372     715.93375    -714.54099
       2.48572     716.82179    -715.69337
       2.51872     717.79018    -716.61898
       2.55072     718.80136    -717.56298
       2.58372     719.59439    -718.58717
       2.61572     720.14016    -719.44169
       2.64872     720.65584    -720.02683
       2.68072     721.31564    -720.52494
       2.71372     722.07240    -721.13968
       2.74672     722.77499    -721.88131
       2.77872     723.39575    -722.60163
       2.81172     723.99260    -723.22971
       2.84372     724.65923    -723.79679
       2.87672     725.53360    -724.36094
       2.90872     726.69135    -725.07540
       2.94172     728.12890    -726.08235
       2.97372     729.70715    -727.37349
       3.00672     731.07865    -728.85447
       3.03872     731.97596    -730.32976
       3.07172     732.50920    -731.49954
       3.10372     732.95949    -732.24996
       3.13672     733.48996    -732.76856
       3.16872     734.11951    -733.27382
       3.20172     734.72091    -733.86742
       3.23472     735.15411    -734.49989
       3.26672     735.43889    -735.00873
       3.29972     735.65102    -735.34186
       3.33172     735.81364    -735.57417
       3.36472     735.92387    -735.75258
       3.39672     735.97962    -735.88306
       3.42972     735.99700    -735.96106
       3.46172     735.99991    -735.99214
       3.49472     736.00052    -735.99929
       3.52672     736.00755    -736.00351
       3.55972     736.07152    -736.03728
       3.59172     736.36910    -736.21570
       3.62472     737.15302    -736.76121
       3.65672     738.53802    -737.82607
       3.68972     740.52297    -739.39522
       3.72272     742.92549    -741.44865
       3.75472     745.14192    -743.76463
       3.78772     746.61005    -745.73070
       3.81972     747.37006    -746.91838
       3.85272     747.88101    -747.53410
       3.88472     748.68088    -748.15177
       3.91772     750.01562    -749.24412
       3.94972     751.54849    -750.72624
       3.98272     753.04639    -752.17892
       4.01472     754.96496    -753.68544
       4.04772     757.69690    -755.72455
       4.07972     760.89083    -758.43648
       4.11272     763.79032    -761.46855
       4.14472     765.95973    -764.33925
       4.17772     767.49635    -766.69688
       4.21072     768.62595    -768.34948
       4.24272     769.41280    -769.33398
       4.27572     769.88114    -769.84770
       4.30772     770.24114    -770.18817
       4.34072     770.85409    -770.73752
       4.37272     771.92107    -771.73569
       4.40572     773.32022    -773.09954
       4.43772     774.82235    -774.59533
       4.47072     776.28885    -776.06964
       4.50272     777.63448    -777.43349
       4.53572     778.86966    -778.67859
       4.56772     780.15413    -779.93964
       4.60072     781.63690    -781.38353
       4.63372     783.18555    -782.93950
       4.66572     784.53526    -784.32873
       4.69872     785.77402    -785.52552
       4.73072     787.26687    -786.75663
       4.76372     789.23099    -788.20622
       4.79572     791.59382    -790.07696
       4.82872     794.17870    -792.40693
       4.86072     796.91194    -794.91032
       4.89372     799.78069    -797.47942
       4.92572     802.86823    -800.34085
       4.95872     806.21118    -803.61872
       4.99072     809.52402    -807.12596
       5.02372     812.66004    -810.41749
       5.05572     815.78142    -813.29958
       5.08872     818.68937    -816.04339
       5.12172     821.04326    -818.75028
       5.15372     823.10140    -821.32247
       5.18672     825.39071    -823.95356
       5.21872     827.94289    -826.76358
       5.25172     830.35713    -829.40930
       5.28372     832.46066    -831.63760
       5.31672     834.48594    -833.58448
       5.34872     836.73669    -835.52355
       5.38172     839.30629    -837.71525
       5.41372     842.05644    -840.27101
       5.44672     844.78432    -843.06850
       5.47872     847.41019    -845.88764
       5.51172     850.04241    -848.67440
       5.54372     852.71367    -851.45074
       5.57672     855.25919    -854.09630
       5.60972     857.61812    -856.57122
       5.64172     859.85585    -858.96870
       5.67472     862.00298    -861.28322
       5.70672     864.14783    -863.51738
       5.73972     866.34376    -865.72404
       5.77172     868.53156    -867.88500
       5.80472     870.75205    -870.04546
       5.83672     873.10756    -872.33688
       5.86972     875.61940    -874.82286
       5.90172     878.29831    -877.51136
       5.93472     881.06132    -880.29243
       5.96672     883.73063    -882.96385
       5.99972     886.28411    -885.49017
       6.03272     888.80311    -887.94719
       6.06472     891.33301    -890.40096
       6.09772     893.93595    -892.95819
       6.12972     896.59680    -895.63986
       6.16272     899.17241    -898.30445
       6.19472     901.58372    -900.82166
       6.22772     903.92264    -903.22728
       6.25972     906.37543    -905.69292
       6.29272     909.08232    -908.36402
       6.32472     912.00296    -911.21796
       6.35772     914.93515    -914.09842
       6.38972     917.71019    -916.90698
       6.42272     920.30597    -919.62509
       6.45472     922.78203    -922.22087
       6.48772     925.21676    -924.72117
       6.52072     927.69103    -927.20519
       6.55272     930.21328    -929.68856
       6.58572     932.72431    -932.12021
       6.61772     935.18653    -934.46628
       6.65072     937.55067    -936.74599
       6.68272     939.77132    -938.98259
       6.71572     941.89795    -941.21756
       6.74772     944.03597    -943.52362
       6.78072     946.26200    -945.93168
       6.81272     948.59620    -948.39846
       6.84572     951.02508    -950.87890
       6.87772     953.52634    -953.38033
       6.91072     956.05754    -955.88258
       6.94272     958.53701    -958.30771
       6.97572     960.90489    -960.62369
       7.00872     963.19256    -962.87266
       7.04072     965.45324    -965.09038
       7.07372     967.69618    -967.30616
       7.10572     969.92660    -969.57513
       7.13872     972.18548    -971.92202
       7.17072     974.52277    -974.30502
       7.20372     976.93164    -976.67876
       7.23572     979.36377    -979.05916
       7.26872     981.82145    -981.48250
       7.30072     984.32646    -983.93513
       7.33372     986.83179    -986.35734
       7.36572     989.26929    -988.70504
       7.39872     991.61130    -990.98556
       7.43172     993.86758    -993.21273
       7.46372     996.03830    -995.36343
       7.49672     998.10474    -997.42841
       7.52872    1000.08268    -999.45061
       7.56172    1002.00402   -1001.45198
       7.59372    1003.88664   -1003.42293
       7.62672    1005.73526   -1005.39339
       7.65872    1007.52727   -1007.35019
       7.69172    1009.24071   -1009.19231
       7.72372    1010.89055   -1010.90380
       7.75672    1012.50492   -1012.57527
       7.78872    1014.09782   -1014.23323
       7.82172    1015.66827   -1015.82353
       7.85372    1017.21985   -1017.33770
       7.88672    1018.71645   -1018.80664
       7.91972    1020.06127   -1020.18985
       7.95172    1021.25952   -1021.42357
       7.98472    1022.43874   -1022.52015
       8.01672    1023.65001   -1023.56354
       8.04972    1024.84175   -1024.65573
       8.08172    1025.97380   -1025.82941
       8.11472    1027.04012   -1027.03645
       8.14672    1028.05212   -1028.21470
       8.17972    1029.03141   -1029.31518
       8.21172    1029.98468   -1030.30115
       8.24472    1030.89858   -1031.15583
       8.27672    1031.76937   -1031.89893
       8.30972    1032.59754   -1032.59484
       8.34172    1033.37073   -1033.31679
       8.37472    1034.09934   -1034.08005
       8.40772    1034.82551   -1034.83144
       8.43972    1035.55218   -1035.51386
       8.47272    1036.20580   -1036.11624
       8.50472    1036.73449   -1036.66022
       8.53772    1037.19388   -1037.16206
       8.56972    1037.66449   -1037.61918
       8.60272    1038.14226   -1038.03481
       8.63472    1038.57400   -1038.42311
       8.66772    1038.93953   -1038.78896
       8.69972    1039.24529   -1039.12753
       8.73272    1039.48681   -1039.42218
       8.76472    1039.65230   -1039.65466
       8.79772    1039.75137   -1039.82052
       8.82972    1039.81935   -1039.92149
       8.86272    1039.88207   -1039.97077
       8.89572    1039.93826   -1039.99164
       8.92772    1039.97691   -1039.99959
       8.96072    1039.99452   -1040.00173
       8.99272    1039.99908   -1040.00204
       9.02572    1039.99967   -1040.00206
       9.05772    1039.99971   -1040.00207
       9.09072    1039.99971   -1040.00207
       9.12272    1039.99971   -1040.00207
       9.15572    1039.99971   -1040.00207
       9.18772    1039.99971   -1040.00207
       9.22072    1039.99971   -1040.00207
       9.25272    1039.99971   -1040.00207
       9.28572    1039.99971   -1040.00207
       9.31872    1039.99971   -1040.00207
       9.35072    1039.99971   -1040.00207
       9.38372    1039.99971   -1040.00207
       9.41572    1039.99971   -1040.00207
       9.44872    1039.99971   -1040.00207
       9.48072    1039.99971   -1040.00207
       9.51372    1039.99971   -1040.00207
       9.54572    1039.99971   -1040.00207
       9.57872    1039.99971   -1040.00207
       9.61072    1039.99971   -1040.00207
       9.64372    1039.99971   -1040.00207
       9.67572    1039.99971   -1040.00207
       9.70872    1039.99971   -1040.00207
       9.74072    1039.99971   -1040.00207
       9.77372    1039.99971   -1040.00207
       9.80672    1039.99971   -1040.00207
       9.83872    1039.99971   -1040.00207
       9.87172    1039.99971   -1040.00207
       9.90372    1039.99971   -1040.00207
       9.93672    1039.99971   -1040.00207
       9.96872    1039.99971   -1040.00207
      10.00172    1039.99971   -1040.00207
      10.03372    1039.99971   -1040.00207
      10.06672    1039.99971   -1040.00207
      10.09872    1039.99971   -1040.00207
      10.13172    1039.99971   -1040.00207
      10.16372    1039.99971   -1040.00207
      10.19672    1039.99971   -1040.00207
      10.22872    1039.99971   -1040.00207
      10.26172    1039.99971   -1040.00207
      10.29472    1039.99971   -1040.00207
      10.32672    1039.99971   -1040.00207
      10.35972    1039.99971   -1040.00207
