      #Energy        TDOS-UP        TDOS-DOWN
     -22.91945       0.00000       0.00000
     -22.88645       0.00000       0.00000
     -22.85345       0.00000       0.00000
     -22.82045       0.00000       0.00000
     -22.78845       0.00000       0.00000
     -22.75545       0.00000       0.00000
     -22.72245       0.00000       0.00000
     -22.68945       0.00000       0.00000
     -22.65645       0.00000       0.00000
     -22.62345       0.00000       0.00000
     -22.59045       0.00000       0.00000
     -22.55745       0.00000       0.00000
     -22.52445       0.00000       0.00000
     -22.49145       0.00000       0.00000
     -22.45845       0.00000       0.00000
     -22.42545       0.00000       0.00000
     -22.39245       0.00000       0.00000
     -22.35945       0.00000       0.00000
     -22.32645       0.00000       0.00000
     -22.29345       0.00000       0.00000
     -22.26045       0.00000       0.00000
     -22.22745       0.00000       0.00000
     -22.19445       0.00000       0.00000
     -22.16145       0.00000       0.00000
     -22.12845       0.00000       0.00000
     -22.09545       0.00000       0.00000
     -22.06245       0.00000       0.00000
     -22.02945       0.00000       0.00000
     -21.99645       0.00000       0.00000
     -21.96345       0.00000       0.00000
     -21.93045       0.00000       0.00000
     -21.89745       0.00000       0.00000
     -21.86445       0.00000       0.00000
     -21.83145       0.00000       0.00000
     -21.79845       0.00000       0.00000
     -21.76545       0.00000       0.00000
     -21.73245       0.00000       0.00000
     -21.69945       0.00000      -0.00000
     -21.66645       0.00000      -0.00000
     -21.63345       0.00000      -0.00000
     -21.60045       0.00000      -0.00000
     -21.56745       0.00002      -0.00002
     -21.53445       0.00076      -0.00076
     -21.50145       0.01305      -0.01305
     -21.46845       0.10666      -0.10666
     -21.43545       0.44575      -0.44575
     -21.40245       1.06062      -1.06062
     -21.36945       1.64037      -1.64037
     -21.33745       1.92340      -1.92340
     -21.30445       1.99192      -1.99192
     -21.27145       1.99974      -1.99974
     -21.23845       2.00015      -2.00015
     -21.20545       2.00016      -2.00016
     -21.17245       2.00016      -2.00016
     -21.13945       2.00016      -2.00016
     -21.10645       2.00016      -2.00016
     -21.07345       2.00016      -2.00016
     -21.04045       2.00016      -2.00016
     -21.00745       2.00016      -2.00016
     -20.97445       2.00016      -2.00016
     -20.94145       2.00016      -2.00016
     -20.90845       2.00016      -2.00016
     -20.87545       2.00016      -2.00016
     -20.84245       2.00016      -2.00016
     -20.80945       2.00016      -2.00016
     -20.77645       2.00016      -2.00016
     -20.74345       2.00016      -2.00016
     -20.71045       2.00016      -2.00016
     -20.67745       2.00016      -2.00016
     -20.64445       2.00016      -2.00016
     -20.61145       2.00016      -2.00016
     -20.57845       2.00016      -2.00016
     -20.54545       2.00016      -2.00016
     -20.51245       2.00016      -2.00016
     -20.47945       2.00016      -2.00016
     -20.44645       2.00016      -2.00016
     -20.41345       2.00016      -2.00016
     -20.38045       2.00016      -2.00016
     -20.34745       2.00016      -2.00016
     -20.31445       2.00016      -2.00016
     -20.28145       2.00016      -2.00016
     -20.24845       2.00016      -2.00016
     -20.21545       2.00016      -2.00016
     -20.18245       2.00016      -2.00016
     -20.14945       2.00016      -2.00016
     -20.11645       2.00016      -2.00016
     -20.08345       2.00016      -2.00016
     -20.05045       2.00016      -2.00016
     -20.01745       2.00016      -2.00016
     -19.98445       2.00016      -2.00016
     -19.95145       2.00016      -2.00016
     -19.91845       2.00016      -2.00016
     -19.88545       2.00016      -2.00016
     -19.85345       2.00016      -2.00016
     -19.82045       2.00016      -2.00016
     -19.78745       2.00016      -2.00016
     -19.75445       2.00016      -2.00016
     -19.72145       2.00016      -2.00016
     -19.68845       2.00016      -2.00016
     -19.65545       2.00016      -2.00016
     -19.62245       2.00016      -2.00016
     -19.58945       2.00016      -2.00016
     -19.55645       2.00016      -2.00016
     -19.52345       2.00016      -2.00016
     -19.49045       2.00016      -2.00016
     -19.45745       2.00016      -2.00016
     -19.42445       2.00016      -2.00016
     -19.39145       2.00016      -2.00016
     -19.35845       2.00016      -2.00016
     -19.32545       2.00016      -2.00016
     -19.29245       2.00016      -2.00016
     -19.25945       2.00016      -2.00016
     -19.22645       2.00016      -2.00016
     -19.19345       2.00016      -2.00016
     -19.16045       2.00016      -2.00016
     -19.12745       2.00016      -2.00016
     -19.09445       2.00016      -2.00016
     -19.06145       2.00016      -2.00016
     -19.02845       2.00016      -2.00016
     -18.99545       2.00016      -2.00016
     -18.96245       2.00016      -2.00016
     -18.92945       2.00016      -2.00016
     -18.89645       2.00016      -2.00016
     -18.86345       2.00016      -2.00016
     -18.83045       2.00016      -2.00016
     -18.79745       2.00016      -2.00016
     -18.76445       2.00016      -2.00016
     -18.73145       2.00016      -2.00016
     -18.69845       2.00016      -2.00016
     -18.66545       2.00016      -2.00016
     -18.63245       2.00016      -2.00016
     -18.59945       2.00017      -2.00017
     -18.56645       2.00076      -2.00076
     -18.53345       2.01107      -2.01107
     -18.50045       2.09944      -2.09944
     -18.46745       2.49945      -2.49945
     -18.43445       3.56248      -3.56248
     -18.40145       5.43676      -5.43676
     -18.36945       7.82780      -7.82780
     -18.33645      10.10952     -10.10952
     -18.30345      11.84794     -11.84794
     -18.27045      13.13703     -13.13703
     -18.23745      14.27097     -14.27097
     -18.20445      15.43145     -15.43145
     -18.17145      16.59193     -16.59193
     -18.13845      17.65200     -17.65200
     -18.10545      18.61758     -18.61758
     -18.07245      19.46774     -19.46774
     -18.03945      20.20628     -20.20628
     -18.00645      20.93656     -20.93656
     -17.97345      21.64179     -21.64179
     -17.94045      22.36878     -22.36878
     -17.90745      23.36421     -23.36421
     -17.87445      24.51051     -24.51051
     -17.84145      25.36645     -25.36645
     -17.80845      25.79717     -25.79717
     -17.77545      25.95513     -25.95513
     -17.74245      26.00003     -26.00003
     -17.70945      26.07381     -26.07381
     -17.67645      26.46262     -26.46262
     -17.64345      27.64355     -27.64355
     -17.61045      29.73960     -29.73960
     -17.57745      32.11976     -32.11976
     -17.54445      34.04730     -34.04730
     -17.51145      35.29831     -35.29831
     -17.47845      36.09257     -36.09257
     -17.44545      36.91174     -36.91174
     -17.41245      38.04518     -38.04518
     -17.37945      39.21555     -39.21555
     -17.34645      40.04214     -40.04214
     -17.31345      40.55857     -40.55857
     -17.28045      41.04729     -41.04729
     -17.24745      41.72779     -41.72779
     -17.21445      42.56624     -42.56624
     -17.18145      43.30923     -43.30923
     -17.14845      43.80389     -43.80389
     -17.11545      44.16483     -44.16483
     -17.08245      44.58348     -44.58348
     -17.04945      45.06479     -45.06479
     -17.01645      45.49004     -45.49004
     -16.98345      45.78848     -45.78848
     -16.95045      45.94247     -45.94247
     -16.91845      45.99125     -45.99125
     -16.88545      45.99947     -45.99947
     -16.85245      46.00014     -46.00014
     -16.81945      46.00017     -46.00017
     -16.78645      46.00031     -46.00031
     -16.75345      46.00297     -46.00297
     -16.72045      46.02690     -46.02690
     -16.68745      46.14144     -46.14144
     -16.65445      46.46077     -46.46077
     -16.62145      47.01216     -47.01216
     -16.58845      47.64846     -47.64846
     -16.55545      48.27866     -48.27866
     -16.52245      48.96773     -48.96773
     -16.48945      49.65713     -49.65713
     -16.45645      50.27678     -50.27678
     -16.42345      50.91489     -50.91489
     -16.39045      51.56109     -51.56109
     -16.35745      52.18651     -52.18651
     -16.32445      52.89157     -52.89157
     -16.29145      53.73184     -53.73184
     -16.25845      54.65439     -54.65439
     -16.22545      55.46646     -55.46646
     -16.19245      56.00779     -56.00779
     -16.15945      56.39561     -56.39561
     -16.12645      56.81228     -56.81228
     -16.09345      57.33102     -57.33102
     -16.06045      57.99172     -57.99172
     -16.02745      58.78780     -58.78780
     -15.99445      59.67325     -59.67325
     -15.96145      60.63059     -60.63059
     -15.92845      61.65900     -61.65900
     -15.89545      62.82096     -62.82096
     -15.86245      64.12836     -64.12836
     -15.82945      65.31358     -65.31358
     -15.79645      66.23035     -66.23035
     -15.76345      67.10508     -67.10508
     -15.73045      68.06012     -68.06012
     -15.69745      68.98811     -68.98811
     -15.66445      69.78781     -69.78781
     -15.63145      70.54861     -70.54861
     -15.59845      71.46225     -71.46225
     -15.56545      72.50550     -72.50550
     -15.53245      73.53572     -73.53572
     -15.49945      74.47426     -74.47426
     -15.46645      75.34124     -75.34124
     -15.43445      76.30402     -76.30402
     -15.40145      77.44670     -77.44670
     -15.36845      78.59498     -78.59498
     -15.33545      79.50796     -79.50796
     -15.30245      80.14542     -80.14542
     -15.26945      80.71824     -80.71824
     -15.23645      81.40912     -81.40912
     -15.20345      82.12572     -82.12572
     -15.17045      82.68305     -82.68305
     -15.13745      83.15792     -83.15792
     -15.10445      83.91905     -83.91905
     -15.07145      85.26288     -85.26288
     -15.03845      87.04054     -87.04054
     -15.00545      88.82776     -88.82776
     -14.97245      90.39057     -90.39057
     -14.93945      91.80069     -91.80069
     -14.90645      93.20768     -93.20768
     -14.87345      94.67370     -94.67370
     -14.84045      96.19397     -96.19381
     -14.80745      97.67071     -97.67038
     -14.77445      99.01158     -99.01125
     -14.74145     100.32705    -100.32672
     -14.70845     101.79192    -101.79159
     -14.67545     103.35341    -103.35308
     -14.64245     104.69906    -104.69873
     -14.60945     105.56340    -105.56307
     -14.57645     106.02773    -106.02740
     -14.54345     106.39015    -106.38982
     -14.51045     106.85810    -106.85777
     -14.47745     107.51172    -107.51139
     -14.44445     108.41333    -108.41300
     -14.41145     109.57991    -109.57958
     -14.37845     110.87824    -110.87791
     -14.34545     112.19157    -112.19124
     -14.31245     113.64094    -113.64061
     -14.27945     115.28322    -115.28289
     -14.24645     116.83399    -116.83366
     -14.21345     117.96743    -117.96711
     -14.18045     118.69162    -118.69129
     -14.14745     119.35019    -119.34986
     -14.11445     120.25575    -120.25542
     -14.08145     121.38194    -121.38161
     -14.04845     122.51142    -122.51109
     -14.01545     123.48772    -123.48739
     -13.98245     124.28578    -124.28545
     -13.95045     125.03289    -125.03256
     -13.91745     125.95626    -125.95593
     -13.88445     127.24156    -127.24123
     -13.85145     128.74551    -128.74518
     -13.81845     129.99882    -129.99849
     -13.78545     130.73752    -130.73719
     -13.75245     131.10565    -131.10532
     -13.71945     131.33428    -131.33395
     -13.68645     131.51304    -131.51271
     -13.65345     131.63751    -131.63718
     -13.62045     131.72203    -131.72170
     -13.58745     131.81091    -131.81058
     -13.55445     131.97015    -131.96983
     -13.52145     132.32114    -132.32081
     -13.48845     132.91160    -132.91127
     -13.45545     133.51443    -133.51410
     -13.42245     133.86478    -133.86445
     -13.38945     133.97744    -133.97711
     -13.35645     133.99703    -133.99670
     -13.32345     133.99948    -133.99915
     -13.29045     134.01014    -134.00981
     -13.25745     134.08944    -134.08911
     -13.22445     134.38751    -134.38718
     -13.19145     135.00847    -135.00814
     -13.15845     135.86342    -135.86309
     -13.12545     136.83345    -136.83312
     -13.09245     137.81206    -137.81173
     -13.05945     138.64953    -138.64920
     -13.02645     139.35047    -139.35014
     -12.99345     140.12627    -140.12594
     -12.96045     141.12450    -141.12417
     -12.92745     142.19050    -142.19017
     -12.89445     143.02962    -143.02929
     -12.86145     143.60689    -143.60656
     -12.82845     144.26232    -144.26199
     -12.79545     145.33211    -145.33178
     -12.76245     146.76136    -146.76103
     -12.72945     148.23002    -148.22969
     -12.69645     149.40979    -149.40946
     -12.66345     150.16251    -150.16218
     -12.63045     150.65734    -150.65701
     -12.59745     151.16767    -151.16734
     -12.56445     151.88526    -151.88493
     -12.53145     152.82743    -152.82710
     -12.49945     153.84248    -153.84215
     -12.46645     154.80691    -154.80658
     -12.43345     155.74990    -155.74957
     -12.40045     156.82778    -156.82745
     -12.36745     158.11638    -158.11605
     -12.33445     159.42592    -159.42559
     -12.30145     160.52127    -160.52094
     -12.26845     161.39682    -161.39649
     -12.23545     162.13898    -162.13865
     -12.20245     162.83547    -162.83514
     -12.16945     163.72422    -163.72389
     -12.13645     164.94389    -164.94357
     -12.10345     166.19589    -166.19556
     -12.07045     167.13262    -167.13229
     -12.03745     167.84988    -167.84955
     -12.00445     168.68768    -168.68735
     -11.97145     169.74873    -169.74840
     -11.93845     170.82858    -170.82825
     -11.90545     171.82764    -171.82731
     -11.87245     172.93091    -172.93058
     -11.83945     174.27227    -174.27178
     -11.80645     175.65716    -175.65650
     -11.77345     176.74147    -176.74081
     -11.74045     177.41108    -177.41042
     -11.70745     177.82693    -177.82627
     -11.67445     178.19891    -178.19825
     -11.64145     178.60635    -178.60569
     -11.60845     178.96305    -178.96239
     -11.57545     179.19977    -179.19911
     -11.54245     179.37842    -179.37776
     -11.50945     179.57772    -179.57706
     -11.47645     179.81013    -179.80947
     -11.44345     180.10792    -180.10726
     -11.41045     180.60753    -180.60687
     -11.37745     181.43115    -181.43049
     -11.34445     182.52205    -182.52139
     -11.31145     183.65994    -183.65928
     -11.27845     184.62816    -184.62750
     -11.24545     185.36422    -185.36356
     -11.21245     185.94891    -185.94825
     -11.17945     186.54812    -186.54746
     -11.14645     187.39630    -187.39564
     -11.11345     188.58547    -188.58481
     -11.08045     189.90375    -189.90309
     -11.04745     191.14041    -191.13975
     -11.01545     192.27122    -192.27056
     -10.98245     193.32205    -193.32139
     -10.94945     194.34534    -194.34468
     -10.91645     195.36485    -195.36419
     -10.88345     196.35022    -196.34956
     -10.85045     197.28134    -197.28068
     -10.81745     198.17602    -198.17536
     -10.78445     199.18398    -199.18332
     -10.75145     200.48017    -200.47951
     -10.71845     202.01297    -202.01231
     -10.68545     203.52202    -203.52136
     -10.65245     204.79644    -204.79562
     -10.61945     205.86261    -205.86162
     -10.58645     206.95037    -206.94938
     -10.55345     208.27888    -208.27789
     -10.52045     209.71554    -209.71456
     -10.48745     210.86927    -210.86828
     -10.45445     211.59576    -211.59477
     -10.42145     212.14550    -212.14451
     -10.38845     212.87909    -212.87810
     -10.35545     213.86380    -213.86281
     -10.32245     214.81322    -214.81223
     -10.28945     215.50295    -215.50196
     -10.25645     216.04296    -216.04197
     -10.22345     216.70267    -216.70169
     -10.19045     217.53684    -217.53585
     -10.15745     218.33754    -218.33655
     -10.12445     219.02661    -219.02562
     -10.09145     219.72540    -219.72441
     -10.05845     220.49559    -220.49460
     -10.02545     221.28508    -221.28409
      -9.99245     222.02971    -222.02872
      -9.95945     222.76825    -222.76726
      -9.92645     223.58807    -223.58708
      -9.89345     224.57690    -224.57591
      -9.86045     225.83384    -225.83285
      -9.82745     227.24479    -227.24380
      -9.79445     228.54477    -228.54378
      -9.76145     229.69354    -229.69255
      -9.72845     230.74536    -230.74437
      -9.69545     231.70468    -231.70369
      -9.66245     232.74974    -232.74875
      -9.62945     234.09803    -234.09704
      -9.59645     235.71690    -235.71591
      -9.56345     237.35721    -237.35622
      -9.53145     238.77871    -238.77772
      -9.49845     239.97909    -239.97810
      -9.46545     241.04378    -241.04279
      -9.43245     241.92246    -241.92147
      -9.39945     242.67732    -242.67633
      -9.36645     243.57613    -243.57514
      -9.33345     244.73529    -244.73430
      -9.30045     245.99338    -245.99239
      -9.26745     247.20498    -247.20399
      -9.23445     248.41608    -248.41509
      -9.20145     249.74459    -249.74360
      -9.16845     251.21753    -251.21654
      -9.13545     252.62600    -252.62502
      -9.10245     253.64617    -253.64518
      -9.06945     254.20135    -254.20036
      -9.03645     254.55437    -254.55338
      -9.00345     255.03716    -255.03617
      -8.97045     255.71864    -255.71766
      -8.93745     256.42272    -256.42173
      -8.90445     257.08623    -257.08524
      -8.87145     257.81140    -257.81041
      -8.83845     258.63189    -258.63090
      -8.80545     259.48700    -259.48601
      -8.77245     260.32776    -260.32677
      -8.73945     261.17034    -261.16935
      -8.70645     262.04886    -262.04787
      -8.67345     262.95294    -262.95195
      -8.64045     263.91061    -263.90962
      -8.60745     265.04207    -265.04108
      -8.57445     266.34073    -266.33974
      -8.54145     267.67517    -267.67418
      -8.50845     269.06781    -269.06683
      -8.47545     270.53977    -270.53878
      -8.44245     271.91774    -271.91675
      -8.40945     273.09966    -273.09867
      -8.37645     274.11372    -274.11273
      -8.34345     274.98185    -274.98086
      -8.31045     275.83911    -275.83812
      -8.27745     276.87477    -276.87378
      -8.24445     278.11539    -278.11440
      -8.21145     279.49632    -279.49533
      -8.17845     281.05105    -281.05006
      -8.14545     282.81783    -282.81684
      -8.11245     284.64363    -284.64264
      -8.08045     286.33687    -286.33588
      -8.04745     287.90281    -287.90182
      -8.01445     289.53537    -289.53438
      -7.98145     291.53958    -291.53859
      -7.94845     294.01240    -294.01142
      -7.91545     296.56833    -296.56734
      -7.88245     298.81873    -298.81774
      -7.84945     300.77117    -300.77018
      -7.81645     302.44890    -302.44791
      -7.78345     303.71557    -303.71458
      -7.75045     304.59541    -304.59442
      -7.71745     305.36593    -305.36495
      -7.68445     306.33317    -306.33218
      -7.65145     307.57873    -307.57774
      -7.61845     308.96165    -308.96066
      -7.58545     310.33945    -310.33846
      -7.55245     311.72187    -311.72088
      -7.51945     313.24264    -313.24165
      -7.48645     315.00034    -314.99935
      -7.45345     317.06540    -317.06441
      -7.42045     319.26451    -319.26352
      -7.38745     321.04843    -321.04745
      -7.35445     322.25146    -322.25047
      -7.32145     323.31268    -323.31169
      -7.28845     324.53103    -324.53005
      -7.25545     325.81848    -325.81749
      -7.22245     326.98803    -326.98704
      -7.18945     328.02501    -328.02402
      -7.15645     329.03660    -329.03561
      -7.12345     330.05825    -330.05726
      -7.09045     331.19268    -331.19169
      -7.05745     332.78863    -332.78764
      -7.02445     335.06111    -335.06012
      -6.99145     337.46320    -337.46221
      -6.95845     339.12791    -339.12692
      -6.92545     339.90717    -339.90618
      -6.89245     340.28112    -340.28013
      -6.85945     340.61649    -340.61550
      -6.82645     341.05476    -341.05377
      -6.79345     341.75883    -341.75784
      -6.76045     342.82088    -342.81989
      -6.72745     344.10552    -344.10453
      -6.69445     345.44738    -345.44639
      -6.66145     346.79385    -346.79286
      -6.62845     348.12895    -348.12796
      -6.59645     349.54550    -349.54452
      -6.56345     351.18251    -351.18152
      -6.53045     353.03041    -353.02942
      -6.49745     355.12795    -355.12696
      -6.46445     357.59204    -357.59105
      -6.43145     360.30346    -360.30247
      -6.39845     363.11035    -363.10936
      -6.36545     366.05987    -366.05888
      -6.33245     369.20214    -369.20115
      -6.29945     372.47187    -372.47088
      -6.26645     375.60589    -375.60490
      -6.23345     378.23817    -378.23718
      -6.20045     380.31378    -380.31279
      -6.16745     382.11584    -382.11485
      -6.13445     383.90157    -383.90058
      -6.10145     385.96086    -385.95987
      -6.06845     388.39461    -388.39362
      -6.03545     390.76834    -390.76735
      -6.00245     392.81740    -392.81641
      -5.96945     394.85476    -394.85377
      -5.93645     397.25899    -397.25800
      -5.90345     400.25319    -400.25220
      -5.87045     403.80158    -403.80059
      -5.83745     407.47529    -407.47430
      -5.80445     410.79943    -410.79844
      -5.77145     413.72916    -413.72817
      -5.73845     416.58222    -416.58123
      -5.70545     419.41714    -419.41615
      -5.67245     421.93316    -421.93217
      -5.63945     424.10556    -424.10457
      -5.60645     426.26675    -426.26576
      -5.57345     428.62696    -428.62597
      -5.54045     431.19377    -431.19278
      -5.50745     433.86924    -433.86825
      -5.47445     436.42336    -436.42237
      -5.44145     438.72932    -438.72833
      -5.40845     440.98746    -440.98647
      -5.37545     443.42269    -443.42170
      -5.34245     446.13378    -446.13279
      -5.30945     449.28858    -449.28759
      -5.27645     452.61025    -452.60926
      -5.24345     455.30501    -455.30403
      -5.21045     457.28334    -457.28235
      -5.17745     459.40776    -459.40677
      -5.14545     462.50502    -462.50403
      -5.11245     466.68987    -466.68888
      -5.07945     471.02808    -471.02709
      -5.04645     474.28561    -474.28462
      -5.01345     476.31406    -476.31307
      -4.98045     477.73671    -477.73572
      -4.94745     478.93940    -478.93842
      -4.91445     480.11555    -480.11456
      -4.88145     481.49682    -481.49583
      -4.84845     483.19764    -483.19665
      -4.81545     485.12930    -485.12831
      -4.78245     487.10581    -487.10482
      -4.74945     488.99576    -488.99477
      -4.71645     490.67646    -490.67548
      -4.68345     492.08560    -492.08461
      -4.65045     493.44378    -493.44279
      -4.61745     494.96471    -494.96372
      -4.58445     496.48745    -496.48646
      -4.55145     497.77176    -497.77077
      -4.51845     498.88228    -498.88129
      -4.48545     499.95603    -499.95504
      -4.45245     501.01907    -501.01808
      -4.41945     502.24385    -502.24286
      -4.38645     503.89010    -503.88911
      -4.35345     505.91063    -505.90964
      -4.32045     507.89721    -507.89622
      -4.28745     509.55895    -509.55796
      -4.25445     511.04492    -511.04393
      -4.22145     512.49445    -512.49346
      -4.18845     513.83317    -513.83218
      -4.15545     515.28435    -515.28336
      -4.12245     517.12648    -517.12549
      -4.08945     519.09904    -519.09805
      -4.05645     520.91462    -520.91363
      -4.02345     522.68189    -522.68090
      -3.99045     524.54578    -524.54479
      -3.95745     526.49641    -526.49542
      -3.92445     528.60203    -528.60104
      -3.89145     531.14658    -531.14559
      -3.85845     534.17656    -534.17557
      -3.82545     537.42255    -537.42156
      -3.79245     540.78627    -540.78528
      -3.75945     544.25716    -544.25617
      -3.72645     547.66374    -547.66276
      -3.69345     550.85416    -550.85317
      -3.66145     553.92504    -553.92405
      -3.62845     557.20384    -557.20285
      -3.59545     560.82808    -560.82709
      -3.56245     564.62710    -564.62611
      -3.52945     568.53164    -568.53065
      -3.49645     572.19051    -572.18952
      -3.46345     574.77859    -574.77760
      -3.43045     576.15656    -576.15557
      -3.39745     577.07796    -577.07697
      -3.36445     578.11790    -578.11691
      -3.33145     579.31796    -579.31697
      -3.29845     580.46789    -580.46690
      -3.26545     581.37197    -581.37098
      -3.23245     582.08874    -582.08775
      -3.19945     582.87624    -582.87525
      -3.16645     583.87365    -583.87266
      -3.13345     585.07074    -585.06975
      -3.10045     586.51120    -586.51021
      -3.06745     588.27666    -588.27567
      -3.03445     590.24905    -590.24806
      -3.00145     592.01763    -592.01665
      -2.96845     593.26485    -593.26386
      -2.93545     594.06340    -594.06241
      -2.90245     594.69294    -594.69195
      -2.86945     595.46033    -595.45934
      -2.83645     596.51529    -596.51430
      -2.80345     597.72540    -597.72441
      -2.77045     598.87648    -598.87549
      -2.73745     599.88016    -599.87917
      -2.70445     600.79759    -600.79660
      -2.67145     601.77192    -601.77093
      -2.63845     602.89876    -602.89777
      -2.60545     604.11695    -604.11596
      -2.57245     605.31519    -605.31421
      -2.53945     606.49299    -606.49200
      -2.50645     607.66007    -607.65908
      -2.47345     608.74355    -608.74256
      -2.44045     609.68621    -609.68522
      -2.40745     610.48377    -610.48279
      -2.37445     611.16608    -611.16509
      -2.34145     611.80717    -611.80618
      -2.30845     612.47265    -612.47166
      -2.27545     613.17640    -613.17541
      -2.24245     613.89877    -613.89778
      -2.20945     614.65742    -614.65643
      -2.17745     615.52110    -615.52011
      -2.14445     616.46492    -616.46393
      -2.11145     617.36587    -617.36488
      -2.07845     618.21636    -618.21537
      -2.04545     619.10956    -619.10857
      -2.01245     620.04481    -620.04382
      -1.97945     620.93685    -620.93586
      -1.94645     621.67225    -621.67126
      -1.91345     622.24062    -622.23963
      -1.88045     622.87396    -622.87297
      -1.84745     623.74753    -623.74654
      -1.81445     624.72713    -624.72614
      -1.78145     625.56526    -625.56427
      -1.74845     626.14550    -626.14451
      -1.71545     626.58476    -626.58377
      -1.68245     627.07167    -627.07069
      -1.64945     627.67022    -627.66923
      -1.61645     628.35566    -628.35467
      -1.58345     629.03961    -629.03862
      -1.55045     629.58688    -629.58589
      -1.51745     629.92552    -629.92453
      -1.48445     630.13894    -630.13795
      -1.45145     630.41900    -630.41801
      -1.41845     630.93658    -630.93560
      -1.38545     631.71947    -631.71848
      -1.35245     632.59354    -632.59255
      -1.31945     633.36885    -633.36786
      -1.28645     634.07605    -634.07506
      -1.25345     634.84031    -634.83932
      -1.22045     635.69822    -635.69723
      -1.18745     636.59587    -636.59488
      -1.15445     637.37843    -637.37744
      -1.12145     637.95752    -637.95653
      -1.08845     638.43239    -638.43140
      -1.05545     638.90760    -638.90661
      -1.02245     639.43030    -639.42931
      -0.98945     640.05423    -640.05324
      -0.95645     640.77661    -640.77562
      -0.92345     641.56856    -641.56757
      -0.89045     642.52030    -642.51931
      -0.85745     643.68507    -643.68408
      -0.82445     644.86253    -644.86154
      -0.79145     645.83092    -645.82993
      -0.75845     646.60556    -646.60457
      -0.72645     647.39175    -647.39076
      -0.69345     648.42593    -648.42494
      -0.66045     649.75179    -649.75080
      -0.62745     651.12910    -651.12811
      -0.59445     652.26963    -652.26864
      -0.56145     653.14535    -653.14436
      -0.52845     653.94308    -653.94209
      -0.49545     654.70618    -654.70519
      -0.46245     655.29434    -655.29335
      -0.42945     655.69914    -655.69815
      -0.39645     656.09108    -656.09009
      -0.36345     656.63504    -656.63405
      -0.33045     657.34472    -657.34373
      -0.29745     658.00840    -658.00741
      -0.26445     658.44073    -658.43974
      -0.23145     658.72775    -658.72676
      -0.19845     659.03984    -659.03885
      -0.16545     659.45337    -659.45239
      -0.13245     659.94524    -659.94425
      -0.09945     660.44946    -660.44847
      -0.06645     661.01074    -661.00975
      -0.03345     661.73889    -661.73790
      -0.00045     662.57223    -662.57124
       0.03255     663.41629    -663.41530
       0.06555     664.38534    -664.38435
       0.09855     665.54236    -665.54137
       0.13155     666.73417    -666.73318
       0.16455     667.86909    -667.86811
       0.19755     668.88942    -668.88843
       0.23055     669.59811    -669.59712
       0.26355     669.92123    -669.92024
       0.29655     670.07858    -670.07759
       0.32955     670.41853    -670.41754
       0.36255     671.16135    -671.16036
       0.39555     672.13551    -672.13452
       0.42855     672.95335    -672.95236
       0.46155     673.46335    -673.46236
       0.49455     673.75807    -673.75708
       0.52755     673.92029    -673.91930
       0.56055     673.98515    -673.98416
       0.59355     673.99994    -673.99895
       0.62655     674.00164    -674.00065
       0.65955     674.00173    -674.00074
       0.69255     674.00173    -674.00074
       0.72555     674.00173    -674.00074
       0.75755     674.00173    -674.00074
       0.79055     674.00173    -674.00074
       0.82355     674.00173    -674.00074
       0.85655     674.00173    -674.00074
       0.88955     674.00173    -674.00074
       0.92255     674.00173    -674.00074
       0.95555     674.00173    -674.00074
       0.98855     674.00180    -674.00081
       1.02155     674.00354    -674.00255
       1.05455     674.02522    -674.02423
       1.08755     674.15413    -674.15314
       1.12055     674.53906    -674.53807
       1.15355     675.14783    -675.14684
       1.18655     675.67580    -675.67481
       1.21955     675.92773    -675.92675
       1.25255     675.99262    -675.99163
       1.28555     676.00138    -676.00039
       1.31855     676.00198    -676.00100
       1.35155     676.00227    -676.00128
       1.38455     676.00553    -676.00455
       1.41755     676.02555    -676.02456
       1.45055     676.09213    -676.09114
       1.48355     676.23034    -676.22935
       1.51655     676.43741    -676.43642
       1.54955     676.69734    -676.69635
       1.58255     677.03422    -677.03323
       1.61555     677.53086    -677.52987
       1.64855     678.24268    -678.24170
       1.68155     679.06646    -679.06548
       1.71455     679.79197    -679.79098
       1.74755     680.42992    -680.42893
       1.78055     681.21842    -681.21743
       1.81355     682.21137    -682.21038
       1.84655     683.22412    -683.22313
       1.87955     684.13957    -684.13859
       1.91255     685.02717    -685.02618
       1.94555     686.03150    -686.03051
       1.97855     687.25827    -687.25728
       2.01155     688.65042    -688.64943
       2.04455     689.97002    -689.96903
       2.07755     691.04822    -691.04723
       2.11055     691.93499    -691.93400
       2.14355     692.68935    -692.68836
       2.17655     693.26580    -693.26481
       2.20955     693.68775    -693.68676
       2.24155     694.17285    -694.17186
       2.27455     695.01625    -695.01526
       2.30755     696.17591    -696.17492
       2.34055     697.20266    -697.20167
       2.37355     697.86931    -697.86832
       2.40655     698.42696    -698.42597
       2.43955     699.15362    -699.15263
       2.47255     700.09793    -700.09694
       2.50555     701.18669    -701.18570
       2.53855     702.22416    -702.22317
       2.57155     703.04036    -703.03937
       2.60455     703.75878    -703.75779
       2.63755     704.61306    -704.61207
       2.67055     705.65763    -705.65664
       2.70355     706.85933    -706.85834
       2.73655     708.16854    -708.16755
       2.76955     709.42037    -709.41938
       2.80255     710.45422    -710.45323
       2.83555     711.22177    -711.22078
       2.86855     711.74661    -711.74562
       2.90155     712.14746    -712.14647
       2.93455     712.57006    -712.56907
       2.96755     713.06984    -713.06901
       3.00055     713.67580    -713.67514
       3.03355     714.39389    -714.39323
       3.06655     715.17942    -715.17876
       3.09955     716.03980    -716.03914
       3.13255     716.94207    -716.94141
       3.16555     717.72100    -717.72034
       3.19855     718.28063    -718.28014
       3.23155     718.73325    -718.73308
       3.26455     719.29947    -719.29997
       3.29755     720.12111    -720.12243
       3.33055     721.09543    -721.09675
       3.36355     722.06877    -722.06926
       3.39655     723.22463    -723.22397
       3.42955     724.77507    -724.77359
       3.46255     726.38075    -726.37927
       3.49555     727.45863    -727.45764
       3.52855     727.89228    -727.89172
       3.56155     727.98957    -727.98913
       3.59455     728.00151    -728.00109
       3.62755     728.01158    -728.01117
       3.66055     728.09121    -728.09089
       3.69255     728.48994    -728.48987
       3.72555     729.73220    -729.73246
       3.75855     732.19613    -732.19671
       3.79155     735.43255    -735.43330
       3.82455     738.53310    -738.53386
       3.85755     741.23776    -741.23835
       3.89055     743.85965    -743.85990
       3.92355     746.33214    -746.33223
       3.95655     748.36966    -748.36959
       3.98955     750.22729    -750.22689
       4.02255     752.26729    -752.26672
       4.05555     754.26161    -754.26104
       4.08855     755.82573    -755.82517
       4.12155     756.87541    -756.87501
       4.15455     757.51056    -757.51049
       4.18755     757.96631    -757.96657
       4.22055     758.56947    -758.56973
       4.25355     759.55896    -759.55856
       4.28655     760.91451    -760.91328
       4.31955     762.44698    -762.44592
       4.35255     764.05332    -764.05325
       4.38555     765.73897    -765.73923
       4.41855     767.42478    -767.42438
       4.45155     769.02634    -769.02528
       4.48455     770.81653    -770.81514
       4.51755     773.26627    -773.26373
       4.55055     776.32181    -776.31613
       4.58355     779.44199    -779.43285
       4.61655     782.30065    -782.29497
       4.64955     784.83300    -784.83606
       4.68255     787.02799    -787.02512
       4.71555     789.08909    -789.06099
       4.74855     791.49101    -791.44642
       4.78155     794.48175    -794.44788
       4.81455     797.63623    -797.61752
       4.84755     800.50412    -800.45722
       4.88055     803.16773    -803.04860
       4.91355     805.78945    -805.62795
       4.94655     808.30893    -808.18586
       4.97955     810.61127    -810.57228
       5.01255     812.72694    -812.74699
       5.04555     814.81212    -814.85277
       5.07855     817.20019    -817.25898
       5.11155     820.32185    -820.38988
       5.14455     823.98072    -824.01412
       5.17655     827.41055    -827.38261
       5.20955     830.34985    -830.27261
       5.24255     833.02977    -832.92928
       5.27555     835.60334    -835.49857
       5.30855     838.28525    -838.14040
       5.34155     841.33452    -841.09833
       5.37455     844.68966    -844.40846
       5.40755     847.96665    -847.74695
       5.44055     850.88764    -850.75961
       5.47355     853.60038    -853.52413
       5.50655     856.47685    -856.42731
       5.53955     859.61500    -859.57189
       5.57255     862.70121    -862.61754
       5.60555     865.40735    -865.23992
       5.63855     867.69418    -867.45172
       5.67155     869.73912    -869.47309
       5.70455     871.74762    -871.51374
       5.73755     873.82208    -873.66718
       5.77055     876.00239    -875.95681
       5.80355     878.35749    -878.41711
       5.83655     880.91754    -881.02696
       5.86955     883.61610    -883.70737
       5.90255     886.42612    -886.45177
       5.93555     889.37498    -889.27878
       5.96855     892.36918    -892.14024
       6.00155     895.24219    -894.97022
       6.03455     897.93679    -897.72995
       6.06755     900.51086    -900.41713
       6.10055     903.06448    -903.07265
       6.13355     905.69559    -905.75620
       6.16655     908.44049    -908.48213
       6.19955     911.22231    -911.20509
       6.23255     913.91724    -913.87150
       6.26555     916.47383    -916.46321
       6.29855     918.92967    -918.97000
       6.33155     921.36457    -921.39418
       6.36455     923.84812    -923.81903
       6.39755     926.39927    -926.35138
       6.43055     928.98372    -928.98414
       6.46355     931.56636    -931.60586
       6.49655     934.14768    -934.14679
       6.52955     936.71384    -936.65127
       6.56255     939.21898    -939.18148
       6.59555     941.66394    -941.69866
       6.62855     944.09356    -944.11410
       6.66055     946.48477    -946.42336
       6.69355     948.78084    -948.67557
       6.72655     951.00682    -950.90749
       6.75955     953.22655    -953.15442
       6.79255     955.45122    -955.40316
       6.82555     957.66731    -957.60804
       6.85855     959.89742    -959.79495
       6.89155     962.19283    -962.06480
       6.92455     964.59492    -964.46640
       6.95755     967.09841    -966.96313
       6.99055     969.63340    -969.50373
       7.02355     972.13442    -972.02948
       7.05655     974.60230    -974.48780
       7.08955     977.02121    -976.86713
       7.12255     979.34629    -979.18463
       7.15555     981.56321    -981.44228
       7.18855     983.65663    -983.60957
       7.22155     985.65194    -985.66935
       7.25455     987.64527    -987.64982
       7.28755     989.67735    -989.60209
       7.32055     991.67101    -991.54711
       7.35355     993.55536    -993.43112
       7.38655     995.35824    -995.22082
       7.41955     997.11166    -996.96418
       7.45255     998.81215    -998.68610
       7.48555    1000.49038   -1000.36137
       7.51855    1002.14784   -1001.96589
       7.55155    1003.69844   -1003.47544
       7.58455    1005.09125   -1004.88490
       7.61755    1006.37210   -1006.23303
       7.65055    1007.57545   -1007.55906
       7.68355    1008.70213   -1008.85145
       7.71655    1009.81183   -1010.06618
       7.74955    1010.95352   -1011.19830
       7.78255    1012.05942   -1012.27304
       7.81555    1013.06078   -1013.29749
       7.84855    1013.98630   -1014.26225
       7.88155    1014.89549   -1015.15529
       7.91455    1015.80765   -1015.97329
       7.94755    1016.68882   -1016.73491
       7.98055    1017.50353   -1017.47905
       8.01355    1018.26745   -1018.21742
       8.04655    1019.00632   -1018.92281
       8.07955    1019.69209   -1019.58104
       8.11155    1020.27348   -1020.19542
       8.14455    1020.75809   -1020.76494
       8.17755    1021.20048   -1021.28978
       8.21055    1021.63397   -1021.77323
       8.24355    1022.06730   -1022.21843
       8.27655    1022.49617   -1022.61795
       8.30955    1022.89091   -1022.96168
       8.34255    1023.20414   -1023.24870
       8.37555    1023.41832   -1023.47872
       8.40855    1023.56949   -1023.65299
       8.44155    1023.70518   -1023.78287
       8.47455    1023.83404   -1023.88217
       8.50755    1023.92724   -1023.95114
       8.54055    1023.97335   -1023.98709
       8.57355    1023.99154   -1023.99943
       8.60655    1023.99804   -1024.00193
       8.63955    1023.99964   -1024.00220
       8.67255    1023.99984   -1024.00221
       8.70555    1023.99986   -1024.00221
       8.73855    1023.99986   -1024.00221
       8.77155    1023.99986   -1024.00221
       8.80455    1023.99986   -1024.00221
       8.83755    1023.99986   -1024.00221
       8.87055    1023.99986   -1024.00221
       8.90355    1023.99986   -1024.00221
       8.93655    1023.99986   -1024.00221
       8.96955    1023.99986   -1024.00221
       9.00255    1023.99986   -1024.00221
       9.03555    1023.99986   -1024.00221
       9.06855    1023.99986   -1024.00221
       9.10155    1023.99986   -1024.00221
       9.13455    1023.99986   -1024.00221
       9.16755    1023.99986   -1024.00221
       9.20055    1023.99986   -1024.00221
       9.23355    1023.99986   -1024.00221
       9.26655    1023.99986   -1024.00221
       9.29955    1023.99986   -1024.00221
       9.33255    1023.99986   -1024.00221
       9.36555    1023.99986   -1024.00221
       9.39855    1023.99986   -1024.00221
       9.43155    1023.99986   -1024.00221
       9.46455    1023.99986   -1024.00221
       9.49755    1023.99986   -1024.00221
       9.53055    1023.99986   -1024.00221
       9.56355    1023.99986   -1024.00221
       9.59555    1023.99986   -1024.00221
       9.62855    1023.99986   -1024.00221
       9.66155    1023.99986   -1024.00221
       9.69455    1023.99986   -1024.00221
       9.72755    1023.99986   -1024.00221
       9.76055    1023.99986   -1024.00221
       9.79355    1023.99986   -1024.00221
       9.82655    1023.99986   -1024.00221
       9.85955    1023.99986   -1024.00221
       9.89255    1023.99986   -1024.00221
       9.92555    1023.99986   -1024.00221
       9.95855    1023.99986   -1024.00221
       9.99155    1023.99986   -1024.00221
      10.02455    1023.99986   -1024.00221
