      #Energy        TDOS-UP        TDOS-DOWN
     -24.93000       0.00000       0.00000
     -24.89800       0.00000       0.00000
     -24.86500       0.00000       0.00000
     -24.83300       0.00000       0.00000
     -24.80100       0.00000       0.00000
     -24.76900       0.00000       0.00000
     -24.73700       0.00000       0.00000
     -24.70400       0.00000       0.00000
     -24.67200       0.00000       0.00000
     -24.64000       0.00000       0.00000
     -24.60800       0.00000       0.00000
     -24.57500       0.00000       0.00000
     -24.54300       0.00000       0.00000
     -24.51100       0.00000       0.00000
     -24.47900       0.00000       0.00000
     -24.44600       0.00000       0.00000
     -24.41400       0.00000       0.00000
     -24.38200       0.00000       0.00000
     -24.35000       0.00000       0.00000
     -24.31800       0.00000       0.00000
     -24.28500       0.00000       0.00000
     -24.25300       0.00000       0.00000
     -24.22100       0.00000       0.00000
     -24.18900       0.00000       0.00000
     -24.15600       0.00000       0.00000
     -24.12400       0.00000       0.00000
     -24.09200       0.00000       0.00000
     -24.06000       0.00000       0.00000
     -24.02700       0.00000       0.00000
     -23.99500       0.00000       0.00000
     -23.96300       0.00000       0.00000
     -23.93100       0.00000       0.00000
     -23.89900       0.00000       0.00000
     -23.86600       0.00000       0.00000
     -23.83400       0.00000       0.00000
     -23.80200       0.00000       0.00000
     -23.77000       0.00000       0.00000
     -23.73700       0.00000      -0.00000
     -23.70500       0.00000      -0.00000
     -23.67300       0.00000      -0.00000
     -23.64100       0.00000      -0.00000
     -23.60800       0.00003      -0.00003
     -23.57600       0.00097      -0.00097
     -23.54400       0.01498      -0.01498
     -23.51200       0.11351      -0.11351
     -23.48000       0.45402      -0.45402
     -23.44700       1.05945      -1.05945
     -23.41500       1.63136      -1.63136
     -23.38300       1.91735      -1.91735
     -23.35100       1.99033      -1.99033
     -23.31800       1.99941      -1.99941
     -23.28600       1.99994      -1.99994
     -23.25400       1.99995      -1.99995
     -23.22200       1.99995      -1.99995
     -23.19000       1.99995      -1.99995
     -23.15700       1.99995      -1.99995
     -23.12500       1.99995      -1.99995
     -23.09300       1.99995      -1.99995
     -23.06100       1.99995      -1.99995
     -23.02800       1.99995      -1.99995
     -22.99600       1.99995      -1.99995
     -22.96400       1.99995      -1.99995
     -22.93200       1.99995      -1.99995
     -22.89900       1.99995      -1.99995
     -22.86700       1.99995      -1.99995
     -22.83500       1.99995      -1.99995
     -22.80300       1.99995      -1.99995
     -22.77100       1.99995      -1.99995
     -22.73800       1.99995      -1.99995
     -22.70600       1.99995      -1.99995
     -22.67400       1.99995      -1.99995
     -22.64200       1.99995      -1.99995
     -22.60900       1.99995      -1.99995
     -22.57700       1.99995      -1.99995
     -22.54500       1.99995      -1.99995
     -22.51300       1.99995      -1.99995
     -22.48000       1.99995      -1.99995
     -22.44800       1.99995      -1.99995
     -22.41600       1.99995      -1.99995
     -22.38400       1.99995      -1.99995
     -22.35200       1.99995      -1.99995
     -22.31900       1.99995      -1.99995
     -22.28700       1.99995      -1.99995
     -22.25500       1.99995      -1.99995
     -22.22300       1.99995      -1.99995
     -22.19000       1.99995      -1.99995
     -22.15800       1.99995      -1.99995
     -22.12600       1.99995      -1.99995
     -22.09400       1.99995      -1.99995
     -22.06100       1.99995      -1.99995
     -22.02900       1.99995      -1.99995
     -21.99700       1.99995      -1.99995
     -21.96500       1.99995      -1.99995
     -21.93300       1.99995      -1.99995
     -21.90000       1.99995      -1.99995
     -21.86800       1.99995      -1.99995
     -21.83600       1.99995      -1.99995
     -21.80400       1.99995      -1.99995
     -21.77100       1.99995      -1.99995
     -21.73900       1.99995      -1.99995
     -21.70700       1.99995      -1.99995
     -21.67500       1.99995      -1.99995
     -21.64300       1.99995      -1.99995
     -21.61000       1.99995      -1.99995
     -21.57800       1.99995      -1.99995
     -21.54600       1.99995      -1.99995
     -21.51400       1.99995      -1.99995
     -21.48100       1.99995      -1.99995
     -21.44900       1.99995      -1.99995
     -21.41700       1.99996      -1.99996
     -21.38500       2.00014      -2.00014
     -21.35200       2.00404      -2.00404
     -21.32000       2.04509      -2.04509
     -21.28800       2.27677      -2.27677
     -21.25600       3.02579      -3.02579
     -21.22400       4.52461      -4.52461
     -21.19100       6.56151      -6.56151
     -21.15900       8.66383      -8.66383
     -21.12700      10.54700     -10.54700
     -21.09500      12.12157     -12.12157
     -21.06200      13.29762     -13.29762
     -21.03000      14.16523     -14.16523
     -20.99800      15.09038     -15.09038
     -20.96600      16.33282     -16.33282
     -20.93300      17.76445     -17.76445
     -20.90100      19.06088     -19.06088
     -20.86900      20.09447     -20.09447
     -20.83700      20.95097     -20.95097
     -20.80500      21.60345     -21.60345
     -20.77200      22.04806     -22.04806
     -20.74000      22.63222     -22.63222
     -20.70800      23.65920     -23.65920
     -20.67600      24.82720     -24.82720
     -20.64300      25.60812     -25.60812
     -20.61100      25.91679     -25.91679
     -20.57900      25.98952     -25.98952
     -20.54700      26.00710     -26.00710
     -20.51400      26.08854     -26.08854
     -20.48200      26.51334     -26.51334
     -20.45000      27.72355     -27.72355
     -20.41800      29.74853     -29.74853
     -20.38600      31.91402     -31.91402
     -20.35300      33.58318     -33.58318
     -20.32100      34.76761     -34.76761
     -20.28900      35.77156     -35.77156
     -20.25700      36.78066     -36.78066
     -20.22400      37.90772     -37.90772
     -20.19200      39.07168     -39.07168
     -20.16000      40.02052     -40.02052
     -20.12800      40.75728     -40.75728
     -20.09500      41.51741     -41.51741
     -20.06300      42.46770     -42.46770
     -20.03100      43.59653     -43.59653
     -19.99900      44.66671     -44.66671
     -19.96700      45.42039     -45.42039
     -19.93400      45.81369     -45.81369
     -19.90200      45.95957     -45.95957
     -19.87000      45.99424     -45.99424
     -19.83800      45.99899     -45.99899
     -19.80500      45.99934     -45.99934
     -19.77300      45.99935     -45.99935
     -19.74100      45.99935     -45.99935
     -19.70900      45.99935     -45.99935
     -19.67700      45.99935     -45.99935
     -19.64400      45.99935     -45.99935
     -19.61200      45.99936     -45.99936
     -19.58000      45.99968     -45.99968
     -19.54800      46.00430     -46.00430
     -19.51500      46.03847     -46.03847
     -19.48300      46.17628     -46.17628
     -19.45100      46.51082     -46.51082
     -19.41900      47.03648     -47.03648
     -19.38600      47.60050     -47.60050
     -19.35400      48.09135     -48.09135
     -19.32200      48.56561     -48.56561
     -19.29000      49.05694     -49.05694
     -19.25800      49.53619     -49.53619
     -19.22500      50.05815     -50.05815
     -19.19300      50.69339     -50.69339
     -19.16100      51.45127     -51.45127
     -19.12900      52.31904     -52.31904
     -19.09600      53.19326     -53.19326
     -19.06400      53.89458     -53.89458
     -19.03200      54.36029     -54.36029
     -19.00000      54.66268     -54.66268
     -18.96700      54.91805     -54.91805
     -18.93500      55.25295     -55.25295
     -18.90300      55.74058     -55.74058
     -18.87100      56.44914     -56.44914
     -18.83900      57.49096     -57.49096
     -18.80600      58.76901     -58.76901
     -18.77400      60.01500     -60.01500
     -18.74200      61.07760     -61.07760
     -18.71000      61.96005     -61.96005
     -18.67700      62.94224     -62.94224
     -18.64500      64.20998     -64.20998
     -18.61300      65.40472     -65.40472
     -18.58100      66.25348     -66.25348
     -18.54800      66.92724     -66.92724
     -18.51600      67.60680     -67.60680
     -18.48400      68.39481     -68.39481
     -18.45200      69.31657     -69.31657
     -18.42000      70.20384     -70.20384
     -18.38700      70.96897     -70.96897
     -18.35500      71.81386     -71.81386
     -18.32300      72.87711     -72.87711
     -18.29100      74.00884     -74.00884
     -18.25800      74.98862     -74.98862
     -18.22600      75.72619     -75.72619
     -18.19400      76.40961     -76.40961
     -18.16200      77.38793     -77.38793
     -18.13000      78.63602     -78.63602
     -18.09700      79.72811     -79.72811
     -18.06500      80.50339     -80.50339
     -18.03300      81.16522     -81.16522
     -18.00100      81.80884     -81.80884
     -17.96800      82.35432     -82.35432
     -17.93600      82.78507     -82.78507
     -17.90400      83.24708     -83.24708
     -17.87200      83.99818     -83.99818
     -17.83900      85.30734     -85.30734
     -17.80700      87.16649     -87.16649
     -17.77500      89.08173     -89.08173
     -17.74300      90.70383     -90.70383
     -17.71100      92.24504     -92.24504
     -17.67800      93.79898     -93.79898
     -17.64600      95.13892     -95.13892
     -17.61400      96.27259     -96.27259
     -17.58200      97.43720     -97.43720
     -17.54900      98.74297     -98.74297
     -17.51700     100.20425    -100.20425
     -17.48500     101.73273    -101.73273
     -17.45300     103.07831    -103.07831
     -17.42000     104.08241    -104.08241
     -17.38800     104.81837    -104.81837
     -17.35600     105.40575    -105.40575
     -17.32400     105.87292    -105.87292
     -17.29200     106.29867    -106.29867
     -17.25900     106.89733    -106.89733
     -17.22700     107.83923    -107.83923
     -17.19500     109.12664    -109.12664
     -17.16300     110.61032    -110.61032
     -17.13000     112.13203    -112.13203
     -17.09800     113.69273    -113.69273
     -17.06600     115.28890    -115.28890
     -17.03400     116.71005    -116.71005
     -17.00100     117.70207    -117.70207
     -16.96900     118.23160    -118.23160
     -16.93700     118.53879    -118.53879
     -16.90500     118.92157    -118.92157
     -16.87300     119.55826    -119.55826
     -16.84000     120.56510    -120.56510
     -16.80800     121.94275    -121.94275
     -16.77600     123.38163    -123.38163
     -16.74400     124.60877    -124.60877
     -16.71100     125.79932    -125.79932
     -16.67900     127.15489    -127.15489
     -16.64700     128.51851    -128.51851
     -16.61500     129.65460    -129.65460
     -16.58200     130.45083    -130.45083
     -16.55000     130.89846    -130.89846
     -16.51800     131.11928    -131.11928
     -16.48600     131.27031    -131.27031
     -16.45400     131.43766    -131.43766
     -16.42100     131.63900    -131.63900
     -16.38900     131.82941    -131.82941
     -16.35700     131.94735    -131.94735
     -16.32500     131.99227    -131.99227
     -16.29200     132.02498    -132.02498
     -16.26000     132.16136    -132.16136
     -16.22800     132.54491    -132.54491
     -16.19600     133.12874    -133.12874
     -16.16400     133.63313    -133.63313
     -16.13100     133.89305    -133.89305
     -16.09900     133.97834    -133.97834
     -16.06700     133.99709    -133.99709
     -16.03500     134.00548    -134.00548
     -16.00200     134.06017    -134.06017
     -15.97000     134.30806    -134.30806
     -15.93800     134.90978    -134.90978
     -15.90600     135.79367    -135.79367
     -15.87300     136.77699    -136.77699
     -15.84100     137.82912    -137.82912
     -15.80900     138.93121    -138.93121
     -15.77700     140.02974    -140.02974
     -15.74500     141.08413    -141.08413
     -15.71200     142.02861    -142.02861
     -15.68000     142.84965    -142.84965
     -15.64800     143.57788    -143.57788
     -15.61600     144.34977    -144.34977
     -15.58300     145.37386    -145.37386
     -15.55100     146.57892    -146.57892
     -15.51900     147.69937    -147.69937
     -15.48700     148.71315    -148.71315
     -15.45400     149.75400    -149.75400
     -15.42200     150.79485    -150.79485
     -15.39000     151.74287    -151.74287
     -15.35800     152.58454    -152.58454
     -15.32600     153.38303    -153.38303
     -15.29300     154.18586    -154.18586
     -15.26100     154.90860    -154.90860
     -15.22900     155.55013    -155.55013
     -15.19700     156.31348    -156.31348
     -15.16400     157.34305    -157.34305
     -15.13200     158.54376    -158.54376
     -15.10000     159.69032    -159.69032
     -15.06800     160.69652    -160.69652
     -15.03500     161.63133    -161.63133
     -15.00300     162.55406    -162.55406
     -14.97100     163.61070    -163.61070
     -14.93900     164.91873    -164.91873
     -14.90700     166.22322    -166.22322
     -14.87400     167.17382    -167.17382
     -14.84200     167.81487    -167.81487
     -14.81000     168.49652    -168.49652
     -14.77800     169.46662    -169.46662
     -14.74500     170.63107    -170.63107
     -14.71300     171.77070    -171.77070
     -14.68100     172.84829    -172.84829
     -14.64900     173.88366    -173.88366
     -14.61600     174.78866    -174.78866
     -14.58400     175.49787    -175.49787
     -14.55200     176.07703    -176.07703
     -14.52000     176.57707    -176.57707
     -14.48800     176.94389    -176.94389
     -14.45500     177.16542    -177.16542
     -14.42300     177.33585    -177.33585
     -14.39100     177.58630    -177.58630
     -14.35900     178.00931    -178.00931
     -14.32600     178.56495    -178.56495
     -14.29400     179.10189    -179.10189
     -14.26200     179.54069    -179.54069
     -14.23000     179.96805    -179.96805
     -14.19800     180.53481    -180.53481
     -14.16500     181.35505    -181.35505
     -14.13300     182.40863    -182.40863
     -14.10100     183.49314    -183.49314
     -14.06900     184.43843    -184.43843
     -14.03600     185.22757    -185.22757
     -14.00400     185.95402    -185.95402
     -13.97200     186.79698    -186.79698
     -13.94000     187.77901    -187.77901
     -13.90700     188.72059    -188.72059
     -13.87500     189.57854    -189.57854
     -13.84300     190.47741    -190.47741
     -13.81100     191.48072    -191.48072
     -13.77900     192.53478    -192.53478
     -13.74600     193.55081    -193.55081
     -13.71400     194.45774    -194.45774
     -13.68200     195.22303    -195.22303
     -13.65000     195.95383    -195.95383
     -13.61700     196.85464    -196.85464
     -13.58500     197.98493    -197.98493
     -13.55300     199.21899    -199.21899
     -13.52100     200.46788    -200.46788
     -13.48800     201.74658    -201.74658
     -13.45600     203.01239    -203.01239
     -13.42400     204.26257    -204.26257
     -13.39200     205.63941    -205.63941
     -13.36000     207.10311    -207.10311
     -13.32700     208.40389    -208.40389
     -13.29500     209.46214    -209.46214
     -13.26300     210.33684    -210.33684
     -13.23100     211.00206    -211.00206
     -13.19800     211.44280    -211.44280
     -13.16600     211.74830    -211.74830
     -13.13400     212.06975    -212.06975
     -13.10200     212.59574    -212.59574
     -13.06900     213.38181    -213.38181
     -13.03700     214.24282    -214.24282
     -13.00500     215.10834    -215.10834
     -12.97300     216.15000    -216.15000
     -12.94100     217.33958    -217.33958
     -12.90800     218.42185    -218.42185
     -12.87600     219.32926    -219.32926
     -12.84400     220.17287    -220.17287
     -12.81200     220.96410    -220.96410
     -12.77900     221.57888    -221.57888
     -12.74700     221.97997    -221.97997
     -12.71500     222.42345    -222.42345
     -12.68300     223.22145    -223.22145
     -12.65100     224.34206    -224.34206
     -12.61800     225.58934    -225.58934
     -12.58600     226.85789    -226.85789
     -12.55400     227.96723    -227.96723
     -12.52200     228.79617    -228.79617
     -12.48900     229.56065    -229.56065
     -12.45700     230.61906    -230.61906
     -12.42500     232.05907    -232.05907
     -12.39300     233.66957    -233.66957
     -12.36000     235.32794    -235.32794
     -12.32800     236.99178    -236.99178
     -12.29600     238.46079    -238.46079
     -12.26400     239.62734    -239.62734
     -12.23200     240.61323    -240.61323
     -12.19900     241.53338    -241.53338
     -12.16700     242.46916    -242.46916
     -12.13500     243.49889    -243.49889
     -12.10300     244.62209    -244.62209
     -12.07000     245.84149    -245.84149
     -12.03800     247.20608    -247.20608
     -12.00600     248.64432    -248.64432
     -11.97400     250.02825    -250.02825
     -11.94100     251.40122    -251.40122
     -11.90900     252.83768    -252.83768
     -11.87700     254.18423    -254.18423
     -11.84500     255.18463    -255.18463
     -11.81300     255.75170    -255.75170
     -11.78000     256.00739    -256.00739
     -11.74800     256.14094    -256.14094
     -11.71600     256.29881    -256.29881
     -11.68400     256.62106    -256.62106
     -11.65100     257.20860    -257.20860
     -11.61900     257.99161    -257.99161
     -11.58700     258.78317    -258.78317
     -11.55500     259.45853    -259.45853
     -11.52200     260.04833    -260.04833
     -11.49000     260.67310    -260.67310
     -11.45800     261.42469    -261.42469
     -11.42600     262.33485    -262.33485
     -11.39400     263.34878    -263.34878
     -11.36100     264.46730    -264.46730
     -11.32900     265.87331    -265.87331
     -11.29700     267.57180    -267.57180
     -11.26500     269.23419    -269.23419
     -11.23200     270.59234    -270.59234
     -11.20000     271.70184    -271.70184
     -11.16800     272.83808    -272.83808
     -11.13600     274.11791    -274.11791
     -11.10300     275.38259    -275.38259
     -11.07100     276.55623    -276.55623
     -11.03900     277.76354    -277.76354
     -11.00700     279.08849    -279.08849
     -10.97500     280.50272    -280.50272
     -10.94200     281.91775    -281.91775
     -10.91000     283.19258    -283.19258
     -10.87800     284.30546    -284.30546
     -10.84600     285.44751    -285.44751
     -10.81300     286.82709    -286.82709
     -10.78100     288.60357    -288.60357
     -10.74900     290.85738    -290.85738
     -10.71700     293.46183    -293.46183
     -10.68500     296.11335    -296.11335
     -10.65200     298.44240    -298.44240
     -10.62000     300.23661    -300.23661
     -10.58800     301.62747    -301.62747
     -10.55600     302.89054    -302.89054
     -10.52300     304.16634    -304.16634
     -10.49100     305.40492    -305.40492
     -10.45900     306.49508    -306.49508
     -10.42700     307.48710    -307.48710
     -10.39400     308.55244    -308.55244
     -10.36200     309.76829    -309.76829
     -10.33000     311.17962    -311.17962
     -10.29800     312.81429    -312.81429
     -10.26600     314.43318    -314.43318
     -10.23300     315.75281    -315.75281
     -10.20100     316.95110    -316.95110
     -10.16900     318.24720    -318.24720
     -10.13700     319.33398    -319.33398
     -10.10400     319.98179    -319.98179
     -10.07200     320.50939    -320.50939
     -10.04000     321.19958    -321.19958
     -10.00800     321.94182    -321.94182
      -9.97500     322.67262    -322.67262
      -9.94300     323.61130    -323.61130
      -9.91100     324.92626    -324.92626
      -9.87900     326.55771    -326.55771
      -9.84700     328.37755    -328.37755
      -9.81400     330.19964    -330.19964
      -9.78200     331.74794    -331.74794
      -9.75000     332.90465    -332.90465
      -9.71800     333.72618    -333.72618
      -9.68500     334.32854    -334.32854
      -9.65300     334.94058    -334.94058
      -9.62100     335.77774    -335.77774
      -9.58900     336.90899    -336.90899
      -9.55600     338.27084    -338.27084
      -9.52400     339.68507    -339.68507
      -9.49200     340.93509    -340.93509
      -9.46000     341.98012    -341.98012
      -9.42800     343.03725    -343.03725
      -9.39500     344.29709    -344.29709
      -9.36300     345.76917    -345.76917
      -9.33100     347.45574    -347.45574
      -9.29900     349.55919    -349.55919
      -9.26600     352.29772    -352.29772
      -9.23400     355.44299    -355.44299
      -9.20200     358.60695    -358.60695
      -9.17000     361.65037    -361.65037
      -9.13800     364.59613    -364.59613
      -9.10500     367.57929    -367.57929
      -9.07300     370.58726    -370.58726
      -9.04100     373.38235    -373.38235
      -9.00900     375.77780    -375.77780
      -8.97600     377.75862    -377.75862
      -8.94400     379.52028    -379.52028
      -8.91200     381.41391    -381.41391
      -8.88000     383.65789    -383.65789
      -8.84700     386.14745    -386.14745
      -8.81500     388.62331    -388.62331
      -8.78300     390.89532    -390.89532
      -8.75100     393.07338    -393.07338
      -8.71900     395.62998    -395.62998
      -8.68600     398.87387    -398.87387
      -8.65400     402.47067    -402.47067
      -8.62200     405.76338    -405.76338
      -8.59000     408.56315    -408.56315
      -8.55700     411.38451    -411.38451
      -8.52500     414.43357    -414.43357
      -8.49300     417.16920    -417.16920
      -8.46100     419.35387    -419.35387
      -8.42800     421.34227    -421.34227
      -8.39600     423.43798    -423.43798
      -8.36400     425.74641    -425.74641
      -8.33200     428.29318    -428.29318
      -8.30000     430.98804    -430.98804
      -8.26700     433.74623    -433.74623
      -8.23500     436.61126    -436.61126
      -8.20300     439.55429    -439.55429
      -8.17100     442.38178    -442.38178
      -8.13800     445.24487    -445.24487
      -8.10600     448.64959    -448.64959
      -8.07400     452.31246    -452.31246
      -8.04200     455.18490    -455.18490
      -8.00900     456.94398    -456.94398
      -7.97700     458.50662    -458.50662
      -7.94500     461.23097    -461.23097
      -7.91300     465.52393    -465.52393
      -7.88100     470.03282    -470.03282
      -7.84800     473.16520    -473.16520
      -7.81600     474.98422    -474.98422
      -7.78400     476.47258    -476.47258
      -7.75200     477.99300    -477.99300
      -7.71900     479.37967    -479.37967
      -7.68700     480.63726    -480.63726
      -7.65500     481.93481    -481.93481
      -7.62300     483.45217    -483.45217
      -7.59000     485.30778    -485.30778
      -7.55800     487.29344    -487.29344
      -7.52600     488.97774    -488.97774
      -7.49400     490.26466    -490.26466
      -7.46200     491.45828    -491.45828
      -7.42900     492.73569    -492.73569
      -7.39700     494.10367    -494.10367
      -7.36500     495.62296    -495.62296
      -7.33300     497.24362    -497.24362
      -7.30000     498.71876    -498.71876
      -7.26800     499.95427    -499.95427
      -7.23600     501.21186    -501.21186
      -7.20400     502.69216    -502.69216
      -7.17200     504.27252    -504.27252
      -7.13900     505.76007    -505.76007
      -7.10700     507.11242    -507.11242
      -7.07500     508.40401    -508.40401
      -7.04300     509.76780    -509.76780
      -7.01000     511.25438    -511.25438
      -6.97800     512.74176    -512.74176
      -6.94600     514.26815    -514.26815
      -6.91400     516.03222    -516.03222
      -6.88100     518.00595    -518.00595
      -6.84900     519.94326    -519.94326
      -6.81700     521.67543    -521.67543
      -6.78500     523.32783    -523.32783
      -6.75300     525.08466    -525.08466
      -6.72000     526.97926    -526.97926
      -6.68800     529.21727    -529.21727
      -6.65600     532.30130    -532.30130
      -6.62400     536.47662    -536.47662
      -6.59100     541.16438    -541.16438
      -6.55900     545.37032    -545.37032
      -6.52700     548.73265    -548.73265
      -6.49500     551.72193    -551.72193
      -6.46200     554.81047    -554.81047
      -6.43000     558.02068    -558.02068
      -6.39800     561.17545    -561.17545
      -6.36600     564.26786    -564.26786
      -6.33400     567.50257    -567.50257
      -6.30100     570.79963    -570.79963
      -6.26900     573.76232    -573.76232
      -6.23700     576.08719    -576.08719
      -6.20500     577.70575    -577.70575
      -6.17200     578.86375    -578.86375
      -6.14000     579.92200    -579.92200
      -6.10800     581.10482    -581.10482
      -6.07600     582.37434    -582.37434
      -6.04300     583.44645    -583.44645
      -6.01100     584.23220    -584.23220
      -5.97900     585.00732    -585.00732
      -5.94700     586.01078    -586.01078
      -5.91500     587.27546    -587.27546
      -5.88200     588.80168    -588.80168
      -5.85000     590.57382    -590.57382
      -5.81800     592.39284    -592.39284
      -5.78600     593.85815    -593.85815
      -5.75300     594.76444    -594.76444
      -5.72100     595.37358    -595.37358
      -5.68900     596.04798    -596.04798
      -5.65700     596.92059    -596.92059
      -5.62400     598.00817    -598.00817
      -5.59200     599.22145    -599.22145
      -5.56000     600.37300    -600.37300
      -5.52800     601.44076    -601.44076
      -5.49600     602.50562    -602.50562
      -5.46300     603.55936    -603.55936
      -5.43100     604.60134    -604.60134
      -5.39900     605.68747    -605.68747
      -5.36700     606.89252    -606.89252
      -5.33400     608.26018    -608.26018
      -5.30200     609.69632    -609.69632
      -5.27000     610.97277    -610.97277
      -5.23800     611.89050    -611.89050
      -5.20600     612.43517    -612.43517
      -5.17300     612.74612    -612.74612
      -5.14100     612.97281    -612.97281
      -5.10900     613.23517    -613.23517
      -5.07700     613.65270    -613.65270
      -5.04400     614.30583    -614.30583
      -5.01200     615.20052    -615.20052
      -4.98000     616.31501    -616.31501
      -4.94800     617.54473    -617.54473
      -4.91500     618.65857    -618.65857
      -4.88300     619.55922    -619.55922
      -4.85100     620.39348    -620.39348
      -4.81900     621.19277    -621.19277
      -4.78700     621.78998    -621.78998
      -4.75400     622.17835    -622.17835
      -4.72200     622.60555    -622.60555
      -4.69000     623.35198    -623.35198
      -4.65800     624.43666    -624.43666
      -4.62500     625.55566    -625.55566
      -4.59300     626.46405    -626.46405
      -4.56100     627.20952    -627.20952
      -4.52900     627.89987    -627.89987
      -4.49600     628.53527    -628.53527
      -4.46400     629.06254    -629.06254
      -4.43200     629.47170    -629.47170
      -4.40000     629.87650    -629.87650
      -4.36800     630.42520    -630.42520
      -4.33500     631.09042    -631.09042
      -4.30300     631.68183    -631.68183
      -4.27100     632.13449    -632.13449
      -4.23900     632.60069    -632.60069
      -4.20600     633.24109    -633.24109
      -4.17400     634.04553    -634.04553
      -4.14200     634.83499    -634.83499
      -4.11000     635.47877    -635.47877
      -4.07700     636.04665    -636.04665
      -4.04500     636.67319    -636.67319
      -4.01300     637.34985    -637.34985
      -3.98100     637.96575    -637.96575
      -3.94900     638.53734    -638.53734
      -3.91600     639.18580    -639.18580
      -3.88400     639.89549    -639.89549
      -3.85200     640.48593    -640.48593
      -3.82000     640.84123    -640.84123
      -3.78700     641.03338    -641.03338
      -3.75500     641.25455    -641.25455
      -3.72300     641.83515    -641.83515
      -3.69100     643.14318    -643.14318
      -3.65900     645.05213    -645.05213
      -3.62600     646.91354    -646.91354
      -3.59400     648.38094    -648.38094
      -3.56200     649.64739    -649.64739
      -3.53000     650.93157    -650.93157
      -3.49700     652.32050    -652.32050
      -3.46500     653.81933    -653.81933
      -3.43300     655.24790    -655.24790
      -3.40100     656.38849    -656.38849
      -3.36800     657.21905    -657.21905
      -3.33600     657.92970    -657.92970
      -3.30400     658.73189    -658.73189
      -3.27200     659.64608    -659.64608
      -3.24000     660.53642    -660.53642
      -3.20700     661.25658    -661.25658
      -3.17500     661.77483    -661.77483
      -3.14300     662.17077    -662.17077
      -3.11100     662.52578    -662.52578
      -3.07800     662.89770    -662.89770
      -3.04600     663.34456    -663.34456
      -3.01400     663.87087    -663.87087
      -2.98200     664.39685    -664.39685
      -2.94900     664.90012    -664.90012
      -2.91700     665.43400    -665.43400
      -2.88500     665.93677    -665.93677
      -2.85300     666.28893    -666.28893
      -2.82100     666.55057    -666.55057
      -2.78800     666.96734    -666.96734
      -2.75600     667.75986    -667.75986
      -2.72400     668.89595    -668.89595
      -2.69200     670.09714    -670.09714
      -2.65900     671.11978    -671.11978
      -2.62700     671.87878    -671.87878
      -2.59500     672.40299    -672.40299
      -2.56300     672.84502    -672.84502
      -2.53000     673.35279    -673.35279
      -2.49800     673.95516    -673.95516
      -2.46600     674.69627    -674.69627
      -2.43400     675.68072    -675.68072
      -2.40200     676.90399    -676.90399
      -2.36900     678.15239    -678.15239
      -2.33700     679.11863    -679.11863
      -2.30500     679.66911    -679.66911
      -2.27300     679.90457    -679.90457
      -2.24000     679.97900    -679.97900
      -2.20800     679.99428    -679.99428
      -2.17600     679.99602    -679.99602
      -2.14400     679.99612    -679.99612
      -2.11100     679.99612    -679.99612
      -2.07900     679.99612    -679.99612
      -2.04700     679.99612    -679.99612
      -2.01500     679.99612    -679.99612
      -1.98300     679.99612    -679.99612
      -1.95000     679.99612    -679.99612
      -1.91800     679.99612    -679.99612
      -1.88600     679.99612    -679.99612
      -1.85400     679.99612    -679.99612
      -1.82100     679.99612    -679.99612
      -1.78900     679.99612    -679.99612
      -1.75700     679.99612    -679.99612
      -1.72500     679.99612    -679.99612
      -1.69300     679.99612    -679.99612
      -1.66000     679.99612    -679.99612
      -1.62800     679.99612    -679.99612
      -1.59600     679.99612    -679.99612
      -1.56400     679.99612    -679.99612
      -1.53100     679.99615    -679.99615
      -1.49900     679.99659    -679.99659
      -1.46700     680.00104    -680.00104
      -1.43500     680.02368    -680.02368
      -1.40200     680.08836    -680.08836
      -1.37000     680.20867    -680.20867
      -1.33800     680.38189    -680.38189
      -1.30600     680.60922    -680.60922
      -1.27400     680.92354    -680.92354
      -1.24100     681.35815    -681.35815
      -1.20900     681.85126    -681.85126
      -1.17700     682.30441    -682.30441
      -1.14500     682.72291    -682.72291
      -1.11200     683.15671    -683.15671
      -1.08000     683.60309    -683.60309
      -1.04800     684.09088    -684.09088
      -1.01600     684.70808    -684.70808
      -0.98300     685.48754    -685.48754
      -0.95100     686.39158    -686.39158
      -0.91900     687.34154    -687.34154
      -0.88700     688.30488    -688.30488
      -0.85500     689.40938    -689.40938
      -0.82200     690.77155    -690.77155
      -0.79000     692.25684    -692.25684
      -0.75800     693.60016    -693.60016
      -0.72600     694.70080    -694.70080
      -0.69300     695.66768    -695.66768
      -0.66100     696.54883    -696.54883
      -0.62900     697.22919    -697.22919
      -0.59700     697.68653    -697.68653
      -0.56400     698.08569    -698.08569
      -0.53200     698.56075    -698.56075
      -0.50000     699.11236    -699.11236
      -0.46800     699.72681    -699.72681
      -0.43600     700.49129    -700.49129
      -0.40300     701.51893    -701.51893
      -0.37100     702.66887    -702.66887
      -0.33900     703.65896    -703.65896
      -0.30700     704.47968    -704.47968
      -0.27400     705.31700    -705.31700
      -0.24200     706.21137    -706.21137
      -0.21000     707.05094    -707.05094
      -0.17800     707.85087    -707.85087
      -0.14500     708.72349    -708.72349
      -0.11300     709.65782    -709.65782
      -0.08100     710.67062    -710.67062
      -0.04900     711.83040    -711.83040
      -0.01700     713.00452    -713.00452
       0.01600     714.01378    -714.01378
       0.04800     714.85142    -714.85142
       0.08000     715.52808    -715.52808
       0.11200     716.05986    -716.05986
       0.14500     716.56071    -716.56071
       0.17700     717.13246    -717.13246
       0.20900     717.78929    -717.78929
       0.24100     718.52316    -718.52316
       0.27300     719.36789    -719.36789
       0.30600     720.33703    -720.33703
       0.33800     721.28038    -721.28038
       0.37000     721.97734    -721.97734
       0.40200     722.41163    -722.41163
       0.43500     722.73704    -722.73704
       0.46700     723.06147    -723.06147
       0.49900     723.39231    -723.39231
       0.53100     723.71164    -723.71168
       0.56400     724.11041    -724.11067
       0.59600     724.83444    -724.83519
       0.62800     725.99035    -725.99141
       0.66000     727.26277    -727.26367
       0.69200     728.35969    -728.36028
       0.72500     729.46113    -729.46139
       0.75700     730.65024    -730.65033
       0.78900     731.53526    -731.53551
       0.82100     731.90715    -731.90762
       0.85400     732.00134    -732.00186
       0.88600     732.13424    -732.13477
       0.91800     732.70019    -732.70074
       0.95000     734.08041    -734.08080
       0.98300     736.13955    -736.13929
       1.01500     738.49810    -738.49703
       1.04700     741.14896    -741.14774
       1.07900     744.06411    -744.06337
       1.11100     746.86227    -746.86201
       1.14400     749.21018    -749.21024
       1.17600     751.00971    -751.01009
       1.20800     752.36753    -752.36808
       1.24000     753.55631    -753.55670
       1.27300     754.70448    -754.70439
       1.30500     755.73341    -755.73315
       1.33700     756.65307    -756.65330
       1.36900     757.57081    -757.57135
       1.40200     758.48112    -758.48135
       1.43400     759.35776    -759.35751
       1.46600     760.32368    -760.32310
       1.49800     761.57789    -761.57698
       1.53000     763.16599    -763.16509
       1.56300     764.84611    -764.84553
       1.59500     766.41020    -766.40994
       1.62700     767.87196    -767.87203
       1.65900     769.29876    -769.29882
       1.69200     770.87043    -770.87001
       1.72400     772.81192    -772.81038
       1.75600     775.12148    -775.11768
       1.78800     777.65052    -777.64463
       1.82000     780.39083    -780.38396
       1.85300     783.33144    -783.32296
       1.88500     786.03613    -786.02701
       1.91700     788.12991    -788.12611
       1.94900     790.07512    -790.07808
       1.98200     792.57015    -792.57006
       2.01400     795.58795    -795.57658
       2.04600     798.70115    -798.67511
       2.07800     801.70670    -801.65198
       2.11100     804.53387    -804.44159
       2.14300     807.14719    -807.03300
       2.17500     809.56536    -809.45923
       2.20700     811.81771    -811.76411
       2.23900     813.96612    -813.98746
       2.27200     816.13758    -816.19098
       2.30400     818.48243    -818.51134
       2.33600     820.98939    -820.97624
       2.36800     823.48668    -823.43244
       2.40100     825.98140    -825.88268
       2.43300     828.67771    -828.53516
       2.46500     831.58786    -831.42050
       2.49700     834.46740    -834.29874
       2.53000     837.15501    -836.98184
       2.56200     839.81345    -839.59967
       2.59400     842.68702    -842.39477
       2.62600     845.75848    -845.39838
       2.65800     848.86894    -848.49579
       2.69100     851.86644    -851.52100
       2.72300     854.56807    -854.27081
       2.75500     856.96190    -856.71928
       2.78700     859.36606    -859.15518
       2.82000     862.00468    -861.81346
       2.85200     864.64797    -864.49446
       2.88400     867.02698    -866.90828
       2.91600     869.17652    -869.04735
       2.94900     871.20230    -871.02381
       2.98100     873.18699    -872.99206
       3.01300     875.28351    -875.15159
       3.04500     877.60354    -877.56364
       3.07700     880.10535    -880.12217
       3.11000     882.72528    -882.77433
       3.14200     885.46091    -885.56475
       3.17400     888.27453    -888.45557
       3.20600     891.13473    -891.34928
       3.23900     894.07196    -894.23784
       3.27100     897.01772    -897.12060
       3.30300     899.80121    -899.90474
       3.33500     902.40487    -902.53159
       3.36800     904.97548    -905.05209
       3.40000     907.57913    -907.55164
       3.43200     910.12493    -910.05442
       3.46400     912.50685    -912.49611
       3.49600     914.74969    -914.83323
       3.52900     916.98609    -917.10476
       3.56100     919.32207    -919.38402
       3.59300     921.77135    -921.75530
       3.62500     924.30216    -924.26226
       3.65800     926.90823    -926.86027
       3.69000     929.56119    -929.46263
       3.72200     932.14712    -931.99200
       3.75400     934.57093    -934.41484
       3.78600     936.86824    -936.74374
       3.81900     939.13042    -939.00286
       3.85100     941.38374    -941.20767
       3.88300     943.59742    -943.38074
       3.91500     945.76871    -945.55880
       3.94800     947.93823    -947.76893
       3.98000     950.12419    -950.03143
       4.01200     952.31933    -952.34131
       4.04400     954.55203    -954.64555
       4.07700     956.85723    -956.91547
       4.10900     959.19177    -959.17781
       4.14100     961.51116    -961.45401
       4.17300     963.87776    -963.76808
       4.20500     966.35266    -966.15548
       4.23800     968.90619    -968.62086
       4.27000     971.47536    -971.12170
       4.30200     973.97346    -973.58903
       4.33400     976.31251    -975.97577
       4.36700     978.49234    -978.28066
       4.39900     980.57855    -980.51383
       4.43100     982.60997    -982.61906
       4.46300     984.61995    -984.54041
       4.49600     986.65637    -986.38184
       4.52800     988.68875    -988.29981
       4.56000     990.61833    -990.29803
       4.59200     992.44042    -992.26403
       4.62400     994.25284    -994.11560
       4.65700     996.08830    -995.85067
       4.68900     997.87059    -997.50485
       4.72100     999.52847    -999.10133
       4.75300    1001.05888   -1000.65382
       4.78600    1002.49083   -1002.19906
       4.81800    1003.84640   -1003.73817
       4.85000    1005.16039   -1005.18189
       4.88200    1006.47277   -1006.47300
       4.91500    1007.75921   -1007.66887
       4.94700    1008.95991   -1008.85024
       4.97900    1010.06796   -1010.02323
       5.01100    1011.10784   -1011.13305
       5.04300    1012.08101   -1012.15649
       5.07600    1013.00051   -1013.13916
       5.10800    1013.90616   -1014.10701
       5.14000    1014.82599   -1015.00928
       5.17200    1015.76789   -1015.82403
       5.20500    1016.70738   -1016.60785
       5.23700    1017.59707   -1017.39731
       5.26900    1018.41006   -1018.16663
       5.30100    1019.12635   -1018.88728
       5.33300    1019.72373   -1019.55491
       5.36600    1020.23263   -1020.16227
       5.39800    1020.72187   -1020.70614
       5.43000    1021.22239   -1021.20183
       5.46200    1021.71744   -1021.66738
       5.49500    1022.16913   -1022.11344
       5.52700    1022.54186   -1022.54016
       5.55900    1022.83720   -1022.93319
       5.59100    1023.09068   -1023.25774
       5.62400    1023.32396   -1023.48282
       5.65600    1023.53197   -1023.62413
       5.68800    1023.69819   -1023.72862
       5.72000    1023.81095   -1023.82414
       5.75200    1023.88137   -1023.90449
       5.78500    1023.92998   -1023.95661
       5.81700    1023.96474   -1023.98262
       5.84900    1023.98513   -1023.99260
       5.88100    1023.99337   -1023.99521
       5.91400    1023.99537   -1023.99560
       5.94600    1023.99562   -1023.99563
       5.97800    1023.99564   -1023.99563
       6.01000    1023.99564   -1023.99563
       6.04300    1023.99564   -1023.99563
       6.07500    1023.99564   -1023.99563
       6.10700    1023.99564   -1023.99563
       6.13900    1023.99564   -1023.99563
       6.17100    1023.99564   -1023.99563
       6.20400    1023.99564   -1023.99563
       6.23600    1023.99564   -1023.99563
       6.26800    1023.99564   -1023.99563
       6.30000    1023.99564   -1023.99563
       6.33300    1023.99564   -1023.99563
       6.36500    1023.99564   -1023.99563
       6.39700    1023.99564   -1023.99563
       6.42900    1023.99564   -1023.99563
       6.46200    1023.99564   -1023.99563
       6.49400    1023.99564   -1023.99563
       6.52600    1023.99564   -1023.99563
       6.55800    1023.99564   -1023.99563
       6.59000    1023.99564   -1023.99563
       6.62300    1023.99564   -1023.99563
       6.65500    1023.99564   -1023.99563
       6.68700    1023.99564   -1023.99563
       6.71900    1023.99564   -1023.99563
       6.75200    1023.99564   -1023.99563
       6.78400    1023.99564   -1023.99563
       6.81600    1023.99564   -1023.99563
       6.84800    1023.99564   -1023.99563
       6.88100    1023.99564   -1023.99563
       6.91300    1023.99564   -1023.99563
       6.94500    1023.99564   -1023.99563
       6.97700    1023.99564   -1023.99563
       7.00900    1023.99564   -1023.99563
       7.04200    1023.99564   -1023.99563
       7.07400    1023.99564   -1023.99563
       7.10600    1023.99564   -1023.99563
       7.13800    1023.99564   -1023.99563
       7.17100    1023.99564   -1023.99563
       7.20300    1023.99564   -1023.99563
       7.23500    1023.99564   -1023.99563
       7.26700    1023.99564   -1023.99563
