      #Energy        TDOS-UP        TDOS-DOWN
     -22.13009       0.00000       0.00000
     -22.09809       0.00000       0.00000
     -22.06509       0.00000       0.00000
     -22.03309       0.00000       0.00000
     -22.00109       0.00000       0.00000
     -21.96909       0.00000       0.00000
     -21.93709       0.00000       0.00000
     -21.90409       0.00000       0.00000
     -21.87209       0.00000       0.00000
     -21.84009       0.00000       0.00000
     -21.80809       0.00000       0.00000
     -21.77509       0.00000       0.00000
     -21.74309       0.00000       0.00000
     -21.71109       0.00000       0.00000
     -21.67909       0.00000       0.00000
     -21.64609       0.00000       0.00000
     -21.61409       0.00000       0.00000
     -21.58209       0.00000       0.00000
     -21.55009       0.00000       0.00000
     -21.51809       0.00000       0.00000
     -21.48509       0.00000       0.00000
     -21.45309       0.00000       0.00000
     -21.42109       0.00000       0.00000
     -21.38909       0.00000       0.00000
     -21.35609       0.00000       0.00000
     -21.32409       0.00000       0.00000
     -21.29209       0.00000       0.00000
     -21.26009       0.00000       0.00000
     -21.22709       0.00000       0.00000
     -21.19509       0.00000       0.00000
     -21.16309       0.00000       0.00000
     -21.13109       0.00000       0.00000
     -21.09909       0.00000       0.00000
     -21.06609       0.00000       0.00000
     -21.03409       0.00000       0.00000
     -21.00209       0.00000       0.00000
     -20.97009       0.00000       0.00000
     -20.93709       0.00000      -0.00000
     -20.90509       0.00000      -0.00000
     -20.87309       0.00000      -0.00000
     -20.84109       0.00003      -0.00003
     -20.80809       0.00178      -0.00178
     -20.77609       0.05668      -0.05668
     -20.74409       0.81280      -0.81280
     -20.71209       5.30100      -5.30100
     -20.68009      15.83000     -15.83000
     -20.64709      21.74000     -21.74000
     -20.61509      13.75000     -13.75000
     -20.58309       3.99700      -3.99700
     -20.55109       0.53140      -0.53140
     -20.51809       0.03209      -0.03209
     -20.48609       0.00087      -0.00087
     -20.45409       0.00001      -0.00001
     -20.42209       0.00000      -0.00000
     -20.39009       0.00000      -0.00000
     -20.35709       0.00000      -0.00000
     -20.32509       0.00000       0.00000
     -20.29309       0.00000       0.00000
     -20.26109       0.00000       0.00000
     -20.22809       0.00000       0.00000
     -20.19609       0.00000       0.00000
     -20.16409       0.00000       0.00000
     -20.13209       0.00000       0.00000
     -20.09909       0.00000       0.00000
     -20.06709       0.00000       0.00000
     -20.03509       0.00000       0.00000
     -20.00309       0.00000       0.00000
     -19.97109       0.00000       0.00000
     -19.93809       0.00000       0.00000
     -19.90609       0.00000       0.00000
     -19.87409       0.00000       0.00000
     -19.84209       0.00000       0.00000
     -19.80909       0.00000       0.00000
     -19.77709       0.00000       0.00000
     -19.74509       0.00000       0.00000
     -19.71309       0.00000       0.00000
     -19.68009       0.00000       0.00000
     -19.64809       0.00000       0.00000
     -19.61609       0.00000       0.00000
     -19.58409       0.00000       0.00000
     -19.55209       0.00000       0.00000
     -19.51909       0.00000       0.00000
     -19.48709       0.00000       0.00000
     -19.45509       0.00000       0.00000
     -19.42309       0.00000       0.00000
     -19.39009       0.00000       0.00000
     -19.35809       0.00000       0.00000
     -19.32609       0.00000       0.00000
     -19.29409       0.00000       0.00000
     -19.26109       0.00000       0.00000
     -19.22909       0.00000       0.00000
     -19.19709       0.00000       0.00000
     -19.16509       0.00000       0.00000
     -19.13309       0.00000       0.00000
     -19.10009       0.00000       0.00000
     -19.06809       0.00000       0.00000
     -19.03609       0.00000       0.00000
     -19.00409       0.00000       0.00000
     -18.97109       0.00000       0.00000
     -18.93909       0.00000       0.00000
     -18.90709       0.00000       0.00000
     -18.87509       0.00000       0.00000
     -18.84309       0.00000       0.00000
     -18.81009       0.00000       0.00000
     -18.77809       0.00000       0.00000
     -18.74609       0.00000      -0.00000
     -18.71409       0.00000      -0.00000
     -18.68109       0.00000      -0.00000
     -18.64909       0.00000      -0.00000
     -18.61709       0.00027      -0.00027
     -18.58509       0.01137      -0.01137
     -18.55209       0.23050      -0.23050
     -18.52009       2.31700      -2.31700
     -18.48809      12.06000     -12.06000
     -18.45609      34.42000     -34.42000
     -18.42409      58.59000     -58.59000
     -18.39109      67.81000     -67.81000
     -18.35909      62.65000     -62.65000
     -18.32709      54.21000     -54.21000
     -18.29509      43.50000     -43.50000
     -18.26209      29.48000     -29.48000
     -18.23009      24.36000     -24.36000
     -18.19809      33.05000     -33.05000
     -18.16609      44.05000     -44.05000
     -18.13309      44.79000     -44.79000
     -18.10109      35.66000     -35.66000
     -18.06909      28.48000     -28.48000
     -18.03709      24.67000     -24.67000
     -18.00509      15.82000     -15.82000
     -17.97209      11.77000     -11.77000
     -17.94009      24.48000     -24.48000
     -17.90809      39.25000     -39.25000
     -17.87609      33.23000     -33.23000
     -17.84309      15.23000     -15.23000
     -17.81109       3.92500      -3.92500
     -17.77909       0.58810      -0.58810
     -17.74709       0.50280      -0.50280
     -17.71409       4.55100      -4.55100
     -17.68209      21.81000     -21.81000
     -17.65009      53.29000     -53.29000
     -17.61809      72.37000     -72.37000
     -17.58609      62.01000     -62.01000
     -17.55309      41.57000     -41.57000
     -17.52109      31.93000     -31.93000
     -17.48909      30.37000     -30.37000
     -17.45709      32.25000     -32.25000
     -17.42409      37.69000     -37.69000
     -17.39209      34.54000     -34.54000
     -17.36009      24.34000     -24.34000
     -17.32809      21.38000     -21.38000
     -17.29509      25.79000     -25.79000
     -17.26309      33.18000     -33.18000
     -17.23109      36.87000     -36.87000
     -17.19909      29.54000     -29.54000
     -17.16709      17.23000     -17.23000
     -17.13409       7.17600      -7.17600
     -17.10209       1.87700      -1.87700
     -17.07009       0.27420      -0.27420
     -17.03809       0.02076      -0.02076
     -17.00509       0.00077      -0.00077
     -16.97309       0.00001      -0.00001
     -16.94109       0.00000      -0.00000
     -16.90909       0.00000      -0.00000
     -16.87709       0.00000      -0.00000
     -16.84409       0.00001      -0.00001
     -16.81209       0.00063      -0.00063
     -16.78009       0.01892      -0.01892
     -16.74809       0.26810      -0.26810
     -16.71509       1.85200      -1.85200
     -16.68309       6.70000      -6.70000
     -16.65109      14.06000     -14.06000
     -16.61909      18.56000     -18.56000
     -16.58609      16.44000     -16.44000
     -16.55409      14.02000     -14.02000
     -16.52209      15.41000     -15.41000
     -16.49009      15.08000     -15.08000
     -16.45809      14.66000     -14.66000
     -16.42509      17.73000     -17.73000
     -16.39309      21.69000     -21.69000
     -16.36109      25.34000     -25.34000
     -16.32909      28.51000     -28.51000
     -16.29609      25.74000     -25.74000
     -16.26409      17.78000     -17.78000
     -16.23209      11.12000     -11.12000
     -16.20009       7.64500      -7.64500
     -16.16709       8.20200      -8.20200
     -16.13509      12.58000     -12.58000
     -16.10309      17.68000     -17.68000
     -16.07109      26.29000     -26.29000
     -16.03909      38.36000     -38.36000
     -16.00609      40.95000     -40.95000
     -15.97409      36.37000     -36.37000
     -15.94209      29.57000     -29.57000
     -15.91009      25.19000     -25.19000
     -15.87709      35.76000     -35.76000
     -15.84509      42.91000     -42.91000
     -15.81309      31.23000     -31.23000
     -15.78109      21.44000     -21.44000
     -15.74809      20.37000     -20.37000
     -15.71609      21.80000     -21.80000
     -15.68409      27.10000     -27.10000
     -15.65209      30.10000     -30.10000
     -15.62009      24.96000     -24.96000
     -15.58709      22.52000     -22.52000
     -15.55509      29.91000     -29.91000
     -15.52309      36.07000     -36.07000
     -15.49109      34.16000     -34.16000
     -15.45809      26.64000     -26.64000
     -15.42609      19.13000     -19.13000
     -15.39409      23.28000     -23.28000
     -15.36209      37.43000     -37.43000
     -15.33009      40.02000     -40.02000
     -15.29709      27.75000     -27.75000
     -15.26509      20.36000     -20.36000
     -15.23309      20.71000     -20.71000
     -15.20109      19.23000     -19.23000
     -15.16809      14.62000     -14.62000
     -15.13609      12.11000     -12.11000
     -15.10409      16.56000     -16.56000
     -15.07209      30.05000     -30.05000
     -15.03909      51.19000     -51.19000
     -15.00709      64.18000     -64.18000
     -14.97509      54.67000     -54.67000
     -14.94309      45.99000     -45.99000
     -14.91109      49.65000     -49.65000
     -14.87809      46.78000     -46.78000
     -14.84609      36.37000     -36.37000
     -14.81409      33.98000     -33.98000
     -14.78209      38.29000     -38.29000
     -14.74909      42.74000     -42.74000
     -14.71709      47.94000     -47.94000
     -14.68509      46.91000     -46.91000
     -14.65309      36.59000     -36.59000
     -14.62009      25.72000     -25.72000
     -14.58809      19.95000     -19.95000
     -14.55609      16.50000     -16.50000
     -14.52409      12.49000     -12.49000
     -14.49209      13.93000     -13.93000
     -14.45909      23.22000     -23.22000
     -14.42709      35.23000     -35.23000
     -14.39509      44.66000     -44.66000
     -14.36309      47.41000     -47.41000
     -14.33009      47.02000     -47.02000
     -14.29809      49.83000     -49.83000
     -14.26609      49.22000     -49.22000
     -14.23409      38.97000     -38.97000
     -14.20109      22.59000     -22.59000
     -14.16909      10.27000     -10.27000
     -14.13709       8.79300      -8.79300
     -14.10509      14.96000     -14.96000
     -14.07309      24.55000     -24.55000
     -14.04009      37.93000     -37.93000
     -14.00809      47.56000     -47.56000
     -13.97609      41.73000     -41.73000
     -13.94409      34.42000     -34.42000
     -13.91109      39.46000     -39.46000
     -13.87909      44.66000     -44.66000
     -13.84709      39.96000     -39.96000
     -13.81509      30.54000     -30.54000
     -13.78209      18.87000     -18.87000
     -13.75009       8.90800      -8.90800
     -13.71809       4.79500      -4.79500
     -13.68609       4.57700      -4.57700
     -13.65409       5.80800      -5.80800
     -13.62109       6.68600      -6.68600
     -13.58909       5.13000      -5.13000
     -13.55709       2.18900      -2.18900
     -13.52509       0.59830      -0.59830
     -13.49209       1.43200      -1.43200
     -13.46009       7.03100      -7.03100
     -13.42809      16.77000     -16.77000
     -13.39609      19.46000     -19.46000
     -13.36409      11.84000     -11.84000
     -13.33109       4.28900      -4.28900
     -13.29909       1.00400      -1.00400
     -13.26709       0.15940      -0.15940
     -13.23509       0.36090      -0.36090
     -13.20209       3.03300      -3.03300
     -13.17009      12.35000     -12.35000
     -13.13809      24.99000     -24.99000
     -13.10609      29.86000     -29.86000
     -13.07309      31.16000     -31.16000
     -13.04109      34.13000     -34.13000
     -13.00909      34.26000     -34.26000
     -12.97709      33.91000     -33.91000
     -12.94509      31.52000     -31.52000
     -12.91209      27.09000     -27.09000
     -12.88009      23.86000     -23.86000
     -12.84809      21.33000     -21.33000
     -12.81609      26.57000     -26.57000
     -12.78309      36.98000     -36.98000
     -12.75109      37.80000     -37.80000
     -12.71909      31.73000     -31.73000
     -12.68709      31.18000     -31.18000
     -12.65409      33.41000     -33.41000
     -12.62209      31.18000     -31.18000
     -12.59009      27.65000     -27.65000
     -12.55809      24.58000     -24.58000
     -12.52609      24.97000     -24.97000
     -12.49309      24.85000     -24.85000
     -12.46109      20.00000     -20.00000
     -12.42909      19.81000     -19.81000
     -12.39709      27.56000     -27.56000
     -12.36409      36.33000     -36.33000
     -12.33209      38.18000     -38.18000
     -12.30009      32.97000     -32.97000
     -12.26809      29.47000     -29.47000
     -12.23509      28.54000     -28.54000
     -12.20309      28.72000     -28.72000
     -12.17109      36.85000     -36.85000
     -12.13909      44.32000     -44.32000
     -12.10709      36.63000     -36.63000
     -12.07409      22.36000     -22.36000
     -12.04209      17.42000     -17.42000
     -12.01009      24.88000     -24.88000
     -11.97809      35.32000     -35.32000
     -11.94509      36.94000     -36.94000
     -11.91309      33.78000     -33.78000
     -11.88109      33.09000     -33.09000
     -11.84909      31.16000     -31.16000
     -11.81609      25.00000     -25.00000
     -11.78409      19.01000     -19.01000
     -11.75209      16.93000     -16.93000
     -11.72009      14.10000     -14.10000
     -11.68809       8.66300      -8.66300
     -11.65509       5.08400      -5.08400
     -11.62309       5.49200      -5.49200
     -11.59109      10.05000     -10.05000
     -11.55909      16.20000     -16.20000
     -11.52609      18.28000     -18.28000
     -11.49409      15.04000     -15.04000
     -11.46209      12.19000     -12.19000
     -11.43009      14.33000     -14.33000
     -11.39809      20.84000     -20.84000
     -11.36509      30.06000     -30.06000
     -11.33309      35.32000     -35.32000
     -11.30109      31.98000     -31.98000
     -11.26909      26.68000     -26.68000
     -11.23609      22.29000     -22.29000
     -11.20409      22.79000     -22.79000
     -11.17209      29.52000     -29.52000
     -11.14009      31.42000     -31.42000
     -11.10709      27.01000     -27.01000
     -11.07509      26.23000     -26.23000
     -11.04309      29.55000     -29.55000
     -11.01109      32.71000     -32.71000
     -10.97909      32.70000     -32.70000
     -10.94609      30.35000     -30.35000
     -10.91409      25.93000     -25.93000
     -10.88209      21.56000     -21.56000
     -10.85009      23.79000     -23.79000
     -10.81709      32.11000     -32.11000
     -10.78509      38.03000     -38.03000
     -10.75309      38.55000     -38.55000
     -10.72109      38.95000     -38.95000
     -10.68809      40.40000     -40.40000
     -10.65609      38.15000     -38.15000
     -10.62409      39.43000     -39.43000
     -10.59209      46.01000     -46.01000
     -10.56009      44.82000     -44.82000
     -10.52709      35.90000     -35.90000
     -10.49509      29.77000     -29.77000
     -10.46309      24.51000     -24.51000
     -10.43109      16.77000     -16.77000
     -10.39809      10.58000     -10.58000
     -10.36609       8.37800      -8.37800
     -10.33409      11.57000     -11.57000
     -10.30209      21.07000     -21.07000
     -10.26909      27.71000     -27.71000
     -10.23709      25.72000     -25.72000
     -10.20509      27.99000     -27.99000
     -10.17309      36.65000     -36.65000
     -10.14109      37.17000     -37.17000
     -10.10809      29.99000     -29.99000
     -10.07609      26.32000     -26.32000
     -10.04409      26.03000     -26.03000
     -10.01209      23.07000     -23.07000
      -9.97909      15.08000     -15.08000
      -9.94709       9.81000      -9.81000
      -9.91509      17.71000     -17.71000
      -9.88309      31.81000     -31.81000
      -9.85109      37.73000     -37.73000
      -9.81809      39.67000     -39.67000
      -9.78609      39.05000     -39.05000
      -9.75409      29.79000     -29.79000
      -9.72209      21.65000     -21.65000
      -9.68909      25.79000     -25.79000
      -9.65709      39.89000     -39.89000
      -9.62509      49.47000     -49.47000
      -9.59309      50.47000     -50.47000
      -9.56009      52.44000     -52.44000
      -9.52809      50.81000     -50.81000
      -9.49609      40.35000     -40.35000
      -9.46409      32.04000     -32.04000
      -9.43209      29.14000     -29.14000
      -9.39909      27.96000     -27.96000
      -9.36709      30.11000     -30.11000
      -9.33509      33.79000     -33.79000
      -9.30309      35.91000     -35.91000
      -9.27009      39.76000     -39.76000
      -9.23809      44.92000     -44.92000
      -9.20609      44.33000     -44.33000
      -9.17409      41.55000     -41.55000
      -9.14109      43.65000     -43.65000
      -9.10909      45.49000     -45.49000
      -9.07709      38.07000     -38.07000
      -9.04509      24.01000     -24.01000
      -9.01309      11.18000     -11.18000
      -8.98009       4.68700      -4.68700
      -8.94809       3.60000      -3.60000
      -8.91609       6.19700      -6.19700
      -8.88409      13.80000     -13.80000
      -8.85109      22.66000     -22.66000
      -8.81909      25.93000     -25.93000
      -8.78709      23.19000     -23.19000
      -8.75509      18.72000     -18.72000
      -8.72209      17.88000     -17.88000
      -8.69009      20.89000     -20.89000
      -8.65809      25.75000     -25.75000
      -8.62609      30.73000     -30.73000
      -8.59409      32.19000     -32.19000
      -8.56109      37.22000     -37.22000
      -8.52909      50.03000     -50.03000
      -8.49709      55.37000     -55.37000
      -8.46509      47.79000     -47.79000
      -8.43209      36.49000     -36.49000
      -8.40009      32.36000     -32.36000
      -8.36809      38.15000     -38.15000
      -8.33609      41.27000     -41.27000
      -8.30309      37.21000     -37.21000
      -8.27109      35.62000     -35.62000
      -8.23909      39.30000     -39.30000
      -8.20709      42.92000     -42.92000
      -8.17509      44.84000     -44.84000
      -8.14209      42.97000     -42.97000
      -8.11009      36.14000     -36.14000
      -8.07809      32.92000     -32.92000
      -8.04609      37.95000     -37.95000
      -8.01309      47.66000     -47.66000
      -7.98109      62.58000     -62.58000
      -7.94909      77.28000     -77.28000
      -7.91709      84.34000     -84.34000
      -7.88509      80.20000     -80.20000
      -7.85209      64.33000     -64.33000
      -7.82009      47.01000     -47.01000
      -7.78809      39.30000     -39.30000
      -7.75609      39.08000     -39.08000
      -7.72309      40.09000     -40.09000
      -7.69109      36.77000     -36.77000
      -7.65909      30.88000     -30.88000
      -7.62709      30.68000     -30.68000
      -7.59409      35.43000     -35.43000
      -7.56209      40.02000     -40.02000
      -7.53009      47.56000     -47.56000
      -7.49809      53.88000     -53.88000
      -7.46609      46.58000     -46.58000
      -7.43309      35.31000     -35.31000
      -7.40109      39.05000     -39.05000
      -7.36909      41.38000     -41.38000
      -7.33709      26.06000     -26.06000
      -7.30409      14.14000     -14.14000
      -7.27209      18.60000     -18.60000
      -7.24009      24.23000     -24.23000
      -7.20809      21.83000     -21.83000
      -7.17509      23.52000     -23.52000
      -7.14309      34.73000     -34.73000
      -7.11109      46.87000     -46.87000
      -7.07909      54.37000     -54.37000
      -7.04709      58.56000     -58.56000
      -7.01409      54.51000     -54.51000
      -6.98209      41.57000     -41.57000
      -6.95009      30.21000     -30.21000
      -6.91809      20.77000     -20.77000
      -6.88509      16.61000     -16.61000
      -6.85309      21.37000     -21.37000
      -6.82109      30.58000     -30.58000
      -6.78909      39.62000     -39.62000
      -6.75609      44.89000     -44.89000
      -6.72409      42.87000     -42.87000
      -6.69209      34.70000     -34.70000
      -6.66009      30.15000     -30.15000
      -6.62809      35.45000     -35.45000
      -6.59509      42.73000     -42.73000
      -6.56309      48.62000     -48.62000
      -6.53109      56.04000     -56.04000
      -6.49909      74.49000     -74.49000
      -6.46609      95.45000     -95.45000
      -6.43409      99.73000     -99.73000
      -6.40209      96.61000     -96.61000
      -6.37009      92.25000     -92.25000
      -6.33809      90.55000     -90.55000
      -6.30509      94.57000     -94.57000
      -6.27309      92.09000     -92.09000
      -6.24109      81.36000     -81.36000
      -6.20909      67.29000     -67.29000
      -6.17609      55.63000     -55.63000
      -6.14409      53.69000     -53.69000
      -6.11209      63.82000     -63.82000
      -6.08009      75.43000     -75.43000
      -6.04709      79.06000     -79.06000
      -6.01509      74.58000     -74.58000
      -5.98309      66.41000     -66.41000
      -5.95109      68.75000     -68.75000
      -5.91909      89.90000     -89.90000
      -5.88609     111.40000    -111.40000
      -5.85409     111.80000    -111.80000
      -5.82209      92.53000     -92.53000
      -5.79009      81.21000     -81.21000
      -5.75709      93.87000     -93.87000
      -5.72509      95.34000     -95.34000
      -5.69309      74.42000     -74.42000
      -5.66109      61.15000     -61.15000
      -5.62809      62.24000     -62.24000
      -5.59609      67.81000     -67.81000
      -5.56409      75.44000     -75.44000
      -5.53209      82.60000     -82.60000
      -5.50009      84.63000     -84.63000
      -5.46709      86.53000     -86.53000
      -5.43509      91.26000     -91.26000
      -5.40309      91.37000     -91.37000
      -5.37109      84.09000     -84.09000
      -5.33809      93.58000     -93.58000
      -5.30609     117.70000    -117.70000
      -5.27409     109.60000    -109.60000
      -5.24209      68.65000     -68.65000
      -5.20909      40.51000     -40.51000
      -5.17709      56.46000     -56.46000
      -5.14509     112.60000    -112.60000
      -5.11309     153.80000    -153.80000
      -5.08109     126.00000    -126.00000
      -5.04809      68.38000     -68.38000
      -5.01609      44.50000     -44.50000
      -4.98409      47.86000     -47.86000
      -4.95209      46.49000     -46.49000
      -4.91909      39.56000     -39.56000
      -4.88709      38.48000     -38.48000
      -4.85509      42.04000     -42.04000
      -4.82309      52.12000     -52.12000
      -4.79009      63.03000     -63.03000
      -4.75809      60.19000     -60.19000
      -4.72609      44.33000     -44.33000
      -4.69409      35.53000     -35.53000
      -4.66209      38.54000     -38.54000
      -4.62909      40.73000     -40.73000
      -4.59709      44.16000     -44.16000
      -4.56509      50.12000     -50.12000
      -4.53309      50.45000     -50.45000
      -4.50009      41.09000     -41.09000
      -4.46809      35.58000     -35.58000
      -4.43609      42.46000     -42.46000
      -4.40409      49.40000     -49.40000
      -4.37209      48.67000     -48.67000
      -4.33909      43.64000     -43.64000
      -4.30709      40.28000     -40.28000
      -4.27509      39.87000     -39.87000
      -4.24309      44.76000     -44.76000
      -4.21009      47.49000     -47.49000
      -4.17809      44.81000     -44.81000
      -4.14609      49.91000     -49.91000
      -4.11409      59.56000     -59.56000
      -4.08109      62.92000     -62.92000
      -4.04909      57.30000     -57.30000
      -4.01709      50.19000     -50.19000
      -3.98509      52.35000     -52.35000
      -3.95309      56.67000     -56.67000
      -3.92009      60.90000     -60.90000
      -3.88809      77.98000     -77.98000
      -3.85609     113.40000    -113.40000
      -3.82409     145.70000    -145.70000
      -3.79109     145.20000    -145.20000
      -3.75909     115.80000    -115.80000
      -3.72709      92.85000     -92.85000
      -3.69509      92.65000     -92.65000
      -3.66209      99.01000     -99.01000
      -3.63009     100.20000    -100.20000
      -3.59809      95.57000     -95.57000
      -3.56609      96.33000     -96.33000
      -3.53409     104.40000    -104.40000
      -3.50109     100.20000    -100.20000
      -3.46909      83.65000     -83.65000
      -3.43709      60.62000     -60.62000
      -3.40509      39.82000     -39.82000
      -3.37209      32.04000     -32.04000
      -3.34009      33.63000     -33.63000
      -3.30809      39.77000     -39.77000
      -3.27609      39.01000     -39.01000
      -3.24309      27.52000     -27.52000
      -3.21109      21.24000     -21.24000
      -3.17909      26.86000     -26.86000
      -3.14709      35.41000     -35.41000
      -3.11509      43.07000     -43.07000
      -3.08209      51.64000     -51.64000
      -3.05009      58.33000     -58.33000
      -3.01809      54.55000     -54.55000
      -2.98609      36.38000     -36.38000
      -2.95309      19.86000     -19.86000
      -2.92109      17.94000     -17.94000
      -2.88909      23.91000     -23.91000
      -2.85709      30.24000     -30.24000
      -2.82409      37.25000     -37.25000
      -2.79209      38.04000     -38.04000
      -2.76009      33.42000     -33.42000
      -2.72809      32.84000     -32.84000
      -2.69609      33.24000     -33.24000
      -2.66309      32.15000     -32.15000
      -2.63109      32.51000     -32.51000
      -2.59909      34.89000     -34.89000
      -2.56709      39.89000     -39.89000
      -2.53409      44.98000     -44.98000
      -2.50209      44.14000     -44.14000
      -2.47009      35.07000     -35.07000
      -2.43809      21.88000     -21.88000
      -2.40609      11.92000     -11.92000
      -2.37309       7.37600      -7.37600
      -2.34109       6.69100      -6.69100
      -2.30909       9.59000      -9.59000
      -2.27709      16.32000     -16.32000
      -2.24409      24.21000     -24.21000
      -2.21209      31.31000     -31.31000
      -2.18009      37.85000     -37.85000
      -2.14809      38.46000     -38.46000
      -2.11509      30.66000     -30.66000
      -2.08309      25.23000     -25.23000
      -2.05109      26.54000     -26.54000
      -2.01909      23.06000     -23.06000
      -1.98709      14.00000     -14.00000
      -1.95409      10.10000     -10.10000
      -1.92209      16.41000     -16.41000
      -1.89009      29.91000     -29.91000
      -1.85809      37.40000     -37.40000
      -1.82509      32.04000     -32.04000
      -1.79309      24.33000     -24.33000
      -1.76109      21.93000     -21.93000
      -1.72909      20.91000     -20.91000
      -1.69609      18.52000     -18.52000
      -1.66409      14.20000     -14.20000
      -1.63209      11.19000     -11.19000
      -1.60009      13.93000     -13.93000
      -1.56809      20.12000     -20.12000
      -1.53509      21.16000     -21.16000
      -1.50309      15.54000     -15.54000
      -1.47109      12.55000     -12.55000
      -1.43909      16.38000     -16.38000
      -1.40609      23.36000     -23.36000
      -1.37409      26.56000     -26.56000
      -1.34209      22.43000     -22.43000
      -1.31009      17.52000     -17.52000
      -1.27709      17.72000     -17.72000
      -1.24509      21.16000     -21.16000
      -1.21309      20.83000     -20.83000
      -1.18109      17.39000     -17.39000
      -1.14909      18.08000     -18.08000
      -1.11609      22.16000     -22.16000
      -1.08409      21.88000     -21.88000
      -1.05209      14.76000     -14.76000
      -1.02009       7.28800      -7.28800
      -0.98709       4.63600      -4.63600
      -0.95509       9.08900      -9.08900
      -0.92309      26.94000     -26.94000
      -0.89109      54.23000     -54.23000
      -0.85909      64.23000     -64.23000
      -0.82609      51.28000     -51.28000
      -0.79409      39.78000     -39.78000
      -0.76209      38.81000     -38.81000
      -0.73009      40.88000     -40.88000
      -0.69709      45.31000     -45.31000
      -0.66509      47.70000     -47.70000
      -0.63309      40.95000     -40.95000
      -0.60109      29.83000     -29.83000
      -0.56809      21.71000     -21.71000
      -0.53609      22.39000     -22.39000
      -0.50409      27.39000     -27.39000
      -0.47209      29.34000     -29.34000
      -0.44009      25.91000     -25.91000
      -0.40709      18.78000     -18.78000
      -0.37509      13.38000     -13.38000
      -0.34309      11.19000     -11.19000
      -0.31109      10.84000     -10.84000
      -0.27809      12.24000     -12.24000
      -0.24609      15.49000     -15.49000
      -0.21409      17.17000     -17.17000
      -0.18209      15.47000     -15.47000
      -0.14909      15.76000     -15.76000
      -0.11709      17.37000     -17.37000
      -0.08509      13.83000     -13.83000
      -0.05309       8.02300      -8.02300
      -0.02109       8.21300      -8.21300
       0.01191      17.65000     -17.65000
       0.04391      31.53000     -31.53000
       0.07591      38.97000     -38.97000
       0.10791      35.57000     -35.57000
       0.14091      27.89000     -27.89000
       0.17291      19.21000     -19.21000
       0.20491      13.32000     -13.32000
       0.23691      14.11000     -14.11000
       0.26991      17.40000     -17.40000
       0.30191      19.98000     -19.98000
       0.33391      26.01000     -26.01000
       0.36591      35.08000     -35.08000
       0.39791      40.83000     -40.83000
       0.43091      36.64000     -36.64000
       0.46291      23.32000     -23.32000
       0.49491      10.84000     -10.84000
       0.52691       3.77200      -3.77200
       0.55991       0.84620      -0.84620
       0.59191       0.10220      -0.10220
       0.62391       0.00602      -0.00602
       0.65591       0.00017      -0.00017
       0.68891       0.00000      -0.00000
       0.72091       0.00000      -0.00000
       0.75291       0.00000      -0.00000
       0.78491       0.00000      -0.00000
       0.81691       0.00000       0.00000
       0.84991       0.00000       0.00000
       0.88191       0.00000       0.00000
       0.91391       0.00000       0.00000
       0.94591       0.00000       0.00000
       0.97891       0.00000       0.00000
       1.01091       0.00000       0.00000
       1.04291       0.00000       0.00000
       1.07491       0.00000       0.00000
       1.10691       0.00000      -0.00000
       1.13991       0.00000      -0.00000
       1.17191       0.00000      -0.00000
       1.20391       0.00000      -0.00000
       1.23591       0.00003      -0.00003
       1.26891       0.00131      -0.00131
       1.30091       0.02638      -0.02638
       1.33291       0.24970      -0.24970
       1.36491       1.15500      -1.15500
       1.39791       2.85900      -2.85900
       1.42991       4.60700      -4.60700
       1.46191       6.14200      -6.14200
       1.49391       7.96500      -7.96500
       1.52591      11.54000     -11.54000
       1.55891      15.43000     -15.43000
       1.59091      15.17000     -15.17000
       1.62291      12.95000     -12.95000
       1.65491      13.02000     -13.02000
       1.68791      13.90000     -13.90000
       1.71991      13.80000     -13.80000
       1.75191      16.47000     -16.47000
       1.78391      21.83000     -21.83000
       1.81691      26.54000     -26.54000
       1.84891      29.56000     -29.56000
       1.88091      29.39000     -29.39000
       1.91291      30.39000     -30.39000
       1.94491      38.15000     -38.15000
       1.97791      46.38000     -46.38000
       2.00991      45.79000     -45.79000
       2.04191      37.57000     -37.57000
       2.07391      30.73000     -30.73000
       2.10691      29.27000     -29.27000
       2.13891      25.41000     -25.41000
       2.17091      16.81000     -16.81000
       2.20291      11.57000     -11.57000
       2.23591      13.20000     -13.20000
       2.26791      16.28000     -16.28000
       2.29991      17.95000     -17.95000
       2.33191      20.18000     -20.18000
       2.36391      27.26000     -27.26000
       2.39691      36.51000     -36.51000
       2.42891      34.85000     -34.85000
       2.46091      26.59000     -26.59000
       2.49291      24.34000     -24.34000
       2.52591      27.62000     -27.62000
       2.55791      27.88000     -27.88000
       2.58991      24.22000     -24.22000
       2.62191      25.42000     -25.42000
       2.65491      28.73000     -28.73000
       2.68691      29.25000     -29.25000
       2.71891      33.60000     -33.60000
       2.75091      38.37000     -38.37000
       2.78291      34.49000     -34.49000
       2.81591      28.14000     -28.14000
       2.84791      23.84000     -23.84000
       2.87991      18.15000     -18.15000
       2.91191      14.85000     -14.85000
       2.94491      16.23000     -16.23000
       2.97691      19.25000     -19.25000
       3.00891      21.51000     -21.51000
       3.04091      24.03000     -24.03000
       3.07291      28.39000     -28.39000
       3.10591      31.75000     -31.75000
       3.13791      26.79000     -26.79000
       3.16991      16.46000     -16.46000
       3.20191      10.49000     -10.49000
       3.23491       9.70300      -9.70300
       3.26691      10.43000     -10.43000
       3.29891      10.10000     -10.10000
       3.33091       9.71600      -9.71900
       3.36391      15.03000     -15.04000
       3.39591      29.90000     -29.92000
       3.42791      41.83000     -41.83000
       3.45991      37.13000     -37.12000
       3.49191      30.94000     -30.93000
       3.52491      37.41000     -37.40000
       3.55691      36.38000     -36.38000
       3.58891      18.54000     -18.55000
       3.62091       4.53800      -4.54100
       3.65391       1.30700      -1.30700
       3.68591       6.94000      -6.94100
       3.71791      28.18000     -28.18000
       3.74991      57.47000     -57.46000
       3.78291      70.31000     -70.28000
       3.81491      76.05000     -76.03000
       3.84691      88.45000     -88.46000
       3.87891      92.45000     -92.47000
       3.91091      81.19000     -81.20000
       3.94391      64.51000     -64.52000
       3.97591      47.16000     -47.17000
       4.00791      37.10000     -37.10000
       4.03991      36.67000     -36.66000
       4.07291      34.58000     -34.56000
       4.10491      29.27000     -29.28000
       4.13691      27.80000     -27.82000
       4.16891      29.15000     -29.15000
       4.20191      27.34000     -27.32000
       4.23391      27.06000     -27.05000
       4.26591      32.88000     -32.87000
       4.29791      44.95000     -44.94000
       4.32991      53.60000     -53.61000
       4.36291      50.66000     -50.67000
       4.39491      46.40000     -46.41000
       4.42691      44.31000     -44.32000
       4.45891      44.23000     -44.22000
       4.49191      53.30000     -53.28000
       4.52391      67.18000     -67.13000
       4.55591      76.14000     -76.05000
       4.58791      80.80000     -80.76000
       4.61991      89.25000     -89.23000
       4.65291      93.23000     -93.15000
       4.68491      74.61000     -74.65000
       4.71691      55.32000     -55.61000
       4.74891      65.39000     -65.52000
       4.78191      89.44000     -89.12000
       4.81391      97.83000     -97.45000
       4.84591      95.36000     -94.83000
       4.87791      91.15000     -89.90000
       4.91091      84.29000     -83.21000
       4.94291      77.88000     -77.60000
       4.97491      72.18000     -72.96000
       5.00691      67.59000     -70.07000
       5.03891      65.73000     -67.90000
       5.07191      69.02000     -68.84000
       5.10391      76.49000     -75.15000
       5.13591      79.08000     -77.81000
       5.16791      75.89000     -74.61000
       5.20091      78.92000     -77.44000
       5.23291      88.40000     -87.16000
       5.26491      92.19000     -91.89000
       5.29691      86.50000     -86.72000
       5.32991      80.28000     -79.78000
       5.36191      84.69000     -82.67000
       5.39391      93.63000     -90.78000
       5.42591      96.97000     -95.61000
       5.45791      96.05000     -96.60000
       5.49091      89.96000     -91.13000
       5.52291      77.69000     -79.51000
       5.55491      70.86000     -72.43000
       5.58691      78.33000     -78.73000
       5.61991      85.41000     -86.23000
       5.65191      78.62000     -80.14000
       5.68391      69.01000     -69.65000
       5.71591      64.38000     -63.09000
       5.74891      61.33000     -59.56000
       5.78091      61.83000     -62.58000
       5.81291      68.27000     -71.43000
       5.84491      75.70000     -78.25000
       5.87691      79.55000     -80.52000
       5.90991      83.03000     -84.06000
       5.94191      86.73000     -89.10000
       5.97391      87.87000     -90.29000
       6.00591      89.62000     -89.28000
       6.03891      92.65000     -89.97000
       6.07091      90.15000     -88.92000
       6.10291      82.58000     -83.85000
       6.13491      78.99000     -79.16000
       6.16791      80.53000     -77.25000
       6.19991      81.04000     -77.86000
       6.23191      76.94000     -77.45000
       6.26391      70.87000     -74.07000
       6.29591      68.31000     -70.96000
       6.32891      70.47000     -70.00000
       6.36091      74.49000     -71.44000
       6.39291      77.50000     -75.71000
       6.42491      79.55000     -79.86000
       6.45791      82.17000     -81.36000
       6.48991      82.46000     -80.13000
       6.52191      78.01000     -76.83000
       6.55391      72.40000     -73.52000
       6.58591      70.16000     -71.00000
       6.61891      70.22000     -69.19000
       6.65091      69.61000     -67.63000
       6.68291      67.76000     -67.22000
       6.71491      66.98000     -67.94000
       6.74791      67.65000     -69.21000
       6.77991      68.00000     -71.19000
       6.81191      68.22000     -72.15000
       6.84391      70.33000     -70.84000
       6.87691      72.72000     -70.02000
       6.90891      72.15000     -70.37000
       6.94091      71.78000     -70.88000
       6.97291      75.08000     -72.72000
       7.00491      78.50000     -75.43000
       7.03791      79.96000     -77.56000
       7.06991      79.47000     -77.63000
       7.10191      75.55000     -75.48000
       7.13391      69.60000     -72.63000
       7.16691      65.67000     -70.40000
       7.19891      63.79000     -68.18000
       7.23091      62.27000     -62.46000
       7.26291      62.46000     -56.77000
       7.29591      63.91000     -57.50000
       7.32791      62.21000     -61.52000
       7.35991      57.53000     -62.48000
       7.39191      55.54000     -59.52000
       7.42391      56.93000     -55.38000
       7.45691      56.97000     -52.29000
       7.48891      53.63000     -50.36000
       7.52091      49.25000     -48.71000
       7.55291      45.72000     -47.63000
       7.58591      43.14000     -48.26000
       7.61791      40.98000     -47.25000
       7.64991      40.56000     -42.34000
       7.68191      40.88000     -37.78000
       7.71491      38.95000     -36.43000
       7.74691      35.56000     -36.88000
       7.77891      33.20000     -35.91000
       7.81091      31.33000     -32.96000
       7.84291      29.06000     -30.55000
       7.87591      28.00000     -30.43000
       7.90791      28.20000     -29.63000
       7.93991      28.88000     -26.36000
       7.97191      29.57000     -24.20000
       8.00491      28.73000     -24.44000
       8.03691      26.48000     -24.55000
       8.06891      23.97000     -23.19000
       8.10091      20.48000     -21.53000
       8.13291      16.59000     -19.90000
       8.16591      14.99000     -17.79000
       8.19791      15.37000     -15.96000
       8.22991      15.69000     -14.80000
       8.26191      15.03000     -14.09000
       8.29491      13.00000     -13.59000
       8.32691      10.13000     -12.89000
       8.35891       8.19700     -11.50000
       8.39091       7.53300      -8.64000
       8.42391       6.94300      -5.32700
       8.45591       5.96500      -3.44200
       8.48791       4.35000      -3.04200
       8.51991       2.64700      -2.88600
       8.55191       1.72300      -2.10000
       8.58491       1.29400      -1.13400
       8.61691       0.86250      -0.48000
       8.64891       0.40280      -0.13940
       8.68091       0.10880      -0.02247
       8.71391       0.01503      -0.00177
       8.74591       0.00100      -0.00006
       8.77791       0.00003      -0.00000
       8.80991       0.00000      -0.00000
       8.84291       0.00000      -0.00000
       8.87491       0.00000      -0.00000
       8.90691       0.00000       0.00000
       8.93891       0.00000       0.00000
       8.97091       0.00000       0.00000
       9.00391       0.00000       0.00000
       9.03591       0.00000       0.00000
       9.06791       0.00000       0.00000
       9.09991       0.00000       0.00000
       9.13291       0.00000       0.00000
       9.16491       0.00000       0.00000
       9.19691       0.00000       0.00000
       9.22891       0.00000       0.00000
       9.26191       0.00000       0.00000
       9.29391       0.00000       0.00000
       9.32591       0.00000       0.00000
       9.35791       0.00000       0.00000
       9.38991       0.00000       0.00000
       9.42291       0.00000       0.00000
       9.45491       0.00000       0.00000
       9.48691       0.00000       0.00000
       9.51891       0.00000       0.00000
       9.55191       0.00000       0.00000
       9.58391       0.00000       0.00000
       9.61591       0.00000       0.00000
       9.64791       0.00000       0.00000
       9.68091       0.00000       0.00000
       9.71291       0.00000       0.00000
       9.74491       0.00000       0.00000
       9.77691       0.00000       0.00000
       9.80891       0.00000       0.00000
       9.84191       0.00000       0.00000
       9.87391       0.00000       0.00000
       9.90591       0.00000       0.00000
       9.93791       0.00000       0.00000
       9.97091       0.00000       0.00000
      10.00291       0.00000       0.00000
      10.03491       0.00000       0.00000
      10.06691       0.00000       0.00000
