      #Energy        TDOS-UP        TDOS-DOWN
     -22.00552       0.00000       0.00000
     -21.97352       0.00000       0.00000
     -21.94052       0.00000       0.00000
     -21.90852       0.00000       0.00000
     -21.87652       0.00000       0.00000
     -21.84452       0.00000       0.00000
     -21.81252       0.00000       0.00000
     -21.77952       0.00000       0.00000
     -21.74752       0.00000       0.00000
     -21.71552       0.00000       0.00000
     -21.68352       0.00000       0.00000
     -21.65152       0.00000       0.00000
     -21.61852       0.00000       0.00000
     -21.58652       0.00000       0.00000
     -21.55452       0.00000       0.00000
     -21.52252       0.00000       0.00000
     -21.49052       0.00000       0.00000
     -21.45752       0.00000       0.00000
     -21.42552       0.00000       0.00000
     -21.39352       0.00000       0.00000
     -21.36152       0.00000       0.00000
     -21.32852       0.00000       0.00000
     -21.29652       0.00000       0.00000
     -21.26452       0.00000       0.00000
     -21.23252       0.00000       0.00000
     -21.20052       0.00000       0.00000
     -21.16752       0.00000       0.00000
     -21.13552       0.00000       0.00000
     -21.10352       0.00000       0.00000
     -21.07152       0.00000       0.00000
     -21.03952       0.00000       0.00000
     -21.00652       0.00000       0.00000
     -20.97452       0.00000       0.00000
     -20.94252       0.00000       0.00000
     -20.91052       0.00000       0.00000
     -20.87852       0.00000       0.00000
     -20.84552       0.00000       0.00000
     -20.81352       0.00000      -0.00000
     -20.78152       0.00000      -0.00000
     -20.74952       0.00000      -0.00000
     -20.71652       0.00000      -0.00000
     -20.68452       0.00003      -0.00002
     -20.65252       0.00098      -0.00061
     -20.62052       0.01503      -0.01053
     -20.58852       0.11369      -0.08808
     -20.55552       0.45432      -0.38434
     -20.52352       1.05956      -0.96317
     -20.49152       1.63131      -1.56278
     -20.45952       1.91741      -1.89279
     -20.42752       1.99048      -1.98612
     -20.39452       1.99960      -1.99908
     -20.36252       2.00013      -1.99993
     -20.33052       2.00015      -1.99996
     -20.29852       2.00015      -1.99996
     -20.26652       2.00015      -1.99996
     -20.23352       2.00015      -1.99996
     -20.20152       2.00015      -1.99996
     -20.16952       2.00015      -1.99996
     -20.13752       2.00015      -1.99996
     -20.10452       2.00015      -1.99996
     -20.07252       2.00015      -1.99996
     -20.04052       2.00015      -1.99996
     -20.00852       2.00015      -1.99996
     -19.97652       2.00015      -1.99996
     -19.94352       2.00015      -1.99996
     -19.91152       2.00015      -1.99996
     -19.87952       2.00015      -1.99996
     -19.84752       2.00015      -1.99996
     -19.81552       2.00015      -1.99996
     -19.78252       2.00015      -1.99996
     -19.75052       2.00015      -1.99996
     -19.71852       2.00015      -1.99996
     -19.68652       2.00015      -1.99996
     -19.65352       2.00015      -1.99996
     -19.62152       2.00015      -1.99996
     -19.58952       2.00015      -1.99996
     -19.55752       2.00015      -1.99996
     -19.52552       2.00015      -1.99996
     -19.49252       2.00015      -1.99996
     -19.46052       2.00015      -1.99996
     -19.42852       2.00015      -1.99996
     -19.39652       2.00015      -1.99996
     -19.36452       2.00015      -1.99996
     -19.33152       2.00015      -1.99996
     -19.29952       2.00015      -1.99996
     -19.26752       2.00015      -1.99996
     -19.23552       2.00015      -1.99996
     -19.20352       2.00015      -1.99996
     -19.17052       2.00015      -1.99996
     -19.13852       2.00015      -1.99996
     -19.10652       2.00015      -1.99996
     -19.07452       2.00015      -1.99996
     -19.04152       2.00015      -1.99996
     -19.00952       2.00015      -1.99996
     -18.97752       2.00015      -1.99996
     -18.94552       2.00015      -1.99996
     -18.91352       2.00015      -1.99996
     -18.88052       2.00015      -1.99996
     -18.84852       2.00015      -1.99996
     -18.81652       2.00015      -1.99996
     -18.78452       2.00015      -1.99996
     -18.75252       2.00015      -1.99996
     -18.71952       2.00015      -1.99996
     -18.68752       2.00015      -1.99996
     -18.65552       2.00015      -1.99996
     -18.62352       2.00015      -1.99996
     -18.59152       2.00015      -1.99996
     -18.55852       2.00015      -1.99996
     -18.52652       2.00015      -1.99996
     -18.49452       2.00016      -1.99996
     -18.46252       2.00055      -2.00002
     -18.42952       2.00747      -2.00172
     -18.39752       2.07038      -2.02350
     -18.36552       2.38251      -2.17159
     -18.33352       3.28828      -2.74082
     -18.30152       4.94843      -4.06341
     -18.26852       7.04906      -6.06177
     -18.23652       9.10847      -8.21829
     -18.20452      10.91437     -10.13999
     -18.17252      12.40832     -11.75972
     -18.14052      13.50188     -13.02287
     -18.10752      14.33807     -13.94394
     -18.07552      15.31036     -14.83200
     -18.04352      16.61313     -16.01011
     -18.01152      18.04184     -17.44157
     -17.97952      19.28148     -18.80151
     -17.94652      20.26891     -19.88364
     -17.91452      21.09302     -20.76299
     -17.88252      21.70229     -21.46954
     -17.85052      22.15614     -21.96430
     -17.81752      22.85061     -22.52235
     -17.78552      23.96849     -23.49625
     -17.75352      25.07912     -24.67952
     -17.72152      25.72672     -25.53085
     -17.68952      25.94956     -25.89369
     -17.65652      25.99560     -25.98596
     -17.62452      26.01739     -26.00221
     -17.59252      26.15622     -26.03890
     -17.56052      26.76195     -26.28544
     -17.52852      28.24091     -27.18074
     -17.49552      30.40258     -29.01081
     -17.46352      32.44943     -31.28200
     -17.43152      33.90842     -33.17310
     -17.39952      34.97653     -34.48215
     -17.36752      35.96106     -35.51081
     -17.33452      37.00244     -36.48696
     -17.30252      38.16848     -37.55201
     -17.27052      39.30729     -38.72497
     -17.23852      40.18810     -39.76748
     -17.20552      40.89545     -40.56261
     -17.17352      41.68526     -41.29863
     -17.14152      42.69588     -42.17766
     -17.10952      43.84742     -43.25786
     -17.07752      44.86368     -44.37026
     -17.04452      45.53254     -45.23110
     -17.01252      45.86023     -45.72599
     -16.98052      45.97250     -45.93310
     -16.94852      45.99657     -45.99059
     -16.91652      45.99949     -46.00004
     -16.88352      45.99968     -46.00089
     -16.85152      45.99969     -46.00093
     -16.81952      45.99969     -46.00093
     -16.78752      45.99969     -46.00093
     -16.75552      45.99969     -46.00093
     -16.72252      45.99969     -46.00093
     -16.69052      45.99971     -46.00093
     -16.65852      46.00020     -46.00109
     -16.62652      46.00669     -46.00375
     -16.59352      46.05035     -46.02682
     -16.56152      46.21295     -46.13370
     -16.52952      46.58191     -46.42472
     -16.49752      47.12676     -46.92641
     -16.46552      47.68304     -47.50105
     -16.43252      48.16589     -48.00402
     -16.40052      48.64470     -48.47253
     -16.36852      49.13656     -48.96471
     -16.33652      49.61811     -49.44562
     -16.30452      50.15491     -49.94151
     -16.27152      50.80927     -50.53467
     -16.23952      51.58813     -51.25700
     -16.20752      52.46991     -52.10206
     -16.17552      53.32688     -52.98915
     -16.14352      53.98688     -53.74304
     -16.11052      54.41754     -54.26454
     -16.07852      54.70327     -54.60101
     -16.04652      54.96332     -54.85865
     -16.01452      55.31887     -55.16538
     -15.98152      55.83311     -55.61182
     -15.94952      56.58653     -56.25395
     -15.91752      57.67944     -57.20449
     -15.88552      58.97030     -58.43221
     -15.85352      60.19544     -59.68264
     -15.82052      61.22410     -60.78618
     -15.78852      62.09508     -61.69953
     -15.75652      63.12100     -62.60868
     -15.72452      64.41217     -63.80676
     -15.69252      65.56709     -65.08167
     -15.65952      66.38380     -66.04172
     -15.62752      67.05508     -66.74859
     -15.59552      67.74536     -67.41390
     -15.56352      68.56223     -68.15427
     -15.53152      69.49844     -69.03331
     -15.49852      70.36555     -69.93054
     -15.46652      71.13072     -70.69459
     -15.43452      72.01975     -71.46298
     -15.40252      73.11250     -72.45540
     -15.36952      74.22458     -73.59663
     -15.33752      75.15387     -74.64525
     -15.30552      75.86041     -75.46132
     -15.27352      76.59337     -76.13743
     -15.24152      77.66100     -77.00406
     -15.20852      78.91288     -78.20295
     -15.17652      79.92575     -79.38686
     -15.14452      80.64728     -80.25237
     -15.11252      81.29729     -80.93315
     -15.08052      81.92525     -81.60330
     -15.04752      82.44545     -82.20709
     -15.01552      82.87064     -82.66642
     -14.98352      83.37651     -83.07630
     -14.95152      84.23541     -83.68106
     -14.91852      85.68925     -84.77816
     -14.88652      87.61225     -86.50757
     -14.85452      89.46164     -88.50803
     -14.82252      91.02725     -90.26948
     -14.79052      92.57257     -91.83284
     -14.75752      94.09324     -93.39008
     -14.72552      95.36590     -94.77482
     -14.69352      96.47766     -95.90913
     -14.66152      97.66318     -97.02202
     -14.62952      98.99961     -98.27857
     -14.59652     100.48856     -99.69939
     -14.56452     102.00521    -101.23247
     -14.53252     103.28962    -102.66247
     -14.50052     104.22793    -103.77826
     -14.46852     104.92368    -104.58933
     -14.43552     105.48576    -105.22082
     -14.40352     105.93446    -105.72718
     -14.37152     106.36689    -106.14640
     -14.33952     106.99855    -106.65083
     -14.30652     107.97454    -107.44209
     -14.27452     109.28053    -108.59395
     -14.24252     110.76964    -110.02460
     -14.21052     112.30546    -111.55736
     -14.17852     113.89539    -113.12474
     -14.14552     115.49627    -114.75010
     -14.11352     116.87168    -116.27948
     -14.08152     117.79436    -117.43553
     -14.04952     118.27578    -118.10052
     -14.01752     118.57589    -118.44513
     -13.98452     118.98017    -118.78072
     -13.95252     119.65402    -119.33072
     -13.92052     120.70829    -120.22345
     -13.88852     122.11220    -121.51269
     -13.85652     123.53415    -122.97265
     -13.82352     124.74931    -124.25754
     -13.79152     125.96752    -125.41971
     -13.75952     127.34728    -126.71862
     -13.72752     128.69869    -128.09805
     -13.69452     129.79724    -129.31643
     -13.66252     130.54341    -130.22816
     -13.63052     130.94865    -130.78251
     -13.59852     131.15153    -131.05704
     -13.56652     131.30301    -131.21534
     -13.53352     131.47791    -131.36957
     -13.50152     131.68214    -131.55892
     -13.46952     131.86109    -131.76157
     -13.43752     131.96090    -131.91280
     -13.40552     131.99501    -131.98257
     -13.37252     132.02564    -132.00988
     -13.34052     132.16521    -132.08395
     -13.30852     132.55521    -132.35153
     -13.27652     133.14370    -132.87544
     -13.24452     133.64651    -133.44654
     -13.21152     133.90037    -133.81123
     -13.17952     133.98028    -133.95663
     -13.14752     133.99699    -133.99532
     -13.11552     134.00843    -134.00441
     -13.08252     134.08445    -134.03372
     -13.05052     134.38977    -134.19591
     -13.01852     135.05799    -134.67130
     -12.98652     135.97294    -135.46642
     -12.95452     136.96987    -136.37719
     -12.92152     138.03267    -137.33885
     -12.88952     139.12929    -138.40164
     -12.85752     140.21657    -139.51260
     -12.82552     141.25038    -140.60535
     -12.79352     142.16468    -141.62080
     -12.76052     142.96046    -142.51433
     -12.72852     143.67763    -143.30415
     -12.69652     144.47083    -144.09235
     -12.66452     145.52622    -145.06930
     -12.63252     146.71963    -146.24887
     -12.59952     147.79193    -147.40492
     -12.56752     148.76857    -148.44887
     -12.53552     149.80898    -149.48687
     -12.50352     150.88273    -150.51343
     -12.47052     151.86549    -151.44481
     -12.43852     152.72375    -152.28213
     -12.40652     153.53659    -153.06744
     -12.37452     154.34492    -153.86031
     -12.34252     155.06709    -154.61662
     -12.30952     155.74819    -155.25536
     -12.27752     156.60178    -155.90699
     -12.24552     157.71096    -156.78152
     -12.21352     158.90003    -157.91534
     -12.18152     159.95236    -159.14080
     -12.14852     160.87762    -160.26915
     -12.11652     161.79209    -161.27091
     -12.08452     162.75519    -162.19665
     -12.05252     163.90818    -163.17571
     -12.02052     165.28246    -164.40375
     -11.98752     166.54062    -165.76546
     -11.95552     167.39517    -166.85822
     -11.92352     167.99027    -167.56042
     -11.89152     168.68973    -168.16775
     -11.85852     169.68070    -169.02424
     -11.82652     170.81404    -170.17482
     -11.79452     171.89391    -171.39738
     -11.76252     172.92933    -172.55440
     -11.73052     173.94381    -173.64248
     -11.69752     174.83284    -174.59834
     -11.66552     175.52376    -175.34869
     -11.63352     176.08600    -175.94556
     -11.60152     176.57561    -176.46593
     -11.56952     176.93887    -176.87227
     -11.53652     177.16049    -177.12569
     -11.50452     177.33261    -177.29857
     -11.47252     177.58597    -177.52040
     -11.44052     178.01051    -177.89993
     -11.40852     178.56341    -178.43254
     -11.37552     179.09457    -178.98077
     -11.34352     179.52603    -179.42801
     -11.31152     179.94510    -179.81889
     -11.27952     180.50975    -180.30190
     -11.24652     181.33902    -181.01134
     -11.21452     182.40279    -181.99152
     -11.18252     183.48958    -183.09974
     -11.15052     184.43401    -184.11808
     -11.11852     185.22575    -184.96523
     -11.08552     185.95807    -185.69545
     -11.05352     186.80715    -186.47802
     -11.02152     187.79216    -187.42405
     -10.98952     188.73336    -188.39569
     -10.95752     189.59420    -189.27489
     -10.92452     190.50432    -190.15280
     -10.89252     191.52218    -191.12670
     -10.86052     192.58691    -192.17436
     -10.82852     193.60800    -193.21155
     -10.79552     194.51425    -194.16193
     -10.76352     195.28023    -194.97091
     -10.73152     196.03026    -195.68873
     -10.69952     196.96985    -196.50447
     -10.66752     198.13299    -197.53232
     -10.63452     199.37891    -198.69884
     -10.60252     200.63417    -199.90723
     -10.57052     201.90940    -201.16217
     -10.53852     203.14517    -202.45302
     -10.50652     204.36999    -203.72406
     -10.47352     205.74330    -205.06050
     -10.44152     207.19215    -206.52480
     -10.40952     208.46142    -207.91921
     -10.37752     209.49571    -209.07655
     -10.34552     210.35687    -210.03209
     -10.31252     211.01236    -210.78985
     -10.28052     211.44769    -211.31070
     -10.24852     211.75159    -211.65417
     -10.21652     212.07352    -211.95834
     -10.18352     212.60162    -212.40864
     -10.15152     213.38998    -213.12791
     -10.11952     214.25130    -213.98778
     -10.08752     215.11471    -214.84089
     -10.05552     216.15239    -215.81817
     -10.02252     217.34049    -216.98968
      -9.99052     218.43035    -218.13252
      -9.95852     219.34884    -219.09982
      -9.92652     220.19405    -219.96887
      -9.89452     220.97758    -220.78590
      -9.86152     221.58460    -221.45299
      -9.82952     221.98297    -221.88458
      -9.79752     222.42869    -222.25159
      -9.76552     223.23009    -222.90467
      -9.73352     224.35715    -223.94428
      -9.70052     225.62031    -225.18729
      -9.66852     226.90101    -226.48797
      -9.63652     228.00311    -227.67784
      -9.60452     228.81563    -228.57701
      -9.57152     229.56566    -229.29499
      -9.53952     230.61300    -230.18643
      -9.50752     232.04864    -231.47664
      -9.47552     233.65612    -233.04144
      -9.44352     235.30452    -234.68984
      -9.41052     236.95951    -236.37431
      -9.37852     238.42978    -237.94684
      -9.34652     239.60290    -239.22836
      -9.31452     240.59870    -240.27376
      -9.28252     241.53411    -241.21239
      -9.24952     242.48530    -242.12476
      -9.21752     243.52507    -243.10574
      -9.18552     244.65486    -244.19399
      -9.15352     245.88339    -245.37758
      -9.12152     247.25477    -246.69694
      -9.08852     248.68526    -248.13000
      -9.05652     250.05374    -249.53665
      -9.02452     251.42318    -250.89161
      -8.99252     252.86800    -252.29536
      -8.95952     254.21667    -253.69090
      -8.92752     255.20619    -254.83664
      -8.89552     255.75861    -255.56847
      -8.86352     256.00469    -255.93183
      -8.83152     256.13463    -256.09985
      -8.79852     256.29054    -256.23960
      -8.76652     256.60801    -256.49560
      -8.73452     257.18781    -256.99841
      -8.70252     257.96442    -257.73797
      -8.67052     258.75374    -258.54550
      -8.63752     259.42905    -259.26026
      -8.60552     260.01786    -259.86454
      -8.57352     260.63857    -260.46656
      -8.54152     261.37861    -261.17536
      -8.50952     262.27150    -262.04361
      -8.47652     263.27374    -263.03619
      -8.44452     264.38260    -264.10639
      -8.41252     265.77379    -265.40192
      -8.38052     267.46728    -267.03050
      -8.34752     269.14257    -268.74026
      -8.31552     270.51798    -270.20231
      -8.28352     271.63102    -271.36561
      -8.25152     272.75583    -272.47012
      -8.21952     274.03203    -273.72200
      -8.18652     275.30903    -275.01913
      -8.15452     276.49342    -276.22382
      -8.12252     277.70214    -277.42110
      -8.09052     279.02665    -278.71968
      -8.05852     280.44441    -280.11232
      -8.02552     281.86572    -281.53379
      -7.99352     283.13886    -282.84944
      -7.96152     284.23226    -283.97248
      -7.92952     285.35175    -285.04752
      -7.89752     286.72474    -286.29682
      -7.86452     288.50004    -287.88353
      -7.83252     290.74257    -289.94519
      -7.80052     293.32749    -292.45136
      -7.76852     295.96508    -295.13936
      -7.73552     298.30344    -297.63377
      -7.70352     300.12078    -299.63149
      -7.67152     301.52437    -301.14557
      -7.63952     302.78816    -302.44254
      -7.60752     304.05985    -303.72421
      -7.57452     305.29755    -304.99429
      -7.54252     306.39111    -306.13971
      -7.51052     307.37629    -307.14614
      -7.47852     308.42507    -308.17334
      -7.44652     309.62380    -309.33938
      -7.41352     311.00887    -310.67758
      -7.38152     312.62232    -312.24561
      -7.34952     314.25783    -313.91414
      -7.31752     315.59506    -315.34607
      -7.28552     316.75933    -316.54818
      -7.25252     318.03890    -317.82470
      -7.22052     319.19302    -319.03406
      -7.18852     319.91873    -319.82516
      -7.15652     320.47018    -320.36920
      -7.12352     321.15789    -321.02550
      -7.09152     321.89793    -321.76780
      -7.05952     322.61205    -322.47177
      -7.02752     323.50896    -323.30313
      -6.99552     324.77163    -324.48044
      -6.96252     326.35013    -325.99403
      -6.93052     328.12044    -327.72199
      -6.89852     329.93182    -329.53965
      -6.86652     331.52384    -331.21027
      -6.83452     332.74109    -332.52383
      -6.80152     333.61933    -333.46922
      -6.76952     334.25742    -334.13583
      -6.73752     334.86299    -334.72046
      -6.70552     335.66536    -335.46082
      -6.67252     336.76456    -336.47531
      -6.64052     338.12225    -337.76358
      -6.60852     339.56095    -339.19568
      -6.57652     340.84021    -340.53050
      -6.54452     341.89254    -341.63501
      -6.51152     342.93440    -342.66979
      -6.47952     344.18676    -343.88511
      -6.44752     345.66154    -345.33766
      -6.41552     347.31235    -346.95239
      -6.38352     349.32424    -348.80967
      -6.35052     352.03994    -351.18571
      -6.31852     355.37812    -354.01834
      -6.28652     358.83596    -356.93004
      -6.25452     362.05883    -359.83289
      -6.22252     365.06845    -362.77133
      -6.18952     368.03717    -365.74553
      -6.15752     370.94453    -368.80025
      -6.12552     373.60435    -371.80327
      -6.09352     375.87876    -374.50432
      -6.06052     377.79950    -376.76504
      -6.02852     379.59268    -378.62313
      -5.99652     381.54837    -380.38072
      -5.96452     383.82536    -382.44882
      -5.93252     386.34393    -384.87817
      -5.89952     388.80049    -387.39223
      -5.86752     390.95830    -389.81626
      -5.83552     393.02383    -392.11371
      -5.80352     395.51969    -394.50778
      -5.77152     398.68924    -397.46958
      -5.73852     402.20023    -401.05304
      -5.70652     405.51377    -404.61879
      -5.67452     408.47299    -407.56593
      -5.64252     411.43607    -410.17179
      -5.61052     414.47759    -413.05596
      -5.57752     417.10922    -416.00744
      -5.54552     419.18038    -418.49348
      -5.51352     421.07374    -420.61328
      -5.48152     423.11945    -422.72068
      -5.44852     425.42463    -424.97980
      -5.41652     428.02147    -427.42396
      -5.38452     430.85764    -429.94736
      -5.35252     433.83780    -432.47238
      -5.32052     436.96016    -435.09209
      -5.28752     440.10733    -437.79877
      -5.25552     443.01227    -440.49853
      -5.22352     445.81752    -443.26014
      -5.19152     448.96662    -446.49621
      -5.15952     452.30367    -450.38728
      -5.12652     455.05787    -453.98750
      -5.09452     456.88020    -456.29461
      -5.06252     458.49896    -457.71575
      -5.03052     461.26862    -459.68464
      -4.99852     465.67829    -463.27004
      -4.96552     470.26996    -467.83594
      -4.93352     473.34256    -471.66566
      -4.90152     475.06552    -474.08759
      -4.86952     476.51726    -475.75676
      -4.83652     478.01910    -477.29838
      -4.80452     479.36358    -478.77477
      -4.77252     480.62818    -480.11039
      -4.74052     482.06028    -481.31846
      -4.70852     483.72397    -482.53008
      -4.67552     485.55130    -484.06944
      -4.64352     487.38329    -486.05137
      -4.61152     488.94971    -488.04088
      -4.57952     490.16342    -489.62743
      -4.54752     491.30014    -490.93874
      -4.51452     492.57070    -492.21558
      -4.48252     493.97010    -493.50063
      -4.45052     495.49674    -494.89343
      -4.41852     497.09940    -496.48336
      -4.38652     498.58496    -498.07039
      -4.35352     499.83539    -499.40119
      -4.32152     501.05780    -500.60572
      -4.28952     502.47524    -501.96469
      -4.25752     504.01476    -503.48666
      -4.22452     505.51031    -505.00508
      -4.19252     506.92292    -506.40996
      -4.16052     508.31556    -507.69888
      -4.12852     509.75056    -508.97009
      -4.09652     511.22404    -510.38817
      -4.06352     512.65904    -511.92286
      -4.03152     514.12496    -513.45465
      -3.99952     515.85807    -515.12076
      -3.96752     517.88784    -517.02088
      -3.93552     519.93452    -518.97850
      -3.90252     521.76507    -520.75042
      -3.87052     523.43923    -522.33874
      -3.83852     525.12773    -524.01742
      -3.80652     527.00466    -525.87212
      -3.77452     529.33189    -527.86195
      -3.74152     532.47053    -530.36603
      -3.70952     536.55648    -533.94659
      -3.67752     541.02575    -538.55114
      -3.64552     545.05855    -543.29420
      -3.61252     548.46599    -547.22715
      -3.58052     551.60123    -550.30265
      -3.54852     554.70476    -553.22096
      -3.51652     557.79862    -556.44914
      -3.48452     560.86332    -559.84578
      -3.45152     563.94220    -563.16673
      -3.41952     567.20485    -566.51022
      -3.38752     570.58538    -569.88431
      -3.35552     573.72611    -572.88524
      -3.32352     576.27415    -575.18108
      -3.29052     578.04801    -576.79742
      -3.25852     579.27476    -577.97537
      -3.22652     580.39812    -578.98599
      -3.19452     581.65966    -580.01400
      -3.16252     582.90558    -581.17327
      -3.12952     583.84936    -582.39874
      -3.09752     584.57523    -583.42127
      -3.06552     585.42125    -584.17855
      -3.03352     586.54895    -584.94614
      -3.00052     587.94288    -585.96288
      -2.96852     589.58370    -587.26436
      -2.93652     591.39847    -588.82272
      -2.90452     593.09614    -590.60173
      -2.87252     594.30599    -592.41714
      -2.83952     595.02558    -593.87694
      -2.80752     595.62245    -594.77449
      -2.77552     596.37409    -595.37764
      -2.74352     597.33881    -596.04956
      -2.71152     598.49550    -596.92151
      -2.67852     599.69568    -598.01185
      -2.64652     600.80067    -599.23087
      -2.61452     601.87056    -600.38870
      -2.58252     602.95124    -601.45601
      -2.55052     604.00711    -602.50882
      -2.51752     605.06347    -603.54810
      -2.48552     606.19053    -604.58691
      -2.45352     607.45980    -605.68804
      -2.42152     608.86307    -606.92059
      -2.38852     610.24041    -608.30888
      -2.35652     611.37197    -609.74871
      -2.32452     612.12990    -611.02104
      -2.29252     612.56312    -611.93293
      -2.26052     612.82322    -612.46940
      -2.22752     613.04512    -612.77302
      -2.19552     613.34834    -612.99750
      -2.16352     613.85357    -613.26081
      -2.13152     614.61165    -613.67235
      -2.09952     615.59441    -614.30803
      -2.06652     616.75175    -615.18771
      -2.03452     617.94387    -616.31059
      -2.00252     618.96447    -617.57035
      -1.97052     619.80598    -618.69725
      -1.93752     620.63413    -619.56952
      -1.90552     621.41089    -620.36207
      -1.87352     621.95510    -621.13868
      -1.84152     622.32327    -621.73217
      -1.80952     622.81239    -622.12594
      -1.77652     623.66389    -622.56111
      -1.74452     624.78595    -623.31324
      -1.71252     625.84376    -624.40712
      -1.68052     626.67786    -625.54803
      -1.64852     627.38843    -626.48795
      -1.61552     628.06100    -627.25827
      -1.58352     628.67236    -627.95741
      -1.55152     629.16728    -628.59100
      -1.51952     629.55510    -629.11378
      -1.48752     629.97159    -629.53204
      -1.45452     630.55219    -629.97558
      -1.42252     631.22508    -630.56472
      -1.39052     631.79038    -631.22215
      -1.35852     632.23795    -631.77102
      -1.32552     632.76250    -632.19862
      -1.29352     633.49063    -632.66101
      -1.26152     634.32538    -633.29621
      -1.22952     635.06703    -634.09133
      -1.19752     635.65827    -634.87406
      -1.16452     636.22035    -635.52102
      -1.13252     636.86746    -636.10725
      -1.10052     637.54776    -636.75341
      -1.06852     638.16009    -637.42710
      -1.03652     638.75841    -638.02654
      -1.00352     639.44015    -638.59796
      -0.97152     640.12479    -639.26086
      -0.93952     640.63308    -639.97176
      -0.90752     640.91642    -640.53996
      -0.87552     641.08515    -640.86874
      -0.84252     641.33660    -641.05654
      -0.81052     641.98903    -641.33979
      -0.77852     643.35622    -642.10770
      -0.74652     645.31255    -643.60695
      -0.71352     647.26309    -645.43798
      -0.68152     648.81678    -647.01165
      -0.64952     650.06946    -648.29090
      -0.61752     651.23340    -649.58079
      -0.58552     652.49301    -651.06491
      -0.55252     653.92382    -652.70702
      -0.52052     655.33981    -654.32385
      -0.48852     656.50263    -655.68524
      -0.45652     657.39551    -656.66977
      -0.42452     658.22317    -657.34636
      -0.39152     659.16341    -657.93405
      -0.35952     660.16291    -658.62723
      -0.32752     661.02311    -659.44490
      -0.29552     661.63350    -660.28561
      -0.26352     662.06336    -661.01857
      -0.23052     662.42122    -661.57759
      -0.19852     662.77023    -662.00696
      -0.16652     663.17367    -662.38222
      -0.13452     663.67890    -662.75940
      -0.10152     664.23631    -663.19296
      -0.06952     664.77053    -663.70222
      -0.03752     665.30362    -664.21469
      -0.00552     665.82720    -664.68336
       0.02648     666.23453    -665.18328
       0.05948     666.54984    -665.71572
       0.09148     667.02378    -666.13485
       0.12348     667.88783    -666.38437
       0.15548     669.07271    -666.60639
       0.18748     670.27724    -667.03634
       0.22048     671.26805    -667.85063
       0.25248     671.96171    -668.98864
       0.28448     672.41540    -670.16386
       0.31648     672.81417    -671.15531
       0.34848     673.28671    -671.91404
       0.38148     673.81496    -672.47708
       0.41348     674.43116    -672.99616
       0.44548     675.28555    -673.64795
       0.47748     676.41970    -674.48962
       0.51048     677.68446    -675.52826
       0.54248     678.80798    -676.75711
       0.57448     679.54352    -678.00754
       0.60648     679.87580    -678.98369
       0.63848     679.97469    -679.55978
       0.67148     679.99287    -679.84002
       0.70348     679.99476    -679.95506
       0.73548     679.99486    -679.98839
       0.76748     679.99486    -679.99393
       0.79948     679.99486    -679.99440
       0.83248     679.99486    -679.99442
       0.86448     679.99486    -679.99442
       0.89648     679.99486    -679.99442
       0.92848     679.99486    -679.99442
       0.96048     679.99486    -679.99442
       0.99348     679.99486    -679.99442
       1.02548     679.99486    -679.99442
       1.05748     679.99486    -679.99442
       1.08948     679.99486    -679.99442
       1.12248     679.99486    -679.99442
       1.15448     679.99486    -679.99442
       1.18648     679.99486    -679.99442
       1.21848     679.99486    -679.99442
       1.25048     679.99486    -679.99442
       1.28348     679.99486    -679.99442
       1.31548     679.99486    -679.99442
       1.34748     679.99486    -679.99442
       1.37948     679.99488    -679.99442
       1.41148     679.99522    -679.99446
       1.44448     679.99886    -679.99513
       1.47648     680.01878    -680.00108
       1.50848     680.07942    -680.02834
       1.54048     680.19767    -680.09956
       1.57248     680.37231    -680.22394
       1.60548     680.60293    -680.39952
       1.63748     680.92042    -680.63764
       1.66948     681.35768    -680.97901
       1.70148     681.85598    -681.43689
       1.73448     682.32159    -681.92070
       1.76648     682.75837    -682.33912
       1.79848     683.20449    -682.72323
       1.83048     683.65786    -683.13891
       1.86248     684.16583    -683.58181
       1.89548     684.81198    -684.07448
       1.92748     685.60678    -684.72450
       1.95948     686.51336    -685.57180
       1.99148     687.47485    -686.52654
       2.02348     688.47967    -687.46887
       2.05648     689.64474    -688.39767
       2.08848     691.03400    -689.48446
       2.12048     692.48832    -690.84376
       2.15248     693.78143    -692.32450
       2.18548     694.85695    -693.66834
       2.21748     695.82006    -694.78574
       2.24948     696.68138    -695.76430
       2.28148     697.32141    -696.62305
       2.31348     697.75384    -697.26340
       2.34648     698.15793    -697.69632
       2.37848     698.64769    -698.09170
       2.41048     699.21122    -698.57422
       2.44248     699.84562    -699.13647
       2.47448     700.65878    -699.75878
       2.50748     701.73801    -700.52975
       2.53948     702.88568    -701.56275
       2.57148     703.84380    -702.71011
       2.60348     704.66936    -703.68449
       2.63548     705.54325    -704.46866
       2.66848     706.44435    -705.25461
       2.70048     707.25622    -706.11947
       2.73248     708.04829    -706.97032
       2.76448     708.93618    -707.79347
       2.79748     709.90879    -708.67637
       2.82948     711.00896    -709.60550
       2.86148     712.23345    -710.57327
       2.89348     713.37163    -711.64461
       2.92548     714.30913    -712.76571
       2.95848     715.09314    -713.79823
       2.99048     715.72270    -714.68419
       3.02248     716.22809    -715.39525
       3.05448     716.72108    -715.93913
       3.08648     717.28654    -716.45016
       3.11948     717.94413    -717.05347
       3.15148     718.69416    -717.74278
       3.18348     719.56691    -718.49635
       3.21548     720.54693    -719.37394
       3.24748     721.45109    -720.39165
       3.28048     722.08532    -721.35894
       3.31248     722.48506    -722.04568
       3.34448     722.80817    -722.46764
       3.37648     723.13740    -722.79395
       3.40948     723.45931    -723.12316
       3.44148     723.73634    -723.45800
       3.47348     724.00901    -723.81860
       3.50548     724.49615    -724.37536
       3.53748     725.45942    -725.34556
       3.57048     726.78441    -726.61257
       3.60248     728.07092    -727.79391
       3.63448     729.26127    -728.86460
       3.66648     730.47095    -730.05431
       3.69848     731.42504    -731.15254
       3.73148     731.87155    -731.77147
       3.76348     731.99123    -731.96396
       3.79548     732.10147    -732.01993
       3.82748     732.60006    -732.21212
       3.85948     733.95550    -732.93026
       3.89248     736.12490    -734.45464
       3.92448     738.58888    -736.58572
       3.95648     741.18508    -739.05823
       3.98848     743.97342    -741.83449
       4.02148     746.69910    -744.73234
       4.05348     749.02522    -747.42002
       4.08548     750.78087    -749.68187
       4.11748     752.04112    -751.46442
       4.14948     753.13791    -752.89169
       4.18248     754.28091    -754.15178
       4.21448     755.37544    -755.27852
       4.24648     756.34112    -756.25338
       4.27848     757.26541    -757.17381
       4.31048     758.19019    -758.09536
       4.34348     759.07212    -758.97021
       4.37548     759.98192    -759.85263
       4.40748     761.11510    -760.93089
       4.43948     762.60437    -762.35912
       4.47148     764.29126    -764.01943
       4.50448     765.90535    -765.63223
       4.53648     767.39478    -767.12505
       4.56848     768.81625    -768.56004
       4.60048     770.32565    -770.03708
       4.63348     772.24816    -771.75472
       4.66548     774.71262    -773.79867
       4.69748     777.45087    -776.08806
       4.72948     780.29799    -778.56315
       4.76148     783.27798    -781.21088
       4.79448     785.98016    -783.95638
       4.82648     788.04294    -786.48397
       4.85848     789.99702    -788.54724
       4.89048     792.55408    -790.55398
       4.92248     795.67355    -793.07545
       4.95548     798.90269    -796.01389
       4.98748     801.94195    -798.99131
       5.01948     804.65492    -801.91477
       5.05148     807.07332    -804.75996
       5.08348     809.30827    -807.43943
       5.11648     811.42726    -809.94028
       5.14848     813.48087    -812.31503
       5.18048     815.54092    -814.61393
       5.21248     817.75365    -816.93666
       5.24548     820.20120    -819.40321
       5.27748     822.77582    -821.94191
       5.30948     825.40310    -824.37754
       5.34148     828.15278    -826.80463
       5.37348     831.02503    -829.46767
       5.40648     833.87876    -832.32574
       5.43848     836.58979    -835.11618
       5.47048     839.22593    -837.77744
       5.50248     841.99510    -840.53437
       5.53448     844.98734    -843.52693
       5.56748     848.12404    -846.65010
       5.59948     851.22885    -849.74960
       5.63148     854.05793    -852.66839
       5.66348     856.51595    -855.28810
       5.69548     858.87024    -857.73516
       5.72848     861.43842    -860.27033
       5.76048     864.10774    -862.87442
       5.79248     866.55786    -865.29861
       5.82448     868.72549    -867.47784
       5.85748     870.72177    -869.51132
       5.88948     872.66698    -871.50501
       5.92148     874.72768    -873.61660
       5.95348     877.02190    -875.95350
       5.98548     879.50536    -878.45709
       6.01848     882.06613    -881.03413
       6.05048     884.70694    -883.70377
       6.08248     887.49721    -886.49565
       6.11448     890.40022    -889.35630
       6.14648     893.35896    -892.25561
       6.17948     896.33605    -895.18599
       6.21148     899.17931    -898.05760
       6.24348     901.78082    -900.76718
       6.27548     904.27604    -903.32392
       6.30848     906.82103    -905.82945
       6.34048     909.35812    -908.35043
       6.37248     911.75010    -910.84002
       6.40448     913.99697    -913.23554
       6.43648     916.19376    -915.56922
       6.46948     918.42597    -917.91579
       6.50148     920.78011    -920.31872
       6.53348     923.28290    -922.78189
       6.56548     925.87459    -925.28291
       6.59748     928.49479    -927.81662
       6.63048     931.10419    -930.36789
       6.66248     933.63678    -932.86471
       6.69448     936.02521    -935.26652
       6.72648     938.26871    -937.58861
       6.75848     940.43119    -939.83999
       6.79148     942.59125    -942.04692
       6.82348     944.79158    -944.24548
       6.85548     947.03442    -946.44355
       6.88748     949.31415    -948.64678
       6.92048     951.61015    -950.87561
       6.95248     953.88069    -953.13923
       6.98448     956.12193    -955.41751
       7.01648     958.35882    -957.69450
       7.04848     960.60037    -959.99468
       7.08148     962.88831    -962.34318
       7.11348     965.27530    -964.72486
       7.14548     967.74475    -967.12425
       7.17748     970.24175    -969.55359
       7.20948     972.72553    -972.01097
       7.24248     975.16663    -974.45755
       7.27448     977.54460    -976.84244
       7.30648     979.83094    -979.15051
       7.33848     981.96732    -981.38112
       7.37048     983.93879    -983.48578
       7.40348     985.82764    -985.43857
       7.43548     987.72084    -987.30986
       7.46748     989.61677    -989.17568
       7.49948     991.47132    -991.04262
       7.53248     993.28689    -992.90957
       7.56448     995.08023    -994.76717
       7.59648     996.83250    -996.55617
       7.62848     998.54355    -998.25014
       7.66048    1000.24412    -999.86890
       7.69348    1001.92167   -1001.39715
       7.72548    1003.48969   -1002.83246
       7.75748    1004.86542   -1004.22639
       7.78948    1006.05884   -1005.60244
       7.82148    1007.16190   -1006.92824
       7.85448    1008.27140   -1008.18511
       7.88648    1009.42294   -1009.40285
       7.91848    1010.59832   -1010.59642
       7.95048    1011.76629   -1011.72026
       7.98248    1012.85904   -1012.73378
       8.01548    1013.79670   -1013.66049
       8.04748    1014.60939   -1014.55579
       8.07948    1015.40661   -1015.45045
       8.11148    1016.23410   -1016.31950
       8.14448    1017.06241   -1017.11607
       8.17648    1017.85190   -1017.82600
       8.20848    1018.57874   -1018.47956
       8.24048    1019.23858   -1019.13135
       8.27248    1019.84591   -1019.80778
       8.30548    1020.40896   -1020.47680
       8.33748    1020.92353   -1021.07592
       8.36948    1021.39317   -1021.56875
       8.40148    1021.82366   -1021.97654
       8.43348    1022.22163   -1022.34600
       8.46648    1022.60108   -1022.69420
       8.49848    1022.96361   -1023.01248
       8.53048    1023.28234   -1023.29511
       8.56248    1023.52543   -1023.52888
       8.59448    1023.68681   -1023.69499
       8.62748    1023.78951   -1023.80140
       8.65948    1023.86527   -1023.87661
       8.69148    1023.92717   -1023.93250
       8.72348    1023.96913   -1023.96789
       8.75648    1023.98879   -1023.98619
       8.78848    1023.99464   -1023.99340
       8.82048    1023.99566   -1023.99520
       8.85248    1023.99576   -1023.99544
       8.88448    1023.99576   -1023.99546
       8.91748    1023.99576   -1023.99546
       8.94948    1023.99576   -1023.99546
       8.98148    1023.99576   -1023.99546
       9.01348    1023.99576   -1023.99546
       9.04548    1023.99576   -1023.99546
       9.07848    1023.99576   -1023.99546
       9.11048    1023.99576   -1023.99546
       9.14248    1023.99576   -1023.99546
       9.17448    1023.99576   -1023.99546
       9.20648    1023.99576   -1023.99546
       9.23948    1023.99576   -1023.99546
       9.27148    1023.99576   -1023.99546
       9.30348    1023.99576   -1023.99546
       9.33548    1023.99576   -1023.99546
       9.36848    1023.99576   -1023.99546
       9.40048    1023.99576   -1023.99546
       9.43248    1023.99576   -1023.99546
       9.46448    1023.99576   -1023.99546
       9.49648    1023.99576   -1023.99546
       9.52948    1023.99576   -1023.99546
       9.56148    1023.99576   -1023.99546
       9.59348    1023.99576   -1023.99546
       9.62548    1023.99576   -1023.99546
       9.65748    1023.99576   -1023.99546
       9.69048    1023.99576   -1023.99546
       9.72248    1023.99576   -1023.99546
       9.75448    1023.99576   -1023.99546
       9.78648    1023.99576   -1023.99546
       9.81848    1023.99576   -1023.99546
       9.85148    1023.99576   -1023.99546
       9.88348    1023.99576   -1023.99546
       9.91548    1023.99576   -1023.99546
       9.94748    1023.99576   -1023.99546
       9.98048    1023.99576   -1023.99546
      10.01248    1023.99576   -1023.99546
      10.04448    1023.99576   -1023.99546
      10.07648    1023.99576   -1023.99546
      10.10848    1023.99576   -1023.99546
      10.14148    1023.99576   -1023.99546
      10.17348    1023.99576   -1023.99546
