      #Energy        TDOS-UP        TDOS-DOWN
     -22.02299       0.00000       0.00000
     -21.99099       0.00000       0.00000
     -21.95899       0.00000       0.00000
     -21.92699       0.00000       0.00000
     -21.89399       0.00000       0.00000
     -21.86199       0.00000       0.00000
     -21.82999       0.00000       0.00000
     -21.79799       0.00000       0.00000
     -21.76499       0.00000       0.00000
     -21.73299       0.00000       0.00000
     -21.70099       0.00000       0.00000
     -21.66899       0.00000       0.00000
     -21.63599       0.00000       0.00000
     -21.60399       0.00000       0.00000
     -21.57199       0.00000       0.00000
     -21.53999       0.00000       0.00000
     -21.50699       0.00000       0.00000
     -21.47499       0.00000       0.00000
     -21.44299       0.00000       0.00000
     -21.41099       0.00000       0.00000
     -21.37799       0.00000       0.00000
     -21.34599       0.00000       0.00000
     -21.31399       0.00000       0.00000
     -21.28199       0.00000       0.00000
     -21.24899       0.00000       0.00000
     -21.21699       0.00000       0.00000
     -21.18499       0.00000       0.00000
     -21.15299       0.00000       0.00000
     -21.11999       0.00000       0.00000
     -21.08799       0.00000       0.00000
     -21.05599       0.00000       0.00000
     -21.02399       0.00000       0.00000
     -20.99099       0.00000       0.00000
     -20.95899       0.00000       0.00000
     -20.92699       0.00000       0.00000
     -20.89499       0.00000       0.00000
     -20.86199       0.00000       0.00000
     -20.82999       0.00000      -0.00000
     -20.79799       0.00000      -0.00000
     -20.76599       0.00000      -0.00000
     -20.73299       0.00005      -0.00005
     -20.70099       0.00346      -0.00346
     -20.66899       0.11080      -0.11080
     -20.63699       1.60000      -1.60000
     -20.60399      10.50000     -10.50000
     -20.57199      31.53000     -31.53000
     -20.53999      43.49000     -43.49000
     -20.50799      27.61000     -27.61000
     -20.47499       8.04600      -8.04600
     -20.44299       1.07200      -1.07200
     -20.41099       0.06478      -0.06478
     -20.37899       0.00177      -0.00177
     -20.34599       0.00002      -0.00002
     -20.31399       0.00000      -0.00000
     -20.28199       0.00000      -0.00000
     -20.24999       0.00000      -0.00000
     -20.21699       0.00000       0.00000
     -20.18499       0.00000       0.00000
     -20.15299       0.00000       0.00000
     -20.12099       0.00000       0.00000
     -20.08799       0.00000       0.00000
     -20.05599       0.00000       0.00000
     -20.02399       0.00000       0.00000
     -19.99199       0.00000       0.00000
     -19.95899       0.00000       0.00000
     -19.92699       0.00000       0.00000
     -19.89499       0.00000       0.00000
     -19.86299       0.00000       0.00000
     -19.82999       0.00000       0.00000
     -19.79799       0.00000       0.00000
     -19.76599       0.00000       0.00000
     -19.73399       0.00000       0.00000
     -19.70099       0.00000       0.00000
     -19.66899       0.00000       0.00000
     -19.63699       0.00000       0.00000
     -19.60499       0.00000       0.00000
     -19.57199       0.00000       0.00000
     -19.53999       0.00000       0.00000
     -19.50799       0.00000       0.00000
     -19.47599       0.00000       0.00000
     -19.44299       0.00000       0.00000
     -19.41099       0.00000       0.00000
     -19.37899       0.00000       0.00000
     -19.34699       0.00000       0.00000
     -19.31399       0.00000       0.00000
     -19.28199       0.00000       0.00000
     -19.24999       0.00000       0.00000
     -19.21799       0.00000       0.00000
     -19.18599       0.00000       0.00000
     -19.15299       0.00000       0.00000
     -19.12099       0.00000       0.00000
     -19.08899       0.00000       0.00000
     -19.05699       0.00000       0.00000
     -19.02399       0.00000       0.00000
     -18.99199       0.00000       0.00000
     -18.95999       0.00000       0.00000
     -18.92799       0.00000       0.00000
     -18.89499       0.00000       0.00000
     -18.86299       0.00000       0.00000
     -18.83099       0.00000       0.00000
     -18.79899       0.00000       0.00000
     -18.76599       0.00000       0.00000
     -18.73399       0.00000       0.00000
     -18.70199       0.00000      -0.00000
     -18.66999       0.00000      -0.00000
     -18.63699       0.00000      -0.00000
     -18.60499       0.00001      -0.00001
     -18.57299       0.00046      -0.00046
     -18.54099       0.01878      -0.01878
     -18.50799       0.36240      -0.36240
     -18.47599       3.44400      -3.44400
     -18.44399      16.75000     -16.75000
     -18.41199      43.80000     -43.80000
     -18.37899      65.73000     -65.73000
     -18.34699      64.61000     -64.61000
     -18.31499      55.44000     -55.44000
     -18.28299      51.09000     -51.09000
     -18.24999      43.83000     -43.83000
     -18.21799      32.17000     -32.17000
     -18.18599      25.55000     -25.55000
     -18.15399      30.80000     -30.80000
     -18.12099      42.60000     -42.60000
     -18.08899      47.56000     -47.56000
     -18.05699      38.96000     -38.96000
     -18.02499      27.40000     -27.40000
     -17.99199      18.28000     -18.28000
     -17.95999      12.07000     -12.07000
     -17.92799      17.82000     -17.82000
     -17.89599      35.32000     -35.32000
     -17.86299      39.72000     -39.72000
     -17.83099      22.87000     -22.87000
     -17.79899       6.84500      -6.84500
     -17.76699       1.07700      -1.07700
     -17.73399       0.13140      -0.13140
     -17.70199       0.71970      -0.71970
     -17.66999       5.60900      -5.60900
     -17.63799      22.78000     -22.78000
     -17.60499      53.70000     -53.70000
     -17.57299      81.17000     -81.17000
     -17.54099      79.46000     -79.46000
     -17.50899      48.68000     -48.68000
     -17.47599      20.86000     -20.86000
     -17.44399      13.37000     -13.37000
     -17.41199      21.71000     -21.71000
     -17.37999      36.83000     -36.83000
     -17.34699      42.92000     -42.92000
     -17.31499      34.55000     -34.55000
     -17.28299      26.03000     -26.03000
     -17.25099      27.18000     -27.18000
     -17.21799      34.41000     -34.41000
     -17.18599      33.11000     -33.11000
     -17.15399      22.08000     -22.08000
     -17.12199      10.74000     -10.74000
     -17.08899       3.49700      -3.49700
     -17.05699       0.65610      -0.65610
     -17.02499       0.06407      -0.06407
     -16.99299       0.00308      -0.00308
     -16.95999       0.00007      -0.00007
     -16.92799       0.00000      -0.00000
     -16.89599       0.00000      -0.00000
     -16.86399       0.00000      -0.00000
     -16.83099       0.00000      -0.00000
     -16.79899       0.00003      -0.00003
     -16.76699       0.00160      -0.00160
     -16.73499       0.04570      -0.04570
     -16.70199       0.59730      -0.59730
     -16.66999       3.62800      -3.62800
     -16.63799      10.57000     -10.57000
     -16.60599      15.95000     -15.95000
     -16.57299      15.12000     -15.12000
     -16.54099      12.56000     -12.56000
     -16.50899      12.95000     -12.95000
     -16.47699      17.66000     -17.66000
     -16.44399      21.24000     -21.24000
     -16.41199      18.22000     -18.22000
     -16.37999      12.31000     -12.31000
     -16.34799      10.76000     -10.76000
     -16.31499      14.86000     -14.86000
     -16.28299      19.60000     -19.60000
     -16.25099      23.35000     -23.35000
     -16.21899      25.48000     -25.48000
     -16.18599      24.04000     -24.04000
     -16.15399      21.92000     -21.92000
     -16.12199      18.06000     -18.06000
     -16.08999      13.29000     -13.29000
     -16.05699      17.58000     -17.58000
     -16.02499      30.02000     -30.02000
     -15.99299      36.13000     -36.13000
     -15.96099      34.47000     -34.47000
     -15.92799      32.26000     -32.26000
     -15.89599      24.44000     -24.44000
     -15.86399      18.96000     -18.96000
     -15.83199      31.44000     -31.44000
     -15.79899      46.45000     -46.45000
     -15.76699      41.80000     -41.80000
     -15.73499      26.91000     -26.91000
     -15.70299      17.94000     -17.94000
     -15.66999      19.02000     -19.02000
     -15.63799      24.63000     -24.63000
     -15.60599      24.34000     -24.34000
     -15.57399      20.09000     -20.09000
     -15.54099      22.26000     -22.26000
     -15.50899      29.42000     -29.42000
     -15.47699      33.82000     -33.82000
     -15.44499      33.82000     -33.82000
     -15.41199      30.86000     -30.86000
     -15.37999      29.43000     -29.43000
     -15.34799      34.17000     -34.17000
     -15.31599      37.11000     -37.11000
     -15.28299      31.72000     -31.72000
     -15.25099      22.77000     -22.77000
     -15.21899      19.00000     -19.00000
     -15.18699      21.80000     -21.80000
     -15.15399      20.83000     -20.83000
     -15.12199      13.69000     -13.69000
     -15.08999      11.03000     -11.03000
     -15.05799      20.66000     -20.66000
     -15.02499      44.82000     -44.82000
     -14.99299      67.76000     -67.76000
     -14.96099      64.20000     -64.20000
     -14.92899      48.96000     -48.96000
     -14.89599      45.59000     -45.59000
     -14.86399      41.62000     -41.62000
     -14.83199      29.29000     -29.29000
     -14.79999      23.07000     -23.07000
     -14.76699      32.40000     -32.40000
     -14.73499      49.16000     -49.16000
     -14.70299      55.23000     -55.23000
     -14.67099      49.97000     -49.97000
     -14.63799      41.25000     -41.25000
     -14.60599      32.51000     -32.51000
     -14.57399      26.35000     -26.35000
     -14.54199      20.86000     -20.86000
     -14.50899      14.49000     -14.49000
     -14.47699      12.26000     -12.26000
     -14.44499      16.20000     -16.20000
     -14.41299      22.43000     -22.43000
     -14.37999      30.15000     -30.15000
     -14.34799      37.52000     -37.52000
     -14.31599      41.84000     -41.84000
     -14.28399      44.68000     -44.68000
     -14.25099      43.24000     -43.24000
     -14.21899      35.72000     -35.72000
     -14.18699      27.13000     -27.13000
     -14.15499      18.48000     -18.48000
     -14.12199      13.59000     -13.59000
     -14.08999      20.11000     -20.11000
     -14.05799      33.26000     -33.26000
     -14.02599      39.87000     -39.87000
     -13.99299      37.92000     -37.92000
     -13.96099      35.02000     -35.02000
     -13.92899      38.03000     -38.03000
     -13.89699      42.16000     -42.16000
     -13.86399      38.71000     -38.71000
     -13.83199      31.40000     -31.40000
     -13.79999      26.37000     -26.37000
     -13.76799      22.38000     -22.38000
     -13.73499      16.80000     -16.80000
     -13.70299      11.13000     -11.13000
     -13.67099       6.36400      -6.36400
     -13.63899       2.64100      -2.64100
     -13.60599       0.65370      -0.65370
     -13.57399       0.09085      -0.09085
     -13.54199       0.14210      -0.14210
     -13.50999       1.41700      -1.41700
     -13.47699       7.16900      -7.16900
     -13.44499      18.35000     -18.35000
     -13.41299      25.96000     -25.96000
     -13.38099      24.75000     -24.75000
     -13.34799      19.49000     -19.49000
     -13.31599      13.22000     -13.22000
     -13.28399       7.89800      -7.89800
     -13.25199       3.96500      -3.96500
     -13.21899       1.54300      -1.54300
     -13.18699       1.99000      -1.99000
     -13.15499       8.56000      -8.56000
     -13.12299      20.99000     -20.99000
     -13.08999      28.26000     -28.26000
     -13.05799      28.34000     -28.34000
     -13.02599      31.15000     -31.15000
     -12.99399      33.93000     -33.93000
     -12.96099      33.58000     -33.58000
     -12.92899      32.49000     -32.49000
     -12.89699      28.66000     -28.66000
     -12.86499      24.19000     -24.19000
     -12.83199      21.47000     -21.47000
     -12.79999      22.60000     -22.60000
     -12.76799      32.07000     -32.07000
     -12.73599      42.01000     -42.01000
     -12.70299      43.32000     -43.32000
     -12.67099      37.97000     -37.97000
     -12.63899      26.76000     -26.76000
     -12.60699      17.35000     -17.35000
     -12.57399      18.12000     -18.12000
     -12.54199      23.58000     -23.58000
     -12.50999      23.52000     -23.52000
     -12.47799      19.50000     -19.50000
     -12.44499      20.55000     -20.55000
     -12.41299      28.13000     -28.13000
     -12.38099      35.06000     -35.06000
     -12.34899      36.47000     -36.47000
     -12.31599      34.76000     -34.76000
     -12.28399      35.16000     -35.16000
     -12.25199      36.42000     -36.42000
     -12.21999      34.02000     -34.02000
     -12.18699      29.89000     -29.89000
     -12.15499      31.98000     -31.98000
     -12.12299      38.63000     -38.63000
     -12.09099      38.38000     -38.38000
     -12.05799      27.73000     -27.73000
     -12.02599      18.01000     -18.01000
     -11.99399      19.55000     -19.55000
     -11.96199      29.72000     -29.72000
     -11.92899      37.53000     -37.53000
     -11.89699      36.25000     -36.25000
     -11.86499      29.32000     -29.32000
     -11.83299      24.08000     -24.08000
     -11.79999      21.98000     -21.98000
     -11.76799      19.90000     -19.90000
     -11.73599      20.50000     -20.50000
     -11.70399      22.45000     -22.45000
     -11.67099      19.40000     -19.40000
     -11.63899      12.49000     -12.49000
     -11.60699       7.78900      -7.78900
     -11.57499       8.34500      -8.34500
     -11.54199      12.30000     -12.30000
     -11.50999      15.11000     -15.11000
     -11.47799      15.44000     -15.44000
     -11.44599      13.09000     -13.09000
     -11.41299      10.36000     -10.36000
     -11.38099      13.41000     -13.41000
     -11.34899      23.95000     -23.95000
     -11.31699      34.84000     -34.84000
     -11.28399      36.81000     -36.81000
     -11.25199      31.64000     -31.64000
     -11.21999      25.37000     -25.37000
     -11.18799      20.76000     -20.76000
     -11.15499      23.34000     -23.34000
     -11.12299      28.90000     -28.90000
     -11.09099      28.42000     -28.42000
     -11.05899      27.40000     -27.40000
     -11.02599      30.88000     -30.88000
     -10.99399      34.22000     -34.22000
     -10.96199      33.81000     -33.81000
     -10.92999      30.89000     -30.89000
     -10.89799      28.06000     -28.06000
     -10.86499      28.10000     -28.10000
     -10.83299      31.51000     -31.51000
     -10.80099      31.39000     -31.39000
     -10.76899      28.81000     -28.81000
     -10.73599      32.88000     -32.88000
     -10.70399      38.35000     -38.35000
     -10.67199      41.95000     -41.95000
     -10.63999      41.60000     -41.60000
     -10.60699      34.65000     -34.65000
     -10.57499      32.86000     -32.86000
     -10.54299      35.87000     -35.87000
     -10.51099      31.11000     -31.11000
     -10.47799      25.29000     -25.29000
     -10.44599      25.52000     -25.52000
     -10.41399      24.46000     -24.46000
     -10.38199      23.36000     -23.36000
     -10.34899      22.64000     -22.64000
     -10.31699      16.45000     -16.45000
     -10.28499      11.37000     -11.37000
     -10.25299      15.09000     -15.09000
     -10.21999      22.78000     -22.78000
     -10.18799      26.45000     -26.45000
     -10.15599      29.51000     -29.51000
     -10.12399      34.15000     -34.15000
     -10.09099      34.77000     -34.77000
     -10.05899      35.27000     -35.27000
     -10.02699      37.21000     -37.21000
      -9.99499      30.50000     -30.50000
      -9.96199      17.07000     -17.07000
      -9.92999       8.41000      -8.41000
      -9.89799       7.68900      -7.68900
      -9.86599      15.55000     -15.55000
      -9.83299      32.94000     -32.94000
      -9.80099      50.37000     -50.37000
      -9.76899      50.05000     -50.05000
      -9.73699      33.94000     -33.94000
      -9.70399      21.15000     -21.15000
      -9.67199      18.62000     -18.62000
      -9.63999      26.21000     -26.21000
      -9.60799      41.16000     -41.16000
      -9.57499      50.09000     -50.09000
      -9.54299      45.58000     -45.58000
      -9.51099      35.47000     -35.47000
      -9.47899      29.49000     -29.49000
      -9.44599      33.40000     -33.40000
      -9.41399      40.43000     -40.43000
      -9.38199      42.06000     -42.06000
      -9.34999      42.19000     -42.19000
      -9.31699      44.03000     -44.03000
      -9.28499      41.94000     -41.94000
      -9.25299      36.15000     -36.15000
      -9.22099      30.38000     -30.38000
      -9.18799      27.14000     -27.14000
      -9.15599      32.99000     -32.99000
      -9.12399      48.53000     -48.53000
      -9.09199      59.74000     -59.74000
      -9.05899      53.07000     -53.07000
      -9.02699      36.41000     -36.41000
      -8.99499      21.69000     -21.69000
      -8.96299      10.18000     -10.18000
      -8.92999       4.88400      -4.88400
      -8.89799       6.62800      -6.62800
      -8.86599      13.91000     -13.91000
      -8.83399      20.82000     -20.82000
      -8.80099      21.02000     -21.02000
      -8.76899      19.01000     -19.01000
      -8.73699      17.15000     -17.15000
      -8.70499      14.11000     -14.11000
      -8.67199      15.12000     -15.12000
      -8.63999      21.82000     -21.82000
      -8.60799      31.13000     -31.13000
      -8.57599      37.99000     -37.99000
      -8.54299      40.92000     -40.92000
      -8.51099      42.48000     -42.48000
      -8.47899      40.84000     -40.84000
      -8.44699      39.37000     -39.37000
      -8.41399      41.26000     -41.26000
      -8.38199      40.92000     -40.92000
      -8.34999      38.70000     -38.70000
      -8.31799      39.10000     -39.10000
      -8.28499      39.59000     -39.59000
      -8.25299      37.88000     -37.88000
      -8.22099      37.74000     -37.74000
      -8.18899      42.34000     -42.34000
      -8.15599      47.24000     -47.24000
      -8.12399      49.38000     -49.38000
      -8.09199      42.90000     -42.90000
      -8.05999      31.26000     -31.26000
      -8.02699      30.82000     -30.82000
      -7.99499      40.64000     -40.64000
      -7.96299      51.98000     -51.98000
      -7.93099      63.64000     -63.64000
      -7.89799      72.59000     -72.59000
      -7.86599      74.37000     -74.37000
      -7.83399      69.58000     -69.58000
      -7.80199      59.63000     -59.63000
      -7.76899      49.44000     -49.44000
      -7.73699      49.78000     -49.78000
      -7.70499      50.88000     -50.88000
      -7.67299      41.28000     -41.28000
      -7.63999      29.96000     -29.96000
      -7.60799      27.05000     -27.05000
      -7.57599      32.40000     -32.40000
      -7.54399      36.92000     -36.92000
      -7.51099      41.87000     -41.87000
      -7.47899      49.19000     -49.19000
      -7.44699      50.12000     -50.12000
      -7.41499      40.48000     -40.48000
      -7.38199      30.54000     -30.54000
      -7.34999      35.96000     -35.96000
      -7.31799      43.01000     -43.01000
      -7.28599      34.40000     -34.40000
      -7.25299      27.49000     -27.49000
      -7.22099      27.28000     -27.28000
      -7.18899      23.18000     -23.18000
      -7.15699      22.01000     -22.01000
      -7.12399      29.81000     -29.81000
      -7.09199      40.71000     -40.71000
      -7.05999      48.47000     -48.47000
      -7.02799      47.40000     -47.40000
      -6.99499      32.01000     -32.01000
      -6.96299      14.13000     -14.13000
      -6.93099      11.85000     -11.85000
      -6.89899      30.37000     -30.37000
      -6.86599      54.48000     -54.48000
      -6.83399      56.36000     -56.36000
      -6.80199      38.73000     -38.73000
      -6.76999      27.35000     -27.35000
      -6.73699      29.91000     -29.91000
      -6.70499      38.16000     -38.16000
      -6.67299      42.99000     -42.99000
      -6.64099      43.98000     -43.98000
      -6.60799      46.53000     -46.53000
      -6.57599      49.12000     -49.12000
      -6.54399      48.07000     -48.07000
      -6.51199      43.06000     -43.06000
      -6.47899      46.96000     -46.96000
      -6.44699      68.72000     -68.72000
      -6.41499      90.16000     -90.16000
      -6.38299      99.62000     -99.62000
      -6.34999      98.75000     -98.75000
      -6.31799      91.66000     -91.66000
      -6.28599      88.71000     -88.71000
      -6.25399      88.74000     -88.74000
      -6.22099      81.89000     -81.89000
      -6.18899      66.08000     -66.08000
      -6.15699      55.83000     -55.83000
      -6.12499      60.13000     -60.13000
      -6.09199      67.93000     -67.93000
      -6.05999      70.67000     -70.67000
      -6.02799      76.31000     -76.31000
      -5.99599      81.45000     -81.45000
      -5.96299      72.48000     -72.48000
      -5.93099      67.00000     -67.00000
      -5.89899      83.11000     -83.11000
      -5.86699     102.90000    -102.90000
      -5.83399     107.00000    -107.00000
      -5.80199      97.97000     -97.97000
      -5.76999      93.43000     -93.43000
      -5.73799      95.75000     -95.75000
      -5.70499      90.23000     -90.23000
      -5.67299      79.48000     -79.48000
      -5.64099      71.20000     -71.20000
      -5.60899      71.52000     -71.52000
      -5.57599      80.28000     -80.28000
      -5.54399      86.86000     -86.86000
      -5.51199      82.65000     -82.65000
      -5.47999      72.08000     -72.08000
      -5.44699      72.77000     -72.77000
      -5.41499      87.54000     -87.54000
      -5.38299      93.45000     -93.45000
      -5.35099      86.06000     -86.06000
      -5.31799      97.67000     -97.67000
      -5.28599     126.10000    -126.10000
      -5.25399     122.80000    -122.80000
      -5.22199      80.08000     -80.08000
      -5.18899      44.73000     -44.73000
      -5.15699      56.70000     -56.70000
      -5.12499     110.20000    -110.20000
      -5.09299     148.50000    -148.50000
      -5.05999     123.40000    -123.40000
      -5.02799      69.03000     -69.03000
      -4.99599      41.32000     -41.32000
      -4.96399      44.24000     -44.24000
      -4.93099      49.65000     -49.65000
      -4.89899      43.60000     -43.60000
      -4.86699      35.33000     -35.33000
      -4.83499      34.45000     -34.45000
      -4.80199      44.53000     -44.53000
      -4.76999      58.70000     -58.70000
      -4.73799      64.56000     -64.56000
      -4.70599      58.21000     -58.21000
      -4.67299      48.36000     -48.36000
      -4.64099      42.37000     -42.37000
      -4.60899      38.22000     -38.22000
      -4.57699      39.67000     -39.67000
      -4.54399      48.03000     -48.03000
      -4.51199      53.69000     -53.69000
      -4.47999      45.37000     -45.37000
      -4.44799      36.76000     -36.76000
      -4.41499      42.52000     -42.52000
      -4.38299      49.86000     -49.86000
      -4.35099      53.90000     -53.90000
      -4.31899      60.68000     -60.68000
      -4.28599      61.72000     -61.72000
      -4.25399      49.47000     -49.47000
      -4.22199      38.22000     -38.22000
      -4.18999      35.16000     -35.16000
      -4.15699      42.24000     -42.24000
      -4.12499      61.99000     -61.99000
      -4.09299      71.23000     -71.23000
      -4.06099      56.94000     -56.94000
      -4.02799      38.64000     -38.64000
      -3.99599      34.34000     -34.34000
      -3.96399      44.70000     -44.70000
      -3.93199      63.27000     -63.27000
      -3.89899      84.28000     -84.28000
      -3.86699     101.40000    -101.40000
      -3.83499     119.50000    -119.50000
      -3.80299     138.80000    -138.80000
      -3.76999     136.30000    -136.30000
      -3.73799     109.40000    -109.40000
      -3.70599      82.98000     -82.98000
      -3.67399      64.31000     -64.31000
      -3.64099      63.74000     -63.74000
      -3.60899      83.69000     -83.69000
      -3.57699      98.44000     -98.44000
      -3.54499     112.20000    -112.20000
      -3.51199     128.50000    -128.50000
      -3.47999     119.20000    -119.20000
      -3.44799      95.57000     -95.57000
      -3.41599      70.66000     -70.66000
      -3.38299      45.20000     -45.20000
      -3.35099      37.60000     -37.60000
      -3.31899      40.52000     -40.52000
      -3.28699      31.17000     -31.17000
      -3.25399      18.71000     -18.71000
      -3.22199      22.45000     -22.45000
      -3.18999      34.80000     -34.80000
      -3.15799      38.12000     -38.12000
      -3.12499      32.59000     -32.59000
      -3.09299      30.35000     -30.35000
      -3.06099      37.05000     -37.05000
      -3.02899      47.04000     -47.04000
      -2.99599      48.71000     -48.71000
      -2.96399      41.10000     -41.10000
      -2.93199      34.04000     -34.04000
      -2.89999      26.75000     -26.75000
      -2.86699      24.70000     -24.70000
      -2.83499      31.92000     -31.92000
      -2.80299      32.94000     -32.94000
      -2.77099      25.41000     -25.41000
      -2.73799      25.32000     -25.32000
      -2.70599      32.97000     -32.97000
      -2.67399      35.30000     -35.30000
      -2.64199      33.67000     -33.67000
      -2.60999      36.60000     -36.60000
      -2.57699      39.68000     -39.68000
      -2.54499      40.16000     -40.16000
      -2.51299      42.44000     -42.44000
      -2.48099      42.69000     -42.69000
      -2.44799      33.86000     -33.86000
      -2.41599      25.89000     -25.89000
      -2.38399      24.38000     -24.38000
      -2.35199      20.20000     -20.20000
      -2.31899      12.66000     -12.66000
      -2.28699       8.76300      -8.76300
      -2.25499       9.78000      -9.78000
      -2.22299      14.68000     -14.68000
      -2.18999      23.77000     -23.77000
      -2.15799      32.81000     -32.81000
      -2.12599      36.76000     -36.76000
      -2.09399      37.64000     -37.64000
      -2.06099      33.08000     -33.08000
      -2.02899      20.14000     -20.14000
      -1.99699       9.06500      -9.06500
      -1.96499       8.82100      -8.82100
      -1.93199      16.66000     -16.66000
      -1.89999      20.81000     -20.81000
      -1.86799      16.47000     -16.47000
      -1.83599      14.85000     -14.85000
      -1.80299      22.07000     -22.07000
      -1.77099      29.80000     -29.80000
      -1.73899      31.03000     -31.03000
      -1.70699      27.72000     -27.72000
      -1.67399      21.74000     -21.74000
      -1.64199      16.27000     -16.27000
      -1.60999      15.54000     -15.54000
      -1.57799      17.93000     -17.93000
      -1.54499      18.05000     -18.05000
      -1.51299      15.86000     -15.86000
      -1.48099      13.95000     -13.95000
      -1.44899      16.98000     -16.98000
      -1.41599      25.41000     -25.41000
      -1.38399      29.48000     -29.48000
      -1.35199      25.35000     -25.35000
      -1.31999      21.63000     -21.63000
      -1.28699      19.91000     -19.91000
      -1.25499      16.52000     -16.52000
      -1.22299      14.48000     -14.48000
      -1.19099      14.45000     -14.45000
      -1.15799      16.12000     -16.12000
      -1.12599      18.29000     -18.29000
      -1.09399      18.65000     -18.65000
      -1.06199      17.18000     -17.18000
      -1.02899      14.85000     -14.85000
      -0.99699      13.36000     -13.36000
      -0.96499      11.35000     -11.35000
      -0.93299      10.62000     -10.62000
      -0.89999      17.62000     -17.62000
      -0.86799      31.90000     -31.90000
      -0.83599      45.79000     -45.79000
      -0.80399      66.44000     -66.44000
      -0.77099      90.99000     -90.99000
      -0.73899      88.19000     -88.19000
      -0.70699      61.05000     -61.05000
      -0.67499      42.03000     -42.03000
      -0.64199      41.18000     -41.18000
      -0.60999      46.04000     -46.04000
      -0.57799      43.41000     -43.41000
      -0.54599      35.81000     -35.81000
      -0.51299      27.33000     -27.33000
      -0.48099      18.41000     -18.41000
      -0.44899      13.53000     -13.53000
      -0.41699      13.29000     -13.29000
      -0.38399      15.85000     -15.85000
      -0.35199      18.19000     -18.19000
      -0.31999      16.12000     -16.12000
      -0.28799      12.44000     -12.44000
      -0.25499      10.42000     -10.42000
      -0.22299       8.77000      -8.77000
      -0.19099       8.10500      -8.10500
      -0.15899       9.55100      -9.55100
      -0.12599      13.07000     -13.07000
      -0.09399      18.38000     -18.38000
      -0.06199      20.88000     -20.88000
      -0.02999      18.54000     -18.54000
       0.00301      18.48000     -18.48000
       0.03501      23.82000     -23.82000
       0.06701      29.32000     -29.32000
       0.09901      30.71000     -30.71000
       0.13201      29.92000     -29.92000
       0.16401      28.41000     -28.41000
       0.19601      25.13000     -25.13000
       0.22801      22.99000     -22.99000
       0.26101      24.83000     -24.83000
       0.29301      25.57000     -25.57000
       0.32501      21.77000     -21.77000
       0.35701      16.75000     -16.75000
       0.39001      15.29000     -15.29000
       0.42201      19.35000     -19.35000
       0.45401      25.68000     -25.68000
       0.48601      27.41000     -27.41000
       0.51901      26.67000     -26.67000
       0.55101      22.98000     -22.98000
       0.58301      12.15000     -12.15000
       0.61501       3.25200      -3.25200
       0.64801       0.42070      -0.42070
       0.68001       0.02602      -0.02602
       0.71201       0.00076      -0.00076
       0.74401       0.00001      -0.00001
       0.77701       0.00000      -0.00000
       0.80901       0.00000      -0.00000
       0.84101       0.00000      -0.00000
       0.87301       0.00000       0.00000
       0.90601       0.00000       0.00000
       0.93801       0.00000       0.00000
       0.97001       0.00000       0.00000
       1.00201       0.00000       0.00000
       1.03501       0.00000       0.00000
       1.06701       0.00000       0.00000
       1.09901       0.00000       0.00000
       1.13101       0.00000       0.00000
       1.16401       0.00000      -0.00000
       1.19601       0.00000      -0.00000
       1.22801       0.00000      -0.00000
       1.26001       0.00000      -0.00000
       1.29301       0.00015      -0.00015
       1.32501       0.00496      -0.00496
       1.35701       0.07374      -0.07374
       1.38901       0.51940      -0.51940
       1.42201       1.81900      -1.81900
       1.45401       3.63800      -3.63800
       1.48601       6.02400      -6.02400
       1.51801      11.12000     -11.12000
       1.55101      16.90000     -16.90000
       1.58301      16.80000     -16.80000
       1.61501      11.93000     -11.93000
       1.64701       7.67300      -7.67300
       1.68001       7.14000      -7.14000
       1.71201      11.25000     -11.25000
       1.74401      14.43000     -14.43000
       1.77601      13.94000     -13.94000
       1.80901      17.66000     -17.66000
       1.84101      28.04000     -28.04000
       1.87301      35.47000     -35.47000
       1.90501      34.58000     -34.58000
       1.93801      32.05000     -32.05000
       1.97001      30.18000     -30.18000
       2.00201      29.65000     -29.65000
       2.03401      33.59000     -33.59000
       2.06701      38.07000     -38.07000
       2.09901      37.41000     -37.41000
       2.13101      32.20000     -32.20000
       2.16301      27.04000     -27.04000
       2.19601      20.99000     -20.99000
       2.22801      14.90000     -14.90000
       2.26001      11.46000     -11.46000
       2.29201      12.32000     -12.32000
       2.32501      20.15000     -20.15000
       2.35701      28.99000     -28.99000
       2.38901      30.59000     -30.59000
       2.42101      27.41000     -27.41000
       2.45401      25.55000     -25.55000
       2.48601      28.14000     -28.14000
       2.51801      30.37000     -30.37000
       2.55001      28.58000     -28.58000
       2.58301      28.22000     -28.22000
       2.61501      27.39000     -27.39000
       2.64701      23.22000     -23.22000
       2.67901      22.02000     -22.02000
       2.71201      24.96000     -24.96000
       2.74401      30.25000     -30.25000
       2.77601      36.14000     -36.14000
       2.80801      37.52000     -37.52000
       2.84101      29.88000     -29.88000
       2.87301      19.82000     -19.82000
       2.90501      19.79000     -19.79000
       2.93701      24.53000     -24.53000
       2.97001      24.13000     -24.13000
       3.00201      19.07000     -19.07000
       3.03401      14.44000     -14.44000
       3.06601      14.27000     -14.27000
       3.09901      16.51000     -16.51000
       3.13101      15.91000     -15.91000
       3.16301      13.66000     -13.66000
       3.19501      14.42000     -14.42000
       3.22801      18.73000     -18.73000
       3.26001      21.38000     -21.38000
       3.29201      16.39000     -16.39000
       3.32401       8.12000      -8.12000
       3.35701       3.43100      -3.43100
       3.38901       7.77900      -7.77800
       3.42101      28.16000     -28.16000
       3.45301      54.45000     -54.45000
       3.48601      56.89000     -56.89000
       3.51801      40.06000     -40.06000
       3.55001      33.00000     -33.01000
       3.58201      32.80000     -32.80000
       3.61501      26.59000     -26.59000
       3.64701      17.11000     -17.11000
       3.67901       9.25200      -9.25100
       3.71101       8.93100      -8.92900
       3.74401      25.24000     -25.23000
       3.77601      53.13000     -53.13000
       3.80801      68.23000     -68.23000
       3.84001      66.90000     -66.90000
       3.87301      58.73000     -58.72000
       3.90501      55.02000     -55.02000
       3.93701      63.93000     -63.94000
       3.96901      76.47000     -76.48000
       4.00201      79.52000     -79.52000
       4.03401      71.04000     -71.03000
       4.06601      56.04000     -56.03000
       4.09801      37.65000     -37.65000
       4.13101      19.59000     -19.60000
       4.16301       9.52800      -9.53500
       4.19501      12.36000     -12.37000
       4.22701      23.84000     -23.84000
       4.26001      34.61000     -34.59000
       4.29201      38.85000     -38.84000
       4.32401      40.02000     -40.04000
       4.35601      40.25000     -40.27000
       4.38901      41.67000     -41.67000
       4.42101      49.51000     -49.50000
       4.45301      56.86000     -56.85000
       4.48501      57.49000     -57.51000
       4.51801      59.68000     -59.76000
       4.55001      73.77000     -73.77000
       4.58201      81.85000     -81.76000
       4.61401      68.79000     -68.80000
       4.64701      57.18000     -57.25000
       4.67901      63.43000     -63.34000
       4.71101      70.31000     -70.32000
       4.74301      69.06000     -69.46000
       4.77601      80.91000     -81.07000
       4.80801     102.90000    -102.50000
       4.84001     103.70000    -103.80000
       4.87201      85.03000     -86.15000
       4.90501      76.61000     -78.10000
       4.93701      82.45000     -83.47000
       4.96901      81.07000     -81.12000
       5.00101      68.50000     -67.84000
       5.03401      60.98000     -59.49000
       5.06601      65.35000     -63.57000
       5.09801      72.68000     -71.47000
       5.13001      80.22000     -80.06000
       5.16301      87.30000     -88.69000
       5.19501      89.77000     -91.43000
       5.22701      90.94000     -91.27000
       5.25901      85.09000     -85.00000
       5.29201      74.15000     -74.34000
       5.32401      70.14000     -70.71000
       5.35601      74.05000     -74.36000
       5.38801      80.66000     -79.55000
       5.42101      85.58000     -83.99000
       5.45301      89.27000     -87.96000
       5.48501      91.50000     -89.52000
       5.51701      88.60000     -85.66000
       5.55001      81.46000     -79.92000
       5.58201      76.91000     -78.91000
       5.61401      76.22000     -79.61000
       5.64601      75.75000     -78.01000
       5.67801      73.97000     -74.76000
       5.71101      71.65000     -71.84000
       5.74301      70.72000     -71.15000
       5.77501      72.23000     -71.89000
       5.80701      75.09000     -74.75000
       5.84001      77.20000     -78.65000
       5.87201      77.16000     -78.65000
       5.90401      79.38000     -79.41000
       5.93601      82.92000     -83.26000
       5.96901      82.45000     -83.79000
       6.00101      80.79000     -80.00000
       6.03301      80.27000     -77.06000
       6.06501      79.91000     -78.11000
       6.09801      80.79000     -81.74000
       6.13001      83.73000     -85.20000
       6.16201      85.28000     -85.72000
       6.19401      84.29000     -83.24000
       6.22701      83.34000     -81.02000
       6.25901      81.83000     -78.84000
       6.29101      78.75000     -76.70000
       6.32301      77.10000     -76.77000
       6.35601      78.33000     -78.33000
       6.38801      77.81000     -79.29000
       6.42001      74.84000     -78.66000
       6.45201      72.83000     -76.94000
       6.48501      73.53000     -74.45000
       6.51701      76.99000     -73.38000
       6.54901      79.01000     -74.93000
       6.58101      77.43000     -75.88000
       6.61401      76.17000     -74.53000
       6.64601      75.74000     -73.04000
       6.67801      74.06000     -73.20000
       6.71001      72.37000     -74.48000
       6.74301      71.37000     -74.91000
       6.77501      70.82000     -73.57000
       6.80701      70.80000     -70.32000
       6.83901      71.80000     -67.76000
       6.87201      72.88000     -68.90000
       6.90401      72.45000     -71.58000
       6.93601      70.71000     -73.45000
       6.96801      70.39000     -74.45000
       7.00101      72.62000     -75.01000
       7.03301      74.57000     -75.45000
       7.06501      74.70000     -77.05000
       7.09701      74.03000     -79.26000
       7.13001      74.52000     -77.80000
       7.16201      75.04000     -74.03000
       7.19401      72.70000     -71.92000
       7.22601      67.92000     -69.94000
       7.25901      65.57000     -65.37000
       7.29101      65.04000     -61.35000
       7.32301      63.22000     -60.82000
       7.35501      62.38000     -60.40000
       7.38801      62.33000     -58.38000
       7.42001      60.50000     -57.61000
       7.45201      58.19000     -58.31000
       7.48401      56.73000     -57.20000
       7.51701      55.22000     -54.87000
       7.54901      52.29000     -52.48000
       7.58101      48.87000     -50.00000
       7.61301      46.82000     -48.50000
       7.64601      45.64000     -47.10000
       7.67801      43.42000     -44.51000
       7.71001      40.23000     -41.18000
       7.74201      39.00000     -38.82000
       7.77501      38.92000     -38.65000
       7.80701      36.87000     -38.23000
       7.83901      33.38000     -35.72000
       7.87101      31.35000     -32.79000
       7.90401      30.98000     -31.21000
       7.93601      30.72000     -30.39000
       7.96801      29.78000     -28.53000
       8.00001      28.96000     -27.22000
       8.03301      29.00000     -27.42000
       8.06501      28.09000     -26.74000
       8.09701      24.93000     -25.33000
       8.12901      22.31000     -24.27000
       8.16201      22.72000     -23.07000
       8.19401      23.23000     -20.89000
       8.22601      21.16000     -18.22000
       8.25801      17.84000     -17.10000
       8.29101      16.08000     -16.39000
       8.32301      16.27000     -15.44000
       8.35501      16.30000     -15.45000
       8.38701      15.10000     -14.31000
       8.42001      12.88000     -11.09000
       8.45201       9.92000      -8.74600
       8.48401       7.02500      -7.79200
       8.51601       5.34400      -6.92300
       8.54901       4.45600      -5.60900
       8.58101       3.17200      -4.01700
       8.61301       1.92000      -2.95300
       8.64501       1.35200      -2.39500
       8.67801       1.04900      -1.71900
       8.71001       0.65560      -0.99530
       8.74201       0.27600      -0.56740
       8.77401       0.06634      -0.29250
       8.80701       0.00801      -0.09020
       8.83901       0.00045      -0.01356
       8.87101       0.00001      -0.00094
       8.90301       0.00000      -0.00003
       8.93601       0.00000      -0.00000
       8.96801       0.00000      -0.00000
       9.00001       0.00000      -0.00000
       9.03201       0.00000      -0.00000
       9.06501       0.00000       0.00000
       9.09701       0.00000       0.00000
       9.12901       0.00000       0.00000
       9.16101       0.00000       0.00000
       9.19401       0.00000       0.00000
       9.22601       0.00000       0.00000
       9.25801       0.00000       0.00000
       9.29001       0.00000       0.00000
       9.32301       0.00000       0.00000
       9.35501       0.00000       0.00000
       9.38701       0.00000       0.00000
       9.41901       0.00000       0.00000
       9.45201       0.00000       0.00000
       9.48401       0.00000       0.00000
       9.51601       0.00000       0.00000
       9.54801       0.00000       0.00000
       9.58101       0.00000       0.00000
       9.61301       0.00000       0.00000
       9.64501       0.00000       0.00000
       9.67701       0.00000       0.00000
       9.71001       0.00000       0.00000
       9.74201       0.00000       0.00000
       9.77401       0.00000       0.00000
       9.80601       0.00000       0.00000
       9.83901       0.00000       0.00000
       9.87101       0.00000       0.00000
       9.90301       0.00000       0.00000
       9.93501       0.00000       0.00000
       9.96801       0.00000       0.00000
      10.00001       0.00000       0.00000
      10.03201       0.00000       0.00000
      10.06401       0.00000       0.00000
      10.09701       0.00000       0.00000
      10.12901       0.00000       0.00000
      10.16101       0.00000       0.00000
      10.19301       0.00000       0.00000
