      #Energy        TDOS-UP        TDOS-DOWN
     -22.93024       0.00000       0.00000
     -22.89724       0.00000       0.00000
     -22.86424       0.00000       0.00000
     -22.83124       0.00000       0.00000
     -22.79824       0.00000       0.00000
     -22.76524       0.00000       0.00000
     -22.73224       0.00000       0.00000
     -22.69924       0.00000       0.00000
     -22.66624       0.00000       0.00000
     -22.63324       0.00000       0.00000
     -22.60024       0.00000       0.00000
     -22.56724       0.00000       0.00000
     -22.53424       0.00000       0.00000
     -22.50124       0.00000       0.00000
     -22.46824       0.00000       0.00000
     -22.43524       0.00000       0.00000
     -22.40224       0.00000       0.00000
     -22.36924       0.00000       0.00000
     -22.33624       0.00000       0.00000
     -22.30324       0.00000       0.00000
     -22.27024       0.00000       0.00000
     -22.23724       0.00000       0.00000
     -22.20424       0.00000       0.00000
     -22.17124       0.00000       0.00000
     -22.13824       0.00000       0.00000
     -22.10524       0.00000       0.00000
     -22.07224       0.00000       0.00000
     -22.03924       0.00000       0.00000
     -22.00624       0.00000       0.00000
     -21.97324       0.00000       0.00000
     -21.94024       0.00000       0.00000
     -21.90724       0.00000       0.00000
     -21.87424       0.00000       0.00000
     -21.84124       0.00000       0.00000
     -21.80824       0.00000       0.00000
     -21.77524       0.00000       0.00000
     -21.74224       0.00000       0.00000
     -21.70924       0.00000      -0.00000
     -21.67624       0.00000      -0.00000
     -21.64324       0.00000      -0.00000
     -21.61024       0.00000      -0.00000
     -21.57724       0.00002      -0.00002
     -21.54424       0.00075      -0.00075
     -21.51124       0.01301      -0.01301
     -21.47824       0.10651      -0.10651
     -21.44524       0.44551      -0.44551
     -21.41224       1.06056      -1.06056
     -21.37924       1.64046      -1.64046
     -21.34624       1.92337      -1.92337
     -21.31324       1.99178      -1.99178
     -21.28024       1.99958      -1.99958
     -21.24724       1.99998      -1.99998
     -21.21424       1.99999      -1.99999
     -21.18124       1.99999      -1.99999
     -21.14824       1.99999      -1.99999
     -21.11524       1.99999      -1.99999
     -21.08224       1.99999      -1.99999
     -21.04924       1.99999      -1.99999
     -21.01624       1.99999      -1.99999
     -20.98324       1.99999      -1.99999
     -20.95024       1.99999      -1.99999
     -20.91724       1.99999      -1.99999
     -20.88424       1.99999      -1.99999
     -20.85124       1.99999      -1.99999
     -20.81824       1.99999      -1.99999
     -20.78524       1.99999      -1.99999
     -20.75224       1.99999      -1.99999
     -20.71924       1.99999      -1.99999
     -20.68624       1.99999      -1.99999
     -20.65324       1.99999      -1.99999
     -20.62024       1.99999      -1.99999
     -20.58724       1.99999      -1.99999
     -20.55424       1.99999      -1.99999
     -20.52124       1.99999      -1.99999
     -20.48824       1.99999      -1.99999
     -20.45524       1.99999      -1.99999
     -20.42224       1.99999      -1.99999
     -20.38924       1.99999      -1.99999
     -20.35624       1.99999      -1.99999
     -20.32324       1.99999      -1.99999
     -20.29024       1.99999      -1.99999
     -20.25724       1.99999      -1.99999
     -20.22424       1.99999      -1.99999
     -20.19124       1.99999      -1.99999
     -20.15824       1.99999      -1.99999
     -20.12524       1.99999      -1.99999
     -20.09224       1.99999      -1.99999
     -20.05924       1.99999      -1.99999
     -20.02624       1.99999      -1.99999
     -19.99324       1.99999      -1.99999
     -19.96024       1.99999      -1.99999
     -19.92724       1.99999      -1.99999
     -19.89424       1.99999      -1.99999
     -19.86124       1.99999      -1.99999
     -19.82824       1.99999      -1.99999
     -19.79524       1.99999      -1.99999
     -19.76224       1.99999      -1.99999
     -19.72924       1.99999      -1.99999
     -19.69624       1.99999      -1.99999
     -19.66324       1.99999      -1.99999
     -19.63024       1.99999      -1.99999
     -19.59724       1.99999      -1.99999
     -19.56424       1.99999      -1.99999
     -19.53124       1.99999      -1.99999
     -19.49824       1.99999      -1.99999
     -19.46524       1.99999      -1.99999
     -19.43224       1.99999      -1.99999
     -19.39924       1.99999      -1.99999
     -19.36624       1.99999      -1.99999
     -19.33324       1.99999      -1.99999
     -19.30024       1.99999      -1.99999
     -19.26724       1.99999      -1.99999
     -19.23424       1.99999      -1.99999
     -19.20124       1.99999      -1.99999
     -19.16824       1.99999      -1.99999
     -19.13524       1.99999      -1.99999
     -19.10224       1.99999      -1.99999
     -19.06924       1.99999      -1.99999
     -19.03624       1.99999      -1.99999
     -19.00324       1.99999      -1.99999
     -18.97024       1.99999      -1.99999
     -18.93724       1.99999      -1.99999
     -18.90424       1.99999      -1.99999
     -18.87124       1.99999      -1.99999
     -18.83824       1.99999      -1.99999
     -18.80524       1.99999      -1.99999
     -18.77224       1.99999      -1.99999
     -18.73924       1.99999      -1.99999
     -18.70624       1.99999      -1.99999
     -18.67324       1.99999      -1.99999
     -18.64024       1.99999      -1.99999
     -18.60724       1.99999      -1.99999
     -18.57424       2.00024      -2.00024
     -18.54124       2.00555      -2.00555
     -18.50824       2.05993      -2.05994
     -18.47524       2.34749      -2.34750
     -18.44224       3.21232      -3.21232
     -18.40924       4.88422      -4.88422
     -18.37724       7.18816      -7.18817
     -18.34424       9.55562      -9.55562
     -18.31124      11.44761     -11.44761
     -18.27824      12.82750     -12.82750
     -18.24524      13.97922     -13.97922
     -18.21224      15.12814     -15.12814
     -18.17924      16.29768     -16.29768
     -18.14624      17.38193     -17.38193
     -18.11324      18.36982     -18.36983
     -18.08024      19.25824     -19.25824
     -18.04724      20.02078     -20.02078
     -18.01424      20.75147     -20.75147
     -17.98124      21.46732     -21.46732
     -17.94824      22.15330     -22.15331
     -17.91524      23.05079     -23.05080
     -17.88224      24.19938     -24.19938
     -17.84924      25.17557     -25.17557
     -17.81624      25.71700     -25.71700
     -17.78324      25.93074     -25.93075
     -17.75024      25.99209     -25.99209
     -17.71724      26.03979     -26.03979
     -17.68424      26.30312     -26.30312
     -17.65124      27.24350     -27.24350
     -17.61824      29.15429     -29.15430
     -17.58524      31.56663     -31.56663
     -17.55224      33.66550     -33.66550
     -17.51924      35.07591     -35.07591
     -17.48624      35.92885     -35.92886
     -17.45324      36.68446     -36.68446
     -17.42024      37.74545     -37.74545
     -17.38724      38.95607     -38.95607
     -17.35424      39.88160     -39.88161
     -17.32124      40.44781     -40.44782
     -17.28824      40.91487     -40.91487
     -17.25524      41.53882     -41.53883
     -17.22224      42.35795     -42.35795
     -17.18924      43.14869     -43.14870
     -17.15624      43.70616     -43.70616
     -17.12324      44.08842     -44.08842
     -17.09024      44.49460     -44.49460
     -17.05724      44.97452     -44.97453
     -17.02424      45.41848     -45.41849
     -16.99124      45.74369     -45.74370
     -16.95824      45.92357     -45.92357
     -16.92524      45.98665     -45.98666
     -16.89224      45.99867     -45.99867
     -16.85924      45.99980     -45.99980
     -16.82624      45.99985     -45.99985
     -16.79324      45.99992     -45.99992
     -16.76024      46.00138     -46.00138
     -16.72724      46.01684     -46.01684
     -16.69424      46.10195     -46.10195
     -16.66124      46.36915     -46.36915
     -16.62824      46.88092     -46.88092
     -16.59524      47.51741     -47.51741
     -16.56224      48.14895     -48.14896
     -16.52924      48.82603     -48.82603
     -16.49624      49.52637     -49.52637
     -16.46324      50.15461     -50.15461
     -16.43024      50.78302     -50.78302
     -16.39724      51.43106     -51.43106
     -16.36424      52.04990     -52.04990
     -16.33124      52.72681     -52.72681
     -16.29824      53.53801     -53.53802
     -16.26524      54.45398     -54.45398
     -16.23224      55.31105     -55.31105
     -16.19924      55.91158     -55.91158
     -16.16624      56.31495     -56.31495
     -16.13324      56.71668     -56.71668
     -16.10024      57.20947     -57.20947
     -16.06724      57.83771     -57.83772
     -16.03424      58.60899     -58.60900
     -16.00124      59.47943     -59.47943
     -15.96824      60.42410     -60.42410
     -15.93524      61.43740     -61.43741
     -15.90224      62.56521     -62.56521
     -15.86924      63.85667     -63.85667
     -15.83624      65.09269     -65.09270
     -15.80324      66.05337     -66.05337
     -15.77024      66.91572     -66.91572
     -15.73724      67.85610     -67.85611
     -15.70424      68.79929     -68.79930
     -15.67124      69.62716     -69.62716
     -15.63824      70.37963     -70.37964
     -15.60524      71.25369     -71.25370
     -15.57224      72.28185     -72.28185
     -15.53924      73.32435     -73.32436
     -15.50624      74.28635     -74.28635
     -15.47324      75.15992     -75.15992
     -15.44024      76.08892     -76.08892
     -15.40724      77.19890     -77.19891
     -15.37424      78.36498     -78.36498
     -15.34124      79.34001     -79.34001
     -15.30824      80.02715     -80.02715
     -15.27524      80.59699     -80.59699
     -15.24224      81.26615     -81.26615
     -15.20924      81.99536     -81.99536
     -15.17624      82.58714     -82.58714
     -15.14324      83.05123     -83.05123
     -15.11024      83.71774     -83.71775
     -15.07724      84.93942     -84.93942
     -15.04424      86.66939     -86.66940
     -15.01124      88.49473     -88.49473
     -14.97824      90.10609     -90.10609
     -14.94524      91.52623     -91.52623
     -14.91224      92.92014     -92.92015
     -14.87924      94.37296     -94.37296
     -14.84624      95.89011     -95.89011
     -14.81324      97.39142     -97.39143
     -14.78024      98.76306     -98.76307
     -14.74724     100.07300    -100.07301
     -14.71424     101.50783    -101.50783
     -14.68124     103.07085    -103.07085
     -14.64824     104.48307    -104.48308
     -14.61524     105.44045    -105.44045
     -14.58224     105.95717    -105.95717
     -14.54924     106.31798    -106.31798
     -14.51624     106.75913    -106.75914
     -14.48324     107.37418    -107.37418
     -14.45024     108.22333    -108.22333
     -14.41724     109.34305    -109.34305
     -14.38424     110.63022    -110.63022
     -14.35124     111.93950    -111.93950
     -14.31824     113.35172    -113.35172
     -14.28524     114.97067    -114.97067
     -14.25224     116.56883    -116.56883
     -14.21924     117.79347    -117.79347
     -14.18624     118.57679    -118.57680
     -14.15324     119.22137    -119.22137
     -14.12024     120.07811    -120.07811
     -14.08724     121.18034    -121.18034
     -14.05424     122.32216    -122.32216
     -14.02124     123.33118    -123.33118
     -13.98824     124.15706    -124.15707
     -13.95524     124.89947    -124.89948
     -13.92224     125.77469    -125.77469
     -13.88924     126.99439    -126.99439
     -13.85624     128.49059    -128.49059
     -13.82324     129.81884    -129.81884
     -13.79024     130.64390    -130.64390
     -13.75724     131.05561    -131.05561
     -13.72424     131.29630    -131.29630
     -13.69124     131.48343    -131.48344
     -13.65824     131.61865    -131.61865
     -13.62524     131.70810    -131.70811
     -13.59224     131.79285    -131.79286
     -13.55924     131.93287    -131.93287
     -13.52624     132.24179    -132.24180
     -13.49324     132.80025    -132.80025
     -13.46024     133.42585    -133.42586
     -13.42724     133.82662    -133.82663
     -13.39424     133.96875    -133.96876
     -13.36124     133.99599    -133.99600
     -13.32824     133.99914    -133.99915
     -13.29524     134.00663    -134.00663
     -13.26224     134.06812    -134.06813
     -13.22924     134.32295    -134.32295
     -13.19624     134.89543    -134.89543
     -13.16324     135.71769    -135.71769
     -13.13024     136.66830    -136.66831
     -13.09724     137.65488    -137.65488
     -13.06424     138.52383    -138.52383
     -13.03124     139.23720    -139.23720
     -12.99824     139.98571    -139.98572
     -12.96524     140.95183    -140.95184
     -12.93224     142.03031    -142.03031
     -12.89924     142.91988    -142.91988
     -12.86624     143.52519    -143.52519
     -12.83324     144.14469    -144.14469
     -12.80024     145.14892    -145.14892
     -12.76724     146.54217    -146.54217
     -12.73424     148.02435    -148.02435
     -12.70124     149.26038    -149.26038
     -12.66824     150.07208    -150.07208
     -12.63524     150.58813    -150.58813
     -12.60224     151.08225    -151.08225
     -12.56924     151.76477    -151.76477
     -12.53624     152.68304    -152.68305
     -12.50324     153.69899    -153.69899
     -12.47024     154.67319    -154.67320
     -12.43724     155.61143    -155.61144
     -12.40424     156.65971    -156.65972
     -12.37124     157.92313    -157.92313
     -12.33824     159.24824    -159.24825
     -12.30524     160.38264    -160.38265
     -12.27224     161.28624    -161.28624
     -12.23924     162.04531    -162.04531
     -12.20624     162.73756    -162.73757
     -12.17324     163.58275    -163.58276
     -12.14024     164.76467    -164.76467
     -12.10724     166.03897    -166.03898
     -12.07424     167.02374    -167.02374
     -12.04124     167.74932    -167.74932
     -12.00824     168.55326    -168.55327
     -11.97524     169.59049    -169.59049
     -11.94224     170.68035    -170.68035
     -11.90924     171.68441    -171.68441
     -11.87624     172.76239    -172.76239
     -11.84324     174.08107    -174.08107
     -11.81024     175.48587    -175.48588
     -11.77724     176.62423    -176.62424
     -11.74424     177.34140    -177.34140
     -11.71124     177.77695    -177.77695
     -11.67824     178.14634    -178.14634
     -11.64524     178.55186    -178.55186
     -11.61224     178.92214    -178.92214
     -11.57924     179.17342    -179.17342
     -11.54624     179.35384    -179.35384
     -11.51324     179.54837    -179.54837
     -11.48024     179.77671    -179.77672
     -11.44724     180.06116    -180.06116
     -11.41424     180.52726    -180.52726
     -11.38124     181.30992    -181.30992
     -11.34824     182.37701    -182.37701
     -11.31524     183.52197    -183.52197
     -11.28224     184.51894    -184.51894
     -11.24924     185.28263    -185.28263
     -11.21624     185.87953    -185.87953
     -11.18324     186.46619    -186.46620
     -11.15024     187.27525    -187.27526
     -11.11724     188.43094    -188.43094
     -11.08424     189.74962    -189.74962
     -11.05124     191.00429    -191.00429
     -11.01824     192.15238    -192.15239
     -10.98524     193.21155    -193.21156
     -10.95224     194.23129    -194.23130
     -10.91924     195.24922    -195.24922
     -10.88624     196.24091    -196.24091
     -10.85324     197.18030    -197.18031
     -10.82024     198.07152    -198.07153
     -10.78724     199.05200    -199.05200
     -10.75424     200.31492    -200.31492
     -10.72124     201.83751    -201.83752
     -10.68824     203.36407    -203.36407
     -10.65524     204.66362    -204.66362
     -10.62224     205.74225    -205.74226
     -10.58924     206.81842    -206.81842
     -10.55624     208.12423    -208.12423
     -10.52324     209.56912    -209.56912
     -10.49024     210.76902    -210.76902
     -10.45724     211.53700    -211.53700
     -10.42424     212.08853    -212.08853
     -10.39124     212.79249    -212.79250
     -10.35824     213.75961    -213.75961
     -10.32524     214.72589    -214.72589
     -10.29224     215.44141    -215.44141
     -10.26024     215.98287    -215.98287
     -10.22724     216.62002    -216.62003
     -10.19424     217.44294    -217.44294
     -10.16124     218.25481    -218.25481
     -10.12824     218.94921    -218.94921
     -10.09524     219.64146    -219.64146
     -10.06224     220.40829    -220.40829
     -10.02924     221.20217    -221.20217
      -9.99624     221.95101    -221.95101
      -9.96324     222.68369    -222.68369
      -9.93024     223.49027    -223.49027
      -9.89724     224.45425    -224.45425
      -9.86424     225.68054    -225.68054
      -9.83124     227.08848    -227.08848
      -9.79824     228.40897    -228.40898
      -9.76524     229.57142    -229.57142
      -9.73224     230.63571    -230.63571
      -9.69924     231.60282    -231.60282
      -9.66624     232.62882    -232.62883
      -9.63324     233.94388    -233.94388
      -9.60024     235.54666    -235.54666
      -9.56724     237.20223    -237.20223
      -9.53424     238.65289    -238.65290
      -9.50124     239.87044    -239.87045
      -9.46824     240.94908    -240.94908
      -9.43524     241.84789    -241.84789
      -9.40224     242.60581    -242.60581
      -9.36924     243.48366    -243.48367
      -9.33624     244.62433    -244.62433
      -9.30324     245.88247    -245.88247
      -9.27024     247.09985    -247.09985
      -9.23724     248.30915    -248.30916
      -9.20424     249.62816    -249.62817
      -9.17124     251.09599    -251.09599
      -9.13824     252.52273    -252.52274
      -9.10524     253.58190    -253.58191
      -9.07224     254.16874    -254.16874
      -9.03924     254.52509    -254.52509
      -9.00624     254.99000    -254.99001
      -8.97324     255.65900    -255.65900
      -8.94024     256.36379    -256.36379
      -8.90724     257.02420    -257.02421
      -8.87424     257.73922    -257.73923
      -8.84124     258.55307    -258.55307
      -8.80824     259.40997    -259.40998
      -8.77524     260.25632    -260.25632
      -8.74224     261.09970    -261.09970
      -8.70924     261.97458    -261.97459
      -8.67624     262.87537    -262.87538
      -8.64324     263.82236    -263.82236
      -8.61024     264.93481    -264.93482
      -8.57724     266.22512    -266.22512
      -8.54424     267.55980    -267.55981
      -8.51124     268.94695    -268.94696
      -8.47824     270.41956    -270.41957
      -8.44524     271.81133    -271.81133
      -8.41224     273.00694    -273.00694
      -8.37924     274.03394    -274.03394
      -8.34624     274.91064    -274.91064
      -8.31324     275.75847    -275.75847
      -8.28024     276.77557    -276.77557
      -8.24724     278.00401    -278.00401
      -8.21424     279.37400    -279.37400
      -8.18124     280.91029    -280.91029
      -8.14824     282.66518    -282.66518
      -8.11524     284.50008    -284.50009
      -8.08224     286.20977    -286.20977
      -8.04924     287.78186    -287.78186
      -8.01624     289.40146    -289.40147
      -7.98324     291.37280    -291.37281
      -7.95024     293.82374    -293.82375
      -7.91724     296.39611    -296.39611
      -7.88424     298.67777    -298.67778
      -7.85124     300.65275    -300.65275
      -7.81824     302.35402    -302.35402
      -7.78524     303.64812    -303.64812
      -7.75224     304.54396    -304.54396
      -7.71924     305.30963    -305.30963
      -7.68624     306.25909    -306.25909
      -7.65324     307.49181    -307.49182
      -7.62024     308.87451    -308.87451
      -7.58724     310.25918    -310.25919
      -7.55424     311.64683    -311.64683
      -7.52124     313.17850    -313.17850
      -7.48824     314.96952    -314.96952
      -7.45524     317.06294    -317.06295
      -7.42224     319.25239    -319.25239
      -7.38924     321.01866    -321.01866
      -7.35624     322.21889    -322.21889
      -7.32324     323.27459    -323.27460
      -7.29024     324.48208    -324.48208
      -7.25724     325.76595    -325.76595
      -7.22424     326.93962    -326.93962
      -7.19124     327.97899    -327.97899
      -7.15824     328.99097    -328.99098
      -7.12524     330.01104    -330.01105
      -7.09224     331.13027    -331.13027
      -7.05924     332.69031    -332.69032
      -7.02624     334.93519    -334.93519
      -6.99324     337.35726    -337.35726
      -6.96024     339.07156    -339.07156
      -6.92724     339.88359    -339.88359
      -6.89424     340.26483    -340.26483
      -6.86124     340.59723    -340.59723
      -6.82824     341.02502    -341.02502
      -6.79524     341.70952    -341.70952
      -6.76224     342.75549    -342.75549
      -6.72924     344.03788    -344.03788
      -6.69624     345.38444    -345.38445
      -6.66324     346.73332    -346.73332
      -6.63024     348.06272    -348.06273
      -6.59724     349.46422    -349.46423
      -6.56424     351.08713    -351.08713
      -6.53124     352.92715    -352.92715
      -6.49824     355.01150    -355.01150
      -6.46524     357.45864    -357.45865
      -6.43224     360.16299    -360.16299
      -6.39924     362.96996    -362.96996
      -6.36624     365.91880    -365.91881
      -6.33324     369.05622    -369.05622
      -6.30024     372.32463    -372.32464
      -6.26724     375.47805    -375.47806
      -6.23424     378.14248    -378.14248
      -6.20124     380.23607    -380.23607
      -6.16824     382.04259    -382.04260
      -6.13524     383.82949    -383.82949
      -6.10224     385.87936    -385.87937
      -6.06924     388.30258    -388.30259
      -6.03624     390.67945    -390.67945
      -6.00324     392.73262    -392.73262
      -5.97024     394.76187    -394.76187
      -5.93724     397.14698    -397.14698
      -5.90424     400.11876    -400.11876
      -5.87124     403.66087    -403.66087
      -5.83824     407.35312    -407.35312
      -5.80524     410.69907    -410.69907
      -5.77224     413.63010    -413.63010
      -5.73924     416.47270    -416.47270
      -5.70624     419.31414    -419.31414
      -5.67324     421.84971    -421.84972
      -5.64024     424.02794    -424.02794
      -5.60724     426.18241    -426.18241
      -5.57424     428.53865    -428.53882
      -5.54124     431.10672    -431.10706
      -5.50824     433.79111    -433.79144
      -5.47524     436.36017    -436.36050
      -5.44224     438.66791    -438.66824
      -5.40924     440.90816    -440.90850
      -5.37624     443.32875    -443.32908
      -5.34324     446.03788    -446.03821
      -5.31024     449.19922    -449.19955
      -5.27724     452.54220    -452.54253
      -5.24424     455.26470    -455.26503
      -5.21124     457.25353    -457.25386
      -5.17824     459.36263    -459.36296
      -5.14524     462.43422    -462.43455
      -5.11224     466.61150    -466.61184
      -5.07924     470.96862    -470.96895
      -5.04624     474.25155    -474.25188
      -5.01324     476.29482    -476.29515
      -4.98024     477.72123    -477.72157
      -4.94724     478.92360    -478.92394
      -4.91424     480.09843    -480.09876
      -4.88124     481.47568    -481.47601
      -4.84824     483.16837    -483.16870
      -4.81524     485.09450    -485.09484
      -4.78224     487.07740    -487.07773
      -4.74924     488.98060    -488.98093
      -4.71624     490.66768    -490.66802
      -4.68324     492.07215    -492.07249
      -4.65024     493.42235    -493.42268
      -4.61724     494.94000    -494.94033
      -4.58424     496.46589    -496.46623
      -4.55124     497.75603    -497.75637
      -4.51824     498.87229    -498.87262
      -4.48524     499.95274    -499.95307
      -4.45224     501.02247    -501.02280
      -4.41924     502.25437    -502.25470
      -4.38624     503.90912    -503.90945
      -4.35324     505.93375    -505.93408
      -4.32024     507.91598    -507.91631
      -4.28724     509.56940    -509.56974
      -4.25424     511.05043    -511.05076
      -4.22124     512.49961    -512.49994
      -4.18824     513.83743    -513.83776
      -4.15524     515.28628    -515.28661
      -4.12224     517.12696    -517.12729
      -4.08924     519.09797    -519.09830
      -4.05624     520.91192    -520.91225
      -4.02324     522.67918    -522.67952
      -3.99024     524.54378    -524.54412
      -3.95724     526.49335    -526.49368
      -3.92424     528.59552    -528.59585
      -3.89124     531.13917    -531.13951
      -3.85824     534.17546    -534.17579
      -3.82524     537.42985    -537.43018
      -3.79224     540.79791    -540.79824
      -3.75924     544.26578    -544.26612
      -3.72624     547.66601    -547.66635
      -3.69324     550.85688    -550.85722
      -3.66024     553.93953    -553.93986
      -3.62724     557.23648    -557.23682
      -3.59424     560.87593    -560.87627
      -3.56124     564.68697    -564.68730
      -3.52824     568.59533    -568.59567
      -3.49524     572.23808    -572.23842
      -3.46224     574.79923    -574.79956
      -3.42924     576.15916    -576.15949
      -3.39624     577.07479    -577.07513
      -3.36324     578.11516    -578.11549
      -3.33024     579.31736    -579.31770
      -3.29724     580.46909    -580.46942
      -3.26424     581.37515    -581.37549
      -3.23124     582.09512    -582.09546
      -3.19824     582.88554    -582.88588
      -3.16524     583.88284    -583.88318
      -3.13224     585.07928    -585.07961
      -3.09924     586.52433    -586.52467
      -3.06624     588.29985    -588.30018
      -3.03324     590.27894    -590.27927
      -3.00024     592.04257    -592.04291
      -2.96724     593.27877    -593.27910
      -2.93424     594.07116    -594.07150
      -2.90124     594.70139    -594.70172
      -2.86824     595.47316    -595.47349
      -2.83524     596.53217    -596.53250
      -2.80224     597.74312    -597.74345
      -2.76924     598.89253    -598.89286
      -2.73624     599.89478    -599.89511
      -2.70324     600.81355    -600.81389
      -2.67024     601.79271    -601.79304
      -2.63724     602.92529    -602.92563
      -2.60424     604.14631    -604.14664
      -2.57124     605.34488    -605.34522
      -2.53824     606.52218    -606.52251
      -2.50524     607.68644    -607.68677
      -2.47224     608.76491    -608.76525
      -2.43924     609.70365    -609.70398
      -2.40624     610.49885    -610.49918
      -2.37324     611.17873    -611.17906
      -2.34024     611.81819    -611.81853
      -2.30724     612.48421    -612.48455
      -2.27424     613.19049    -613.19083
      -2.24124     613.91673    -613.91707
      -2.20824     614.68075    -614.68109
      -2.17524     615.54987    -615.55020
      -2.14324     616.49504    -616.49537
      -2.11024     617.39467    -617.39500
      -2.07724     618.24728    -618.24762
      -2.04424     619.14395    -619.14428
      -2.01124     620.07839    -620.07873
      -1.97824     620.96549    -620.96582
      -1.94524     621.69420    -621.69454
      -1.91224     622.26239    -622.26273
      -1.87924     622.90648    -622.90681
      -1.84624     623.78961    -623.78994
      -1.81324     624.76728    -624.76761
      -1.78024     625.59465    -625.59499
      -1.74724     626.16499    -626.16532
      -1.71424     626.60301    -626.60334
      -1.68124     627.09448    -627.09482
      -1.64824     627.69748    -627.69782
      -1.61524     628.38331    -628.38364
      -1.58224     629.06154    -629.06187
      -1.54924     629.60053    -629.60086
      -1.51624     629.93370    -629.93403
      -1.48324     630.14794    -630.14828
      -1.45024     630.43701    -630.43734
      -1.41724     630.96989    -630.97022
      -1.38424     631.76542    -631.76575
      -1.35124     632.64047    -632.64081
      -1.31824     633.41027    -633.41060
      -1.28524     634.11589    -634.11622
      -1.25224     634.88090    -634.88123
      -1.21924     635.73863    -635.73896
      -1.18624     636.63381    -636.63414
      -1.15324     637.40971    -637.41004
      -1.12024     637.98367    -637.98400
      -1.08724     638.45881    -638.45914
      -1.05424     638.93626    -638.93660
      -1.02124     639.46222    -639.46255
      -0.98824     640.09030    -640.09063
      -0.95524     640.81571    -640.81604
      -0.92224     641.61256    -641.61290
      -0.88924     642.57505    -642.57539
      -0.85624     643.74723    -643.74757
      -0.82324     644.91892    -644.91925
      -0.79024     645.87663    -645.87696
      -0.75724     646.64989    -646.65022
      -0.72424     647.45086    -647.45120
      -0.69124     648.51053    -648.51086
      -0.65824     649.85165    -649.85198
      -0.62524     651.21834    -651.21867
      -0.59224     652.33443    -652.33476
      -0.55924     653.19661    -653.19694
      -0.52624     653.99346    -653.99380
      -0.49324     654.74956    -654.74990
      -0.46024     655.32369    -655.32403
      -0.42724     655.72245    -655.72278
      -0.39424     656.12087    -656.12121
      -0.36124     656.67785    -656.67818
      -0.32824     657.39303    -657.39337
      -0.29524     658.04553    -658.04586
      -0.26224     658.46405    -658.46438
      -0.22924     658.74879    -658.74912
      -0.19624     659.06688    -659.06722
      -0.16324     659.48775    -659.48808
      -0.13024     659.98219    -659.98252
      -0.09724     660.48670    -660.48703
      -0.06424     661.05654    -661.05687
      -0.03124     661.79664    -661.79697
       0.00176     662.63341    -662.63375
       0.03476     663.48388    -663.48422
       0.06776     664.47046    -664.47080
       0.10076     665.63736    -665.63770
       0.13376     666.82621    -666.82654
       0.16676     667.95615    -667.95649
       0.19976     668.96005    -668.96039
       0.23276     669.63697    -669.63730
       0.26576     669.93609    -669.93642
       0.29876     670.09643    -670.09677
       0.33176     670.46777    -670.46810
       0.36476     671.24450    -671.24483
       0.39776     672.22002    -672.22035
       0.43076     673.01176    -673.01209
       0.46376     673.49762    -673.49796
       0.49676     673.77838    -673.77872
       0.52976     673.93038    -673.93071
       0.56276     673.98854    -673.98887
       0.59576     674.00104    -674.00137
       0.62876     674.00237    -674.00271
       0.66176     674.00244    -674.00278
       0.69476     674.00244    -674.00278
       0.72776     674.00244    -674.00278
       0.76076     674.00244    -674.00278
       0.79376     674.00244    -674.00278
       0.82676     674.00244    -674.00278
       0.85976     674.00244    -674.00278
       0.89276     674.00244    -674.00278
       0.92576     674.00244    -674.00278
       0.95876     674.00244    -674.00278
       0.99176     674.00253    -674.00286
       1.02476     674.00473    -674.00506
       1.05776     674.03047    -674.03080
       1.09076     674.17497    -674.17531
       1.12376     674.58407    -674.58441
       1.15676     675.19945    -675.19978
       1.18976     675.70759    -675.70792
       1.22276     675.93819    -675.93853
       1.25576     675.99457    -675.99490
       1.28876     676.00176    -676.00210
       1.32176     676.00224    -676.00257
       1.35476     676.00260    -676.00294
       1.38776     676.00668    -676.00702
       1.42076     676.03000    -676.03034
       1.45376     676.10325    -676.10359
       1.48676     676.24911    -676.24945
       1.51976     676.46179    -676.46212
       1.55276     676.72612    -676.72646
       1.58576     677.07206    -677.07240
       1.61876     677.58581    -677.58615
       1.65176     678.31519    -678.31552
       1.68476     679.14008    -679.14042
       1.71776     679.85494    -679.85528
       1.75076     680.50051    -680.50084
       1.78376     681.31369    -681.31403
       1.81676     682.31776    -682.31809
       1.84976     683.32215    -683.32249
       1.88276     684.23004    -684.23037
       1.91576     685.12489    -685.12522
       1.94876     686.15189    -686.15222
       1.98176     687.40573    -687.40607
       2.01476     688.80591    -688.80625
       2.04776     690.10546    -690.10579
       2.08076     691.15836    -691.15870
       2.11376     692.02995    -692.03028
       2.14676     692.76691    -692.76725
       2.17976     693.32124    -693.32158
       2.21276     693.73485    -693.73518
       2.24576     694.24513    -694.24546
       2.27876     695.13404    -695.13438
       2.31176     696.30424    -696.30458
       2.34476     697.29412    -697.29445
       2.37776     697.93160    -697.93194
       2.41076     698.49863    -698.49897
       2.44376     699.25226    -699.25260
       2.47676     700.22185    -700.22218
       2.50976     701.31995    -701.32029
       2.54276     702.33722    -702.33755
       2.57576     703.13011    -703.13044
       2.60876     703.85486    -703.85520
       2.64176     704.73239    -704.73273
       2.67476     705.79717    -705.79751
       2.70776     707.01752    -707.01786
       2.74076     708.33241    -708.33275
       2.77376     709.56563    -709.56597
       2.80676     710.56855    -710.56888
       2.83976     711.30304    -711.30337
       2.87276     711.80325    -711.80359
       2.90576     712.20003    -712.20037
       2.93876     712.63112    -712.63146
       2.97176     713.14272    -713.14306
       3.00476     713.76519    -713.76553
       3.03776     714.49589    -714.49622
       3.07076     715.29142    -715.29176
       3.10376     716.16301    -716.16334
       3.13676     717.05868    -717.05902
       3.16976     717.80901    -717.80935
       3.20276     718.34437    -718.34487
       3.23576     718.79905    -718.80005
       3.26876     719.39347    -719.39530
       3.30176     720.24444    -720.24692
       3.33476     721.22178    -721.22409
       3.36776     722.20011    -722.20160
       3.40076     723.40198    -723.40249
       3.43376     724.99107    -724.99091
       3.46676     726.55788    -726.55772
       3.49976     727.54693    -727.54711
       3.53276     727.91759    -727.91800
       3.56576     727.99429    -727.99477
       3.59876     728.00338    -728.00387
       3.63176     728.01688    -728.01739
       3.66476     728.11907    -728.11965
       3.69776     728.59724    -728.59822
       3.73076     729.99627    -729.99775
       3.76376     732.61219    -732.61383
       3.79676     735.88027    -735.88191
       3.82976     738.92514    -738.92661
       3.86276     741.60556    -741.60687
       3.89576     744.22610    -744.22741
       3.92876     746.64454    -746.64585
       3.96176     748.62017    -748.62148
       3.99476     750.48114    -750.48245
       4.02776     752.53843    -752.53941
       4.06076     754.50054    -754.50102
       4.09376     756.00202    -756.00234
       4.12676     756.98827    -756.98875
       4.15976     757.58087    -757.58169
       4.19276     758.03622    -758.03720
       4.22576     758.68228    -758.68342
       4.25876     759.72940    -759.73071
       4.29176     761.12200    -761.12298
       4.32476     762.66951    -762.66983
       4.35776     764.28977    -764.28960
       4.39076     765.98593    -765.98542
       4.42376     767.66113    -767.66046
       4.45676     769.26424    -769.26390
       4.48976     771.13280    -771.13246
       4.52276     773.70252    -773.70053
       4.55576     776.80760    -776.80347
       4.58876     779.89883    -779.89370
       4.62176     782.71190    -782.70859
       4.65476     785.19385    -785.19268
       4.68776     787.34485    -787.33676
       4.72076     789.42079    -789.39472
       4.75376     791.91925    -791.88245
       4.78676     794.99018    -794.97070
       4.81976     798.13518    -798.12363
       4.85276     800.98026    -800.89561
       4.88576     803.64501    -803.44125
       4.91876     806.25268    -806.00619
       4.95176     808.72539    -808.56073
       4.98476     810.96301    -810.93529
       5.01776     813.03532    -813.10246
       5.05076     815.13007    -815.23911
       5.08376     817.61351    -817.74598
       5.11676     820.87021    -820.98337
       5.14976     824.56575    -824.59313
       5.18276     827.93183    -827.85511
       5.21576     830.80957    -830.66669
       5.24876     833.47366    -833.29366
       5.28176     836.09123    -835.86998
       5.31476     838.84392    -838.57945
       5.34776     841.93267    -841.63619
       5.38076     845.28423    -844.97175
       5.41376     848.52954    -848.22449
       5.44676     851.40976    -851.14496
       5.47976     854.11592    -853.91628
       5.51276     857.03375    -856.88872
       5.54576     860.19559    -860.05683
       5.57876     863.23831    -863.04906
       5.61176     865.86280    -865.59586
       5.64476     868.08145    -867.76336
       5.67776     870.09569    -869.78947
       5.71076     872.10101    -871.86013
       5.74376     874.17415    -874.03539
       5.77676     876.35947    -876.35039
       5.80976     878.73963    -878.85362
       5.84276     881.32189    -881.50320
       5.87576     884.03713    -884.21150
       5.90876     886.87742    -886.97805
       5.94176     889.84689    -889.83335
       5.97376     892.82658    -892.73798
       6.00676     895.65978    -895.60054
       6.03976     898.31249    -898.35636
       6.07276     900.88073    -901.00099
       6.10576     903.49912    -903.60272
       6.13876     906.23844    -906.26334
       6.17176     909.04161    -908.99706
       6.20476     911.77846    -911.71444
       6.23776     914.37441    -914.32953
       6.27076     916.84795    -916.84761
       6.30376     919.26441    -919.32775
       6.33676     921.70710    -921.78958
       6.36976     924.23871    -924.24547
       6.40276     926.84902    -926.76487
       6.43576     929.46725    -929.36627
       6.46876     932.06007    -931.98747
       6.50176     934.64266    -934.58111
       6.53476     937.20001    -937.11141
       6.56776     939.70061    -939.58528
       6.60076     942.13934    -942.03523
       6.63376     944.52742    -944.43733
       6.66676     946.86650    -946.79208
       6.69976     949.16566    -949.12110
       6.73276     951.44337    -951.38726
       6.76576     953.68758    -953.59766
       6.79876     955.88709    -955.80509
       6.83176     958.07522    -958.00410
       6.86476     960.31465    -960.21499
       6.89776     962.63658    -962.53527
       6.93076     965.04363    -964.98208
       6.96376     967.56270    -967.49060
       6.99676     970.15437    -970.03293
       7.02976     972.70611    -972.56900
       7.06276     975.15936    -975.03066
       7.09576     977.51939    -977.39878
       7.12876     979.80865    -979.69975
       7.16176     982.02928    -981.92219
       7.19476     984.16461    -984.03096
       7.22776     986.23296    -986.06071
       7.26076     988.26996    -988.08006
       7.29376     990.26143    -990.09826
       7.32676     992.18295    -992.05756
       7.35976     994.03864    -993.90846
       7.39276     995.81630    -995.68331
       7.42576     997.50998    -997.44018
       7.45876     999.15532    -999.17131
       7.49176    1000.77839   -1000.85246
       7.52476    1002.36220   -1002.46909
       7.55776    1003.86219   -1003.96810
       7.59076    1005.26402   -1005.32143
       7.62376    1006.60514   -1006.59738
       7.65676    1007.89165   -1007.85865
       7.68976    1009.07555   -1009.07834
       7.72276    1010.16095   -1010.23798
       7.75576    1011.22127   -1011.36348
       7.78876    1012.26939   -1012.45845
       7.82176    1013.25069   -1013.51811
       7.85476    1014.15148   -1014.51871
       7.88776    1015.02158   -1015.40515
       7.92076    1015.91132   -1016.18220
       7.95376    1016.79379   -1016.92527
       7.98676    1017.60863   -1017.69672
       8.01976    1018.35928   -1018.48070
       8.05276    1019.07942   -1019.20925
       8.08576    1019.75765   -1019.85217
       8.11876    1020.35636   -1020.43059
       8.15176    1020.87753   -1020.96826
       8.18476    1021.35845   -1021.46535
       8.21776    1021.81231   -1021.91574
       8.25076    1022.22426   -1022.32522
       8.28376    1022.59761   -1022.70302
       8.31676    1022.94029   -1023.04341
       8.34976    1023.23163   -1023.33207
       8.38276    1023.45509   -1023.55919
       8.41576    1023.62357   -1023.71710
       8.44876    1023.75938   -1023.81848
       8.48176    1023.86847   -1023.89126
       8.51476    1023.94162   -1023.94679
       8.54776    1023.97983   -1023.98258
       8.58076    1023.99692   -1023.99954
       8.61376    1024.00342   -1024.00481
       8.64676    1024.00503   -1024.00575
       8.67976    1024.00524   -1024.00584
       8.71276    1024.00525   -1024.00584
       8.74576    1024.00525   -1024.00584
       8.77876    1024.00525   -1024.00584
       8.81176    1024.00525   -1024.00584
       8.84476    1024.00525   -1024.00584
       8.87776    1024.00525   -1024.00584
       8.91076    1024.00525   -1024.00584
       8.94376    1024.00525   -1024.00584
       8.97676    1024.00525   -1024.00584
       9.00976    1024.00525   -1024.00584
       9.04276    1024.00525   -1024.00584
       9.07576    1024.00525   -1024.00584
       9.10876    1024.00525   -1024.00584
       9.14176    1024.00525   -1024.00584
       9.17476    1024.00525   -1024.00584
       9.20776    1024.00525   -1024.00584
       9.24076    1024.00525   -1024.00584
       9.27376    1024.00525   -1024.00584
       9.30676    1024.00525   -1024.00584
       9.33976    1024.00525   -1024.00584
       9.37276    1024.00525   -1024.00584
       9.40576    1024.00525   -1024.00584
       9.43876    1024.00525   -1024.00584
       9.47176    1024.00525   -1024.00584
       9.50476    1024.00525   -1024.00584
       9.53776    1024.00525   -1024.00584
       9.57076    1024.00525   -1024.00584
       9.60376    1024.00525   -1024.00584
       9.63676    1024.00525   -1024.00584
       9.66976    1024.00525   -1024.00584
       9.70276    1024.00525   -1024.00584
       9.73576    1024.00525   -1024.00584
       9.76876    1024.00525   -1024.00584
       9.80176    1024.00525   -1024.00584
       9.83476    1024.00525   -1024.00584
       9.86776    1024.00525   -1024.00584
       9.90076    1024.00525   -1024.00584
       9.93376    1024.00525   -1024.00584
       9.96676    1024.00525   -1024.00584
       9.99976    1024.00525   -1024.00584
      10.03276    1024.00525   -1024.00584
