      #Energy        TDOS-UP        TDOS-DOWN
     -22.97672       0.00000       0.00000
     -22.94372       0.00000       0.00000
     -22.91072       0.00000       0.00000
     -22.87772       0.00000       0.00000
     -22.84472       0.00000       0.00000
     -22.81172       0.00000       0.00000
     -22.77872       0.00000       0.00000
     -22.74572       0.00000       0.00000
     -22.71272       0.00000       0.00000
     -22.67972       0.00000       0.00000
     -22.64672       0.00000       0.00000
     -22.61372       0.00000       0.00000
     -22.58072       0.00000       0.00000
     -22.54772       0.00000       0.00000
     -22.51472       0.00000       0.00000
     -22.48172       0.00000       0.00000
     -22.44872       0.00000       0.00000
     -22.41572       0.00000       0.00000
     -22.38272       0.00000       0.00000
     -22.34972       0.00000       0.00000
     -22.31672       0.00000       0.00000
     -22.28372       0.00000       0.00000
     -22.25072       0.00000       0.00000
     -22.21772       0.00000       0.00000
     -22.18472       0.00000       0.00000
     -22.15172       0.00000       0.00000
     -22.11972       0.00000       0.00000
     -22.08672       0.00000       0.00000
     -22.05372       0.00000       0.00000
     -22.02072       0.00000       0.00000
     -21.98772       0.00000       0.00000
     -21.95472       0.00000       0.00000
     -21.92172       0.00000       0.00000
     -21.88872       0.00000       0.00000
     -21.85572       0.00000       0.00000
     -21.82272       0.00000       0.00000
     -21.78972       0.00000       0.00000
     -21.75672       0.00000      -0.00000
     -21.72372       0.00000      -0.00000
     -21.69072       0.00000      -0.00000
     -21.65772       0.00002      -0.00001
     -21.62472       0.00201      -0.00091
     -21.59172       0.07706      -0.04080
     -21.55872       1.28300      -0.79700
     -21.52572       9.37800      -6.81900
     -21.49272      30.29000     -25.75000
     -21.45972      43.47000     -43.19000
     -21.42672      27.79000     -32.25000
     -21.39372       7.88900     -10.70000
     -21.36072       0.98940      -1.57100
     -21.32772       0.05439      -0.10130
     -21.29472       0.00130      -0.00284
     -21.26172       0.00001      -0.00003
     -21.22872       0.00000      -0.00000
     -21.19572       0.00000      -0.00000
     -21.16272       0.00000      -0.00000
     -21.12972       0.00000       0.00000
     -21.09672       0.00000       0.00000
     -21.06372       0.00000       0.00000
     -21.03072       0.00000       0.00000
     -20.99772       0.00000       0.00000
     -20.96472       0.00000       0.00000
     -20.93172       0.00000       0.00000
     -20.89872       0.00000       0.00000
     -20.86572       0.00000       0.00000
     -20.83272       0.00000       0.00000
     -20.79972       0.00000       0.00000
     -20.76672       0.00000       0.00000
     -20.73372       0.00000       0.00000
     -20.70072       0.00000       0.00000
     -20.66772       0.00000       0.00000
     -20.63472       0.00000       0.00000
     -20.60172       0.00000       0.00000
     -20.56872       0.00000       0.00000
     -20.53572       0.00000       0.00000
     -20.50272       0.00000       0.00000
     -20.46972       0.00000       0.00000
     -20.43672       0.00000       0.00000
     -20.40372       0.00000       0.00000
     -20.37072       0.00000       0.00000
     -20.33772       0.00000       0.00000
     -20.30472       0.00000       0.00000
     -20.27172       0.00000       0.00000
     -20.23872       0.00000       0.00000
     -20.20572       0.00000       0.00000
     -20.17272       0.00000       0.00000
     -20.13972       0.00000       0.00000
     -20.10672       0.00000       0.00000
     -20.07372       0.00000       0.00000
     -20.04072       0.00000       0.00000
     -20.00772       0.00000       0.00000
     -19.97472       0.00000       0.00000
     -19.94172       0.00000       0.00000
     -19.90872       0.00000       0.00000
     -19.87572       0.00000       0.00000
     -19.84272       0.00000       0.00000
     -19.80972       0.00000       0.00000
     -19.77672       0.00000       0.00000
     -19.74372       0.00000       0.00000
     -19.71072       0.00000       0.00000
     -19.67772       0.00000       0.00000
     -19.64472       0.00000       0.00000
     -19.61172       0.00000       0.00000
     -19.57872       0.00000       0.00000
     -19.54572       0.00000       0.00000
     -19.51272       0.00000       0.00000
     -19.47972       0.00000       0.00000
     -19.44672       0.00000       0.00000
     -19.41372       0.00000       0.00000
     -19.38072       0.00000       0.00000
     -19.34772       0.00000       0.00000
     -19.31472       0.00000       0.00000
     -19.28172       0.00000       0.00000
     -19.24872       0.00000       0.00000
     -19.21572       0.00000       0.00000
     -19.18272       0.00000       0.00000
     -19.14972       0.00000       0.00000
     -19.11672       0.00000       0.00000
     -19.08372       0.00000       0.00000
     -19.05072       0.00000       0.00000
     -19.01772       0.00000       0.00000
     -18.98472       0.00000       0.00000
     -18.95172       0.00000       0.00000
     -18.91872       0.00000       0.00000
     -18.88572       0.00000       0.00000
     -18.85272       0.00000       0.00000
     -18.81972       0.00000       0.00000
     -18.78672       0.00000       0.00000
     -18.75372       0.00000      -0.00000
     -18.72072       0.00000      -0.00000
     -18.68772       0.00000      -0.00000
     -18.65472       0.00000      -0.00000
     -18.62172       0.00046      -0.00006
     -18.58872       0.01958      -0.00375
     -18.55572       0.37100      -0.10300
     -18.52272       3.19200      -1.27800
     -18.48972      12.91000      -7.35400
     -18.45672      26.98000     -20.87000
     -18.42372      37.38000     -34.22000
     -18.39072      48.43000     -44.29000
     -18.35772      60.67000     -56.07000
     -18.32472      61.50000     -62.13000
     -18.29172      49.99000     -54.67000
     -18.25872      37.93000     -42.45000
     -18.22572      32.79000     -34.39000
     -18.19272      35.44000     -34.80000
     -18.15972      34.98000     -36.46000
     -18.12672      30.27000     -31.90000
     -18.09372      26.16000     -27.18000
     -18.06072      24.64000     -24.88000
     -18.02772      26.23000     -26.36000
     -17.99472      22.41000     -25.29000
     -17.96172      15.94000     -18.33000
     -17.92872      18.12000     -16.36000
     -17.89572      28.26000     -24.43000
     -17.86272      35.00000     -33.13000
     -17.82972      31.66000     -33.36000
     -17.79672      18.89000     -24.10000
     -17.76372       6.16800     -10.42000
     -17.73072       1.49600      -2.46700
     -17.69772       4.20500      -2.21200
     -17.66472      15.64000      -9.45900
     -17.63172      34.87000     -23.90000
     -17.59872      58.92000     -42.57000
     -17.56572      76.02000     -65.32000
     -17.53272      65.59000     -74.28000
     -17.49972      37.57000     -55.63000
     -17.46672      17.06000     -28.53000
     -17.43372      11.61000     -13.76000
     -17.40072      15.79000     -12.81000
     -17.36772      23.01000     -19.49000
     -17.33472      27.46000     -26.14000
     -17.30172      30.39000     -29.26000
     -17.26872      31.41000     -31.23000
     -17.23572      26.52000     -29.41000
     -17.20272      23.00000     -24.69000
     -17.16972      23.29000     -23.80000
     -17.13672      16.04000     -20.23000
     -17.10372       5.59600      -9.98100
     -17.07072       0.95510      -2.51900
     -17.03772       0.45830      -0.46060
     -17.00472       2.78600      -1.46500
     -16.97172       9.29100      -6.42700
     -16.93872      15.39000     -13.68000
     -16.90572      14.92000     -15.78000
     -16.87272      10.58000     -12.39000
     -16.83972       5.40400      -7.37800
     -16.80672       1.58900      -2.76700
     -16.77372       0.23600      -0.53910
     -16.74072       0.12200      -0.09294
     -16.70772       1.13100      -0.57870
     -16.67472       5.94700      -3.74700
     -16.64172      15.81000     -12.32000
     -16.60872      22.01000     -20.99000
     -16.57572      19.70000     -20.77000
     -16.54272      19.74000     -18.93000
     -16.50972      24.60000     -22.76000
     -16.47672      28.83000     -27.59000
     -16.44372      30.91000     -30.24000
     -16.41072      32.18000     -31.91000
     -16.37772      27.74000     -30.09000
     -16.34472      17.24000     -20.73000
     -16.31172      10.10000     -11.77000
     -16.27872       9.33000      -8.78900
     -16.24572      13.11000     -11.33000
     -16.21272      14.22000     -14.67000
     -16.17972       9.37100     -11.65000
     -16.14672       9.04600      -8.14000
     -16.11372      18.78000     -14.29000
     -16.08072      29.53000     -25.87000
     -16.04772      33.22000     -32.38000
     -16.01472      32.43000     -32.55000
     -15.98172      33.34000     -32.28000
     -15.94872      34.94000     -34.43000
     -15.91572      32.91000     -34.04000
     -15.88272      29.69000     -30.38000
     -15.84972      30.43000     -29.17000
     -15.81672      34.18000     -32.81000
     -15.78372      32.83000     -34.50000
     -15.75072      27.20000     -29.19000
     -15.71772      25.24000     -25.73000
     -15.68472      22.28000     -23.68000
     -15.65172      21.17000     -20.59000
     -15.61872      21.43000     -21.36000
     -15.58572      18.30000     -19.71000
     -15.55272      18.07000     -17.22000
     -15.51972      22.25000     -20.09000
     -15.48672      25.22000     -23.57000
     -15.45372      28.46000     -25.09000
     -15.42072      34.06000     -30.03000
     -15.38772      37.99000     -36.07000
     -15.35472      38.60000     -38.54000
     -15.32172      38.44000     -39.70000
     -15.28872      37.00000     -40.52000
     -15.25572      30.91000     -36.06000
     -15.22272      22.41000     -26.73000
     -15.18972      19.34000     -19.58000
     -15.15672      25.85000     -21.88000
     -15.12372      32.34000     -30.02000
     -15.09072      32.16000     -33.03000
     -15.05772      29.54000     -30.13000
     -15.02472      33.00000     -27.30000
     -14.99172      45.74000     -36.57000
     -14.95872      49.45000     -51.03000
     -14.92572      41.02000     -49.45000
     -14.89272      33.38000     -38.06000
     -14.85972      30.50000     -30.65000
     -14.82672      32.32000     -29.41000
     -14.79372      37.30000     -33.60000
     -14.76072      42.00000     -38.83000
     -14.72772      48.96000     -44.66000
     -14.69472      55.32000     -52.79000
     -14.66172      51.47000     -55.25000
     -14.62872      39.33000     -46.11000
     -14.59572      31.16000     -35.21000
     -14.56272      26.59000     -29.42000
     -14.52972      23.17000     -24.42000
     -14.49672      22.84000     -22.66000
     -14.46372      20.31000     -22.04000
     -14.43072      17.94000     -18.98000
     -14.39772      22.36000     -20.29000
     -14.36472      31.87000     -27.96000
     -14.33172      42.09000     -37.78000
     -14.29872      44.55000     -44.56000
     -14.26572      34.63000     -39.73000
     -14.23272      24.01000     -27.54000
     -14.19972      22.08000     -21.54000
     -14.16672      23.57000     -22.72000
     -14.13372      23.06000     -23.48000
     -14.10072      26.39000     -24.31000
     -14.06772      35.51000     -31.85000
     -14.03472      40.37000     -40.19000
     -14.00172      34.88000     -39.10000
     -13.96872      25.26000     -29.03000
     -13.93572      25.18000     -23.80000
     -13.90272      32.56000     -28.86000
     -13.86972      35.89000     -34.01000
     -13.83672      29.83000     -32.10000
     -13.80372      19.05000     -24.07000
     -13.77072      10.77000     -14.71000
     -13.73772       6.11700      -8.30100
     -13.70472       3.72400      -4.73900
     -13.67172       4.48200      -3.86800
     -13.63872      10.61000      -7.82700
     -13.60572      19.94000     -17.12000
     -13.57272      20.61000     -22.19000
     -13.53972      10.70000     -14.64000
     -13.50672       4.22300      -5.23100
     -13.47372       8.70500      -5.14700
     -13.44072      19.15000     -14.50000
     -13.40772      19.74000     -21.30000
     -13.37472       9.29600     -14.45000
     -13.34172       2.13600      -4.61100
     -13.30872       1.47500      -1.35500
     -13.27572       5.98100      -4.04500
     -13.24272      14.85000     -11.99000
     -13.20972      21.84000     -19.88000
     -13.17672      23.22000     -21.15000
     -13.14372      25.42000     -21.84000
     -13.11072      32.36000     -29.21000
     -13.07772      34.10000     -35.45000
     -13.04472      25.33000     -29.97000
     -13.01172      17.74000     -19.89000
     -12.97872      18.11000     -15.43000
     -12.94572      24.69000     -17.94000
     -12.91272      27.74000     -25.17000
     -12.87972      21.45000     -26.96000
     -12.84672      19.00000     -21.61000
     -12.81372      25.59000     -22.83000
     -12.78072      26.34000     -27.66000
     -12.74772      21.81000     -24.29000
     -12.71472      26.88000     -23.21000
     -12.68172      38.04000     -34.17000
     -12.64872      39.69000     -41.89000
     -12.61572      32.25000     -35.09000
     -12.58272      29.34000     -27.73000
     -12.54972      30.09000     -28.43000
     -12.51672      24.53000     -27.52000
     -12.48372      17.69000     -20.29000
     -12.45072      21.94000     -16.90000
     -12.41772      34.16000     -25.82000
     -12.38472      36.62000     -36.53000
     -12.35172      29.36000     -33.15000
     -12.31872      27.27000     -25.83000
     -12.28572      29.60000     -28.83000
     -12.25272      32.45000     -34.85000
     -12.21972      32.08000     -35.42000
     -12.18672      28.91000     -32.13000
     -12.15372      31.17000     -31.33000
     -12.12072      33.60000     -31.50000
     -12.08772      30.72000     -26.70000
     -12.05472      24.00000     -24.60000
     -12.02172      15.67000     -21.92000
     -11.98872      18.62000     -17.68000
     -11.95572      29.70000     -24.87000
     -11.92272      35.35000     -35.68000
     -11.88972      37.16000     -39.28000
     -11.85672      38.11000     -39.83000
     -11.82372      36.05000     -37.99000
     -11.79072      31.53000     -34.15000
     -11.75772      25.80000     -28.87000
     -11.72472      21.50000     -23.48000
     -11.69172      20.41000     -21.05000
     -11.65872      19.31000     -19.81000
     -11.62572      16.24000     -16.80000
     -11.59272      13.69000     -14.14000
     -11.55972      12.48000     -12.66000
     -11.52672      13.61000     -13.04000
     -11.49372      17.97000     -16.68000
     -11.46072      20.93000     -20.82000
     -11.42772      15.84000     -17.62000
     -11.39472       8.72400      -9.99500
     -11.36172       7.22900      -6.69800
     -11.32872      13.51000     -10.32000
     -11.29572      26.54000     -22.00000
     -11.26272      35.19000     -33.86000
     -11.22972      32.27000     -34.44000
     -11.19672      24.34000     -26.41000
     -11.16372      22.42000     -21.06000
     -11.13072      27.24000     -24.74000
     -11.09772      30.32000     -30.35000
     -11.06472      33.07000     -33.67000
     -11.03172      34.87000     -35.21000
     -10.99872      32.57000     -32.80000
     -10.96572      27.66000     -28.41000
     -10.93272      23.53000     -23.16000
     -10.89972      29.03000     -24.51000
     -10.86672      40.65000     -35.68000
     -10.83372      45.50000     -43.93000
     -10.80072      49.64000     -45.71000
     -10.76772      55.56000     -51.48000
     -10.73472      48.62000     -53.00000
     -10.70172      36.83000     -41.03000
     -10.66872      34.31000     -32.90000
     -10.63572      32.35000     -33.76000
     -10.60272      24.15000     -30.75000
     -10.56972      18.04000     -22.25000
     -10.53672      22.59000     -20.27000
     -10.50372      33.17000     -29.35000
     -10.47072      38.23000     -38.17000
     -10.43772      34.84000     -37.63000
     -10.40472      29.39000     -31.99000
     -10.37172      25.46000     -26.60000
     -10.33872      25.29000     -24.88000
     -10.30572      26.19000     -26.21000
     -10.27372      26.35000     -26.77000
     -10.24072      26.13000     -26.32000
     -10.20772      25.71000     -25.78000
     -10.17472      24.65000     -25.27000
     -10.14172      23.93000     -24.56000
     -10.10872      23.43000     -24.27000
     -10.07572      19.54000     -21.02000
     -10.04272      14.63000     -15.32000
     -10.00972      13.71000     -12.94000
      -9.97672      16.75000     -15.07000
      -9.94372      21.54000     -19.77000
      -9.91072      23.51000     -23.39000
      -9.87772      22.74000     -23.17000
      -9.84472      26.03000     -24.40000
      -9.81172      37.38000     -33.39000
      -9.77872      49.81000     -47.22000
      -9.74572      51.01000     -52.69000
      -9.71272      42.22000     -45.21000
      -9.67972      36.51000     -36.81000
      -9.64672      36.42000     -35.47000
      -9.61372      35.05000     -34.78000
      -9.58072      34.73000     -34.01000
      -9.54772      34.73000     -35.24000
      -9.51472      32.48000     -33.46000
      -9.48172      33.01000     -32.00000
      -9.44872      36.17000     -34.63000
      -9.41572      36.74000     -36.04000
      -9.38272      37.88000     -35.97000
      -9.34972      40.72000     -38.82000
      -9.31672      40.55000     -41.14000
      -9.28372      37.08000     -39.51000
      -9.25072      32.93000     -34.89000
      -9.21772      30.30000     -30.86000
      -9.18472      26.97000     -28.51000
      -9.15172      22.98000     -25.06000
      -9.11872      21.14000     -22.50000
      -9.08572      18.86000     -20.55000
      -9.05272      18.80000     -19.35000
      -9.01972      21.22000     -20.88000
      -8.98672      24.44000     -22.99000
      -8.95372      30.74000     -28.97000
      -8.92072      31.78000     -32.95000
      -8.88772      27.59000     -28.93000
      -8.85472      30.44000     -29.05000
      -8.82172      34.24000     -33.78000
      -8.78872      27.24000     -29.76000
      -8.75572      16.80000     -19.20000
      -8.72272      16.80000     -15.80000
      -8.68972      29.93000     -26.37000
      -8.65672      42.68000     -40.63000
      -8.62372      42.04000     -43.21000
      -8.59072      34.13000     -35.50000
      -8.55772      34.76000     -33.47000
      -8.52472      43.54000     -41.83000
      -8.49172      47.11000     -47.27000
      -8.45872      39.89000     -42.08000
      -8.42572      26.42000     -29.70000
      -8.39272      18.19000     -19.46000
      -8.35972      21.61000     -20.63000
      -8.32672      28.08000     -27.23000
      -8.29372      33.63000     -32.35000
      -8.26072      43.40000     -40.92000
      -8.22772      51.15000     -50.03000
      -8.19472      49.40000     -49.75000
      -8.16172      49.96000     -48.48000
      -8.12872      58.15000     -55.99000
      -8.09572      63.04000     -62.62000
      -8.06272      58.64000     -59.64000
      -8.02972      52.79000     -52.16000
      -7.99672      55.22000     -51.62000
      -7.96372      62.22000     -58.22000
      -7.93072      67.18000     -65.81000
      -7.89772      62.03000     -65.75000
      -7.86472      49.43000     -53.65000
      -7.83172      42.10000     -43.69000
      -7.79872      37.82000     -39.76000
      -7.76572      34.94000     -36.57000
      -7.73272      34.81000     -35.73000
      -7.69972      34.24000     -35.21000
      -7.66672      35.17000     -35.32000
      -7.63372      38.21000     -37.98000
      -7.60072      39.69000     -39.44000
      -7.56772      44.99000     -42.01000
      -7.53472      64.96000     -54.63000
      -7.50172      93.28000     -81.13000
      -7.46872      96.86000    -100.20000
      -7.43572      73.35000     -86.41000
      -7.40272      54.77000     -61.77000
      -7.36972      44.87000     -47.81000
      -7.33672      36.90000     -38.87000
      -7.30372      32.37000     -33.01000
      -7.27072      35.06000     -34.30000
      -7.23772      39.44000     -39.01000
      -7.20472      38.15000     -38.31000
      -7.17172      36.82000     -36.28000
      -7.13872      41.62000     -40.08000
      -7.10572      48.37000     -47.08000
      -7.07272      52.29000     -51.62000
      -7.03972      50.00000     -50.74000
      -7.00672      43.01000     -44.28000
      -6.97372      37.95000     -38.56000
      -6.94072      36.05000     -36.11000
      -6.90772      33.92000     -34.39000
      -6.87472      31.22000     -31.36000
      -6.84172      29.23000     -29.35000
      -6.80872      23.07000     -24.49000
      -6.77572      15.92000     -17.07000
      -6.74272      16.29000     -15.47000
      -6.70972      24.22000     -22.40000
      -6.67672      29.69000     -28.79000
      -6.64372      34.34000     -32.21000
      -6.61072      44.55000     -42.08000
      -6.57772      50.71000     -51.02000
      -6.54472      52.48000     -52.21000
      -6.51172      56.53000     -54.83000
      -6.47872      57.27000     -56.45000
      -6.44572      64.65000     -58.27000
      -6.41272      88.90000     -73.16000
      -6.37972     105.20000     -88.79000
      -6.34672     100.90000     -90.96000
      -6.31372      93.58000     -86.92000
      -6.28072      89.24000     -88.59000
      -6.24772      80.78000     -90.35000
      -6.21472      64.92000     -79.53000
      -6.18172      48.55000     -59.25000
      -6.14872      36.91000     -43.16000
      -6.11572      35.49000     -39.44000
      -6.08272      53.91000     -49.23000
      -6.04972      75.26000     -68.64000
      -6.01672      82.57000     -83.56000
      -5.98372      91.93000     -92.54000
      -5.95072      98.17000     -94.86000
      -5.91772      88.85000     -88.26000
      -5.88472      89.97000     -90.60000
      -5.85172     110.90000    -110.50000
      -5.81872     119.30000    -124.50000
      -5.78572     102.20000    -110.90000
      -5.75272      79.17000     -82.61000
      -5.71972      64.84000     -60.67000
      -5.68672      57.63000     -54.06000
      -5.65372      56.52000     -58.86000
      -5.62072      63.73000     -63.85000
      -5.58772      69.76000     -65.96000
      -5.55472      68.30000     -71.93000
      -5.52172      58.87000     -70.14000
      -5.48872      45.18000     -51.42000
      -5.45572      47.34000     -41.52000
      -5.42272      71.77000     -55.12000
      -5.38972      93.93000     -78.77000
      -5.35672      96.19000     -89.04000
      -5.32372      96.35000     -83.14000
      -5.29072     103.10000     -86.77000
      -5.25772     104.40000    -103.90000
      -5.22472      98.50000    -112.00000
      -5.19172      90.97000    -106.30000
      -5.15872      95.55000    -106.10000
      -5.12572     114.60000    -113.00000
      -5.09272     120.90000    -120.40000
      -5.05972      87.55000    -101.50000
      -5.02672      47.30000     -57.29000
      -4.99372      39.18000     -33.82000
      -4.96072      51.96000     -41.70000
      -4.92772      57.72000     -56.04000
      -4.89472      49.13000     -55.93000
      -4.86172      35.32000     -42.88000
      -4.82872      24.18000     -30.18000
      -4.79572      24.80000     -27.31000
      -4.76272      40.99000     -36.56000
      -4.72972      62.60000     -55.69000
      -4.69672      73.36000     -75.08000
      -4.66372      66.20000     -75.81000
      -4.63072      49.62000     -57.11000
      -4.59772      37.69000     -39.96000
      -4.56472      34.36000     -33.75000
      -4.53172      39.13000     -36.31000
      -4.49872      52.45000     -46.83000
      -4.46572      60.00000     -55.60000
      -4.43272      54.19000     -54.57000
      -4.39972      47.62000     -49.82000
      -4.36672      46.63000     -47.62000
      -4.33372      47.02000     -45.35000
      -4.30072      44.99000     -42.79000
      -4.26772      37.77000     -41.10000
      -4.23472      29.02000     -31.26000
      -4.20172      38.29000     -25.69000
      -4.16872      70.23000     -47.59000
      -4.13572      90.63000     -82.16000
      -4.10272      77.63000     -88.63000
      -4.06972      53.31000     -67.69000
      -4.03672      42.40000     -50.54000
      -4.00372      47.70000     -47.98000
      -3.97072      57.21000     -56.30000
      -3.93772      60.94000     -65.03000
      -3.90472      66.11000     -65.14000
      -3.87172      80.09000     -63.93000
      -3.83872      97.51000     -76.38000
      -3.80572     108.60000    -103.40000
      -3.77272     109.40000    -122.40000
      -3.73972      96.60000    -115.00000
      -3.70672      85.91000     -92.72000
      -3.67372      85.66000     -82.29000
      -3.64072      80.31000     -84.22000
      -3.60772      75.11000     -83.86000
      -3.57472      87.33000     -85.21000
      -3.54172     106.90000     -92.91000
      -3.50872     116.50000    -101.20000
      -3.47572     104.50000     -96.49000
      -3.44272      69.05000     -73.95000
      -3.40972      32.57000     -51.14000
      -3.37672      17.05000     -30.31000
      -3.34372      22.14000     -14.86000
      -3.31072      32.70000     -15.28000
      -3.27772      37.20000     -28.77000
      -3.24472      35.00000     -39.54000
      -3.21172      31.76000     -39.36000
      -3.17872      33.75000     -34.76000
      -3.14572      38.23000     -34.45000
      -3.11272      41.26000     -36.97000
      -3.07972      42.83000     -37.68000
      -3.04672      44.77000     -35.95000
      -3.01372      41.66000     -37.78000
      -2.98072      29.98000     -43.71000
      -2.94772      21.34000     -38.64000
      -2.91472      23.63000     -26.56000
      -2.88172      30.07000     -23.74000
      -2.84872      31.18000     -29.05000
      -2.81572      30.19000     -30.85000
      -2.78272      32.03000     -29.86000
      -2.74972      35.55000     -31.28000
      -2.71672      38.66000     -33.64000
      -2.68372      40.79000     -36.56000
      -2.65072      43.12000     -40.01000
      -2.61772      43.87000     -43.41000
      -2.58472      37.12000     -45.46000
      -2.55172      28.32000     -40.20000
      -2.51872      23.06000     -30.04000
      -2.48572      19.72000     -24.03000
      -2.45272      21.67000     -21.08000
      -2.41972      27.87000     -21.25000
      -2.38672      29.20000     -26.39000
      -2.35372      25.57000     -29.74000
      -2.32072      24.46000     -26.66000
      -2.28772      24.90000     -24.64000
      -2.25472      23.23000     -25.80000
      -2.22172      21.45000     -25.06000
      -2.18872      20.05000     -23.37000
      -2.15572      21.93000     -21.47000
      -2.12272      30.89000     -21.82000
      -2.08972      36.96000     -29.41000
      -2.05672      33.79000     -35.99000
      -2.02372      29.74000     -33.09000
      -1.99072      25.85000     -28.12000
      -1.95772      20.51000     -25.23000
      -1.92472      18.59000     -20.40000
      -1.89172      18.06000     -17.79000
      -1.85872      14.26000     -18.57000
      -1.82572       9.78600     -16.85000
      -1.79272       8.90900     -11.86000
      -1.75972      10.29000      -8.97600
      -1.72672      10.31000      -9.60200
      -1.69372       8.68800     -10.44000
      -1.66072       7.97500      -9.44400
      -1.62772      10.03000      -8.56000
      -1.59472      16.24000     -10.38000
      -1.56172      22.63000     -16.03000
      -1.52872      22.03000     -21.83000
      -1.49572      19.66000     -22.33000
      -1.46272      25.23000     -20.55000
      -1.42972      32.40000     -24.85000
      -1.39672      32.70000     -32.08000
      -1.36372      25.78000     -33.44000
      -1.33072      16.28000     -26.71000
      -1.29772      14.79000     -16.94000
      -1.26472      20.79000     -15.28000
      -1.23172      25.68000     -21.02000
      -1.19872      28.60000     -25.80000
      -1.16572      29.50000     -28.60000
      -1.13272      22.81000     -29.29000
      -1.09972      10.51000     -22.47000
      -1.06672       4.91400     -10.11000
      -1.03372       9.66200      -4.35600
      -1.00072      18.57000      -9.33000
      -0.96772      25.06000     -18.42000
      -0.93472      32.99000     -24.13000
      -0.90172      43.95000     -32.96000
      -0.86872      47.62000     -43.88000
      -0.83572      39.90000     -44.91000
      -0.80272      31.95000     -37.56000
      -0.76972      28.25000     -30.59000
      -0.73672      24.41000     -28.10000
      -0.70372      21.07000     -25.94000
      -0.67072      20.93000     -23.90000
      -0.63772      25.09000     -25.43000
      -0.60472      27.93000     -28.44000
      -0.57172      26.68000     -24.26000
      -0.53872      23.21000     -17.02000
      -0.50572      17.59000     -17.94000
      -0.47272      14.91000     -20.22000
      -0.43972      20.11000     -16.56000
      -0.40672      24.87000     -15.39000
      -0.37372      19.21000     -21.37000
      -0.34072      10.99000     -23.84000
      -0.30772       8.48800     -15.78000
      -0.27472      10.39000      -8.11600
      -0.24172      14.74000      -7.32800
      -0.20872      16.90000      -9.66200
      -0.17572      14.98000     -13.72000
      -0.14272      14.17000     -15.52000
      -0.10972      18.14000     -11.80000
      -0.07672      26.21000      -9.44500
      -0.04372      32.50000     -14.43000
      -0.01072      32.85000     -20.96000
       0.02228      32.94000     -21.97000
       0.05528      32.89000     -22.07000
       0.08828      26.91000     -26.54000
       0.12128      18.84000     -31.02000
       0.15428      16.24000     -30.79000
       0.18728      16.66000     -28.03000
       0.22028      12.30000     -24.56000
       0.25328       7.19500     -20.36000
       0.28628      11.94000     -20.49000
       0.31928      23.78000     -25.01000
       0.35228      28.63000     -29.23000
       0.38528      24.56000     -29.11000
       0.41828      17.60000     -24.23000
       0.45128       9.22900     -18.38000
       0.48428       2.92300     -11.91000
       0.51728       0.49810      -5.58800
       0.55028       0.04227      -1.61700
       0.58328       0.00169      -0.24870
       0.61628       0.00003      -0.01840
       0.64928       0.00000      -0.00062
       0.68228       0.00000      -0.00001
       0.71528       0.00000      -0.00000
       0.74828       0.00000      -0.00000
       0.78128       0.00000      -0.00000
       0.81428       0.00003      -0.00000
       0.84728       0.00151      -0.00024
       0.88028       0.03404      -0.00773
       0.91328       0.36100      -0.11380
       0.94628       1.89200      -0.80590
       0.97928       5.29900      -2.95500
       1.01228       9.24800      -6.24500
       1.04528      12.92000      -9.18500
       1.07828      15.03000     -12.31000
       1.11128      10.99000     -14.36000
       1.14428       4.08500     -10.29000
       1.17728       0.84930      -3.68800
       1.21028       1.57700      -0.78780
       1.24328       7.42100      -1.79600
       1.27628      17.19000      -7.94200
       1.30928      19.55000     -17.35000
       1.34228      11.13000     -19.02000
       1.37528       3.17000     -10.76000
       1.40828       0.44080      -3.12500
       1.44128       0.02953      -0.44980
       1.47428       0.02434      -0.03257
       1.50728       0.41800      -0.05908
       1.53928       3.38500      -0.82270
       1.57228      13.04000      -5.35100
       1.60528      26.13000     -16.87000
       1.63828      32.34000     -28.50000
       1.67128      32.88000     -31.14000
       1.70428      32.98000     -30.41000
       1.73728      26.24000     -31.09000
       1.77028      15.77000     -24.96000
       1.80328      17.30000     -16.44000
       1.83628      27.24000     -19.61000
       1.86928      28.94000     -27.10000
       1.90228      23.58000     -26.47000
       1.93528      24.09000     -22.30000
       1.96828      30.63000     -23.89000
       2.00128      30.39000     -30.09000
       2.03428      26.42000     -29.47000
       2.06728      26.36000     -26.00000
       2.10028      25.63000     -26.36000
       2.13328      24.75000     -24.91000
       2.16628      24.27000     -23.44000
       2.19928      19.91000     -24.12000
       2.23228      19.37000     -20.97000
       2.26528      27.03000     -19.59000
       2.29828      33.05000     -25.94000
       2.33128      32.58000     -31.99000
       2.36428      29.85000     -32.48000
       2.39728      28.30000     -30.04000
       2.43028      27.95000     -27.93000
       2.46328      26.22000     -27.29000
       2.49628      24.03000     -26.08000
       2.52928      26.32000     -23.47000
       2.56228      32.17000     -23.25000
       2.59528      35.33000     -27.79000
       2.62828      32.20000     -33.36000
       2.66128      25.09000     -34.18000
       2.69428      22.09000     -28.52000
       2.72728      25.66000     -22.86000
       2.76028      30.38000     -23.35000
       2.79328      32.60000     -27.99000
       2.82628      31.40000     -31.84000
       2.85928      28.03000     -32.02000
       2.89228      23.14000     -30.27000
       2.92528      16.71000     -26.85000
       2.95828      11.78000     -19.67000
       2.99128       9.25800     -12.53000
       3.02428       6.55000      -9.46700
       3.05728       6.39600      -8.17700
       3.09028      12.28000      -9.51000
       3.12328      21.34000     -19.78000
       3.15628      29.25000     -31.90000
       3.18928      30.65000     -29.88000
       3.22228      34.31000     -25.12000
       3.25528      44.41000     -36.48000
       3.28828      39.54000     -45.00000
       3.32128      19.78000     -31.55000
       3.35428       5.43100     -13.22000
       3.38728       1.04200      -3.85800
       3.42028       2.18500      -2.65200
       3.45328       8.94700      -8.80100
       3.48628      18.95000     -18.78000
       3.51928      22.76000     -22.50000
       3.55228      23.37000     -22.55000
       3.58528      30.69000     -29.11000
       3.61828      39.94000     -35.48000
       3.65128      46.29000     -33.28000
       3.68428      51.89000     -34.99000
       3.71728      57.30000     -48.23000
       3.75028      72.13000     -56.82000
       3.78328      92.63000     -67.80000
       3.81628      95.35000     -90.43000
       3.84928      80.27000    -100.10000
       3.88228      55.60000     -83.77000
       3.91528      34.52000     -58.68000
       3.94828      32.94000     -43.95000
       3.98128      45.36000     -41.15000
       4.01428      63.72000     -45.05000
       4.04728      75.42000     -59.89000
       4.08028      62.74000     -72.96000
       4.11328      44.00000     -64.45000
       4.14628      36.97000     -46.86000
       4.17928      33.38000     -35.25000
       4.21228      33.75000     -33.00000
       4.24528      37.72000     -36.66000
       4.27828      42.78000     -41.11000
       4.31128      50.92000     -49.33000
       4.34428      53.42000     -53.83000
       4.37728      48.80000     -50.31000
       4.41028      42.61000     -43.47000
       4.44328      42.29000     -38.75000
       4.47628      57.31000     -47.61000
       4.50928      73.49000     -66.28000
       4.54228      72.42000     -73.18000
       4.57528      62.93000     -65.67000
       4.60828      57.77000     -56.50000
       4.64128      58.54000     -54.08000
       4.67428      69.14000     -57.64000
       4.70728      90.43000     -70.29000
       4.74028     105.00000     -87.91000
       4.77328     107.10000     -94.56000
       4.80628     101.70000     -99.62000
       4.83928      97.24000    -110.10000
       4.87228      96.87000    -115.40000
       4.90528      91.42000    -108.30000
       4.93828      84.16000     -95.39000
       4.97128      74.87000     -83.28000
       5.00428      64.96000     -69.99000
       5.03728      65.47000     -61.35000
       5.07028      70.77000     -60.56000
       5.10328      73.31000     -65.97000
       5.13628      80.66000     -76.54000
       5.16928      92.88000     -89.94000
       5.20228     106.00000    -103.50000
       5.23528     111.50000    -111.10000
       5.26828      99.93000    -103.70000
       5.30128      84.07000     -88.39000
       5.33428      78.30000     -80.57000
       5.36728      82.85000     -82.27000
       5.40028      86.63000     -87.08000
       5.43328      81.99000     -85.48000
       5.46628      77.46000     -79.77000
       5.49928      76.53000     -76.83000
       5.53228      72.34000     -74.57000
       5.56528      62.67000     -66.51000
       5.59828      59.23000     -60.54000
       5.63128      65.73000     -64.71000
       5.66428      69.64000     -67.99000
       5.69728      70.03000     -67.96000
       5.73028      78.93000     -76.12000
       5.76328      90.44000     -88.24000
       5.79628      93.81000     -93.67000
       5.82928      92.33000     -94.32000
       5.86228      90.14000     -93.19000
       5.89528      89.34000     -91.23000
       5.92828      89.87000     -90.42000
       5.96128      89.59000     -89.25000
       5.99428      86.83000     -86.57000
       6.02728      81.42000     -81.16000
       6.06028      76.23000     -75.41000
       6.09328      72.51000     -72.11000
       6.12628      70.35000     -71.08000
       6.15928      70.36000     -71.92000
       6.19228      73.60000     -75.05000
       6.22528      79.28000     -79.58000
       6.25828      83.02000     -83.51000
       6.29128      82.25000     -84.34000
       6.32428      79.28000     -81.64000
       6.35728      77.32000     -79.12000
       6.39028      77.67000     -78.45000
       6.42328      77.10000     -76.17000
       6.45628      73.75000     -71.97000
       6.48928      70.65000     -68.81000
       6.52228      68.61000     -66.49000
       6.55528      65.32000     -66.24000
       6.58828      64.46000     -68.24000
       6.62128      68.09000     -69.76000
       6.65428      70.67000     -70.33000
       6.68728      71.16000     -70.42000
       6.72028      71.66000     -69.54000
       6.75328      70.72000     -70.37000
       6.78628      69.06000     -74.66000
       6.81928      70.49000     -77.57000
       6.85228      72.74000     -75.52000
       6.88528      74.19000     -72.16000
       6.91828      76.60000     -71.53000
       6.95128      77.24000     -73.12000
       6.98428      76.25000     -72.87000
       7.01728      75.58000     -72.26000
       7.05028      74.24000     -74.51000
       7.08328      70.88000     -75.35000
       7.11628      67.13000     -72.48000
       7.14928      64.90000     -68.73000
       7.18228      62.27000     -63.88000
       7.21528      58.74000     -58.69000
       7.24828      56.52000     -56.75000
       7.28128      57.20000     -57.69000
       7.31428      58.90000     -57.68000
       7.34728      58.35000     -54.72000
       7.38028      55.98000     -50.44000
       7.41328      52.25000     -49.07000
       7.44628      48.17000     -50.89000
       7.47928      45.89000     -50.55000
       7.51228      44.59000     -47.70000
       7.54528      43.01000     -45.92000
       7.57828      41.00000     -43.32000
       7.61128      38.31000     -39.71000
       7.64428      36.21000     -37.97000
       7.67728      34.73000     -36.94000
       7.71028      32.93000     -34.60000
       7.74328      31.31000     -31.43000
       7.77628      29.98000     -29.10000
       7.80928      28.16000     -27.94000
       7.84228      25.28000     -27.39000
       7.87528      23.92000     -27.12000
       7.90828      25.13000     -25.43000
       7.94128      25.31000     -23.46000
       7.97428      23.08000     -22.69000
       8.00728      21.47000     -21.14000
       8.04028      21.68000     -19.44000
       8.07328      20.37000     -18.84000
       8.10628      17.20000     -18.55000
       8.13928      13.96000     -18.02000
       8.17228      12.60000     -17.16000
       8.20528      13.00000     -14.36000
       8.23828      12.23000     -10.24000
       8.27128      10.01000      -7.97600
       8.30428       8.24000      -7.24700
       8.33728       7.10600      -5.90800
       8.37028       5.81700      -4.56300
       8.40328       4.44600      -4.17900
       8.43628       3.29700      -3.41400
       8.46928       2.10300      -1.94700
       8.50228       1.09400      -0.89410
       8.53528       0.41010      -0.35650
       8.56828       0.08544      -0.09235
       8.60128       0.00843      -0.01213
       8.63428       0.00037      -0.00073
       8.66728       0.00001      -0.00002
       8.70028       0.00000      -0.00000
       8.73328       0.00000      -0.00000
       8.76628       0.00000      -0.00000
       8.79928       0.00000      -0.00000
       8.83228       0.00000       0.00000
       8.86528       0.00000       0.00000
       8.89828       0.00000       0.00000
       8.93128       0.00000       0.00000
       8.96428       0.00000       0.00000
       8.99728       0.00000       0.00000
       9.03028       0.00000       0.00000
       9.06328       0.00000       0.00000
       9.09628       0.00000       0.00000
       9.12928       0.00000       0.00000
       9.16228       0.00000       0.00000
       9.19528       0.00000       0.00000
       9.22828       0.00000       0.00000
       9.26128       0.00000       0.00000
       9.29428       0.00000       0.00000
       9.32728       0.00000       0.00000
       9.36028       0.00000       0.00000
       9.39328       0.00000       0.00000
       9.42628       0.00000       0.00000
       9.45928       0.00000       0.00000
       9.49228       0.00000       0.00000
       9.52528       0.00000       0.00000
       9.55828       0.00000       0.00000
       9.59128       0.00000       0.00000
       9.62428       0.00000       0.00000
       9.65728       0.00000       0.00000
       9.69028       0.00000       0.00000
       9.72328       0.00000       0.00000
       9.75628       0.00000       0.00000
       9.78928       0.00000       0.00000
       9.82228       0.00000       0.00000
       9.85528       0.00000       0.00000
       9.88828       0.00000       0.00000
       9.92128       0.00000       0.00000
       9.95428       0.00000       0.00000
       9.98728       0.00000       0.00000
