      #Energy        TDOS-UP        TDOS-DOWN
     -19.62458       0.00000       0.00000
     -19.59658       0.00000       0.00000
     -19.56858       0.00000       0.00000
     -19.54058       0.00000       0.00000
     -19.51258       0.00000       0.00000
     -19.48358       0.00000       0.00000
     -19.45558       0.00000       0.00000
     -19.42758       0.00000       0.00000
     -19.39958       0.00000       0.00000
     -19.37158       0.00000       0.00000
     -19.34358       0.00000       0.00000
     -19.31458       0.00000       0.00000
     -19.28658       0.00000       0.00000
     -19.25858       0.00000       0.00000
     -19.23058       0.00000       0.00000
     -19.20258       0.00000       0.00000
     -19.17458       0.00000       0.00000
     -19.14558       0.00000       0.00000
     -19.11758       0.00000       0.00000
     -19.08958       0.00000       0.00000
     -19.06158       0.00000       0.00000
     -19.03358       0.00000       0.00000
     -19.00458       0.00000       0.00000
     -18.97658       0.00000       0.00000
     -18.94858       0.00000       0.00000
     -18.92058       0.00000       0.00000
     -18.89258       0.00000       0.00000
     -18.86458       0.00000       0.00000
     -18.83558       0.00000       0.00000
     -18.80758       0.00000       0.00000
     -18.77958       0.00000       0.00000
     -18.75158       0.00000       0.00000
     -18.72358       0.00000       0.00000
     -18.69558       0.00000       0.00000
     -18.66658       0.00000       0.00000
     -18.63858       0.00000       0.00000
     -18.61058       0.00000      -0.00000
     -18.58258       0.00000      -0.00000
     -18.55458       0.00000      -0.00000
     -18.52558       0.00000      -0.00000
     -18.49758       0.00000      -0.00000
     -18.46958       0.00012      -0.00002
     -18.44158       0.00200      -0.00051
     -18.41358       0.01990      -0.00663
     -18.38558       0.11907      -0.05117
     -18.35658       0.45444      -0.24375
     -18.32858       1.20241      -0.77052
     -18.30058       2.42840      -1.76814
     -18.27258       4.06241      -3.22280
     -18.24458       5.90380      -4.98191
     -18.21558       7.63642      -6.78005
     -18.18758       8.97189      -8.32051
     -18.15958       9.83961      -9.41858
     -18.13158      10.44373     -10.13330
     -18.10358      11.06800     -10.72981
     -18.07558      11.84302     -11.43213
     -18.04658      12.72652     -12.26942
     -18.01858      13.63595     -13.15335
     -17.99058      14.56707     -14.04375
     -17.96258      15.53383     -14.98671
     -17.93458      16.45495     -15.96362
     -17.90658      17.25632     -16.85923
     -17.87758      17.96610     -17.62692
     -17.84958      18.62714     -18.30755
     -17.82158      19.29946     -18.95676
     -17.79358      20.06743     -19.66852
     -17.76558      20.87612     -20.47664
     -17.73658      21.55984     -21.24067
     -17.70858      22.09268     -21.83352
     -17.68058      22.59874     -22.31902
     -17.65258      23.13693     -22.82227
     -17.62458      23.61651     -23.34087
     -17.59658      23.97352     -23.76973
     -17.56758      24.34010     -24.11617
     -17.53958      24.90436     -24.55517
     -17.51158      25.72869     -25.21227
     -17.48358      26.87128     -26.11127
     -17.45558      28.39680     -27.35009
     -17.42758      30.05025     -28.94633
     -17.39858      31.35711     -30.53666
     -17.37058      32.19919     -31.70081
     -17.34258      32.88573     -32.47823
     -17.31458      33.67935     -33.20422
     -17.28658      34.55045     -34.03488
     -17.25758      35.36140     -34.87851
     -17.22958      36.09570     -35.64381
     -17.20158      36.85071     -36.36924
     -17.17358      37.66222     -37.13792
     -17.14558      38.41442     -37.93139
     -17.11758      38.98487     -38.61793
     -17.08858      39.38583     -39.11794
     -17.06058      39.67917     -39.47593
     -17.03258      39.87324     -39.74053
     -17.00458      39.97026     -39.90676
     -16.97658      40.02127     -39.98886
     -16.94858      40.10475     -40.05486
     -16.91958      40.28438     -40.18621
     -16.89158      40.57987     -40.42836
     -16.86358      40.97154     -40.77902
     -16.83558      41.39589     -41.19915
     -16.80758      41.73861     -41.59448
     -16.77858      41.92445     -41.85585
     -16.75058      41.98911     -41.96738
     -16.72258      42.01722     -42.00160
     -16.69458      42.09070     -42.04061
     -16.66658      42.28995     -42.16583
     -16.63858      42.63525     -42.43906
     -16.60958      43.04241     -42.82678
     -16.58158      43.41365     -43.22281
     -16.55358      43.71250     -43.55925
     -16.52558      43.95397     -43.82784
     -16.49758      44.21724     -44.07363
     -16.46858      44.58467     -44.39094
     -16.44058      45.01522     -44.80655
     -16.41258      45.39759     -45.22456
     -16.38458      45.69798     -45.56241
     -16.35658      45.97835     -45.83948
     -16.32858      46.35354     -46.15092
     -16.29958      46.89313     -46.60923
     -16.27158      47.49726     -47.20475
     -16.24358      47.99754     -47.77225
     -16.21558      48.36639     -48.19758
     -16.18758      48.70930     -48.53670
     -16.15958      49.12422     -48.90906
     -16.13058      49.61563     -49.36849
     -16.10258      50.13564     -49.87879
     -16.07458      50.68623     -50.41007
     -16.04658      51.30049     -50.99376
     -16.01858      51.94562     -51.63579
     -15.98958      52.54706     -52.26414
     -15.96158      53.10737     -52.82966
     -15.93358      53.71825     -53.39138
     -15.90558      54.46523     -54.05524
     -15.87758      55.32634     -54.86745
     -15.84958      56.15235     -55.73559
     -15.82058      56.84862     -56.50343
     -15.79258      57.53178     -57.17672
     -15.76458      58.35244     -57.92652
     -15.73658      59.28061     -58.82031
     -15.70858      60.22708     -59.77045
     -15.68058      61.18117     -60.72721
     -15.65158      62.14779     -61.69792
     -15.62358      63.12090     -62.67356
     -15.59558      64.07386     -63.63047
     -15.56758      64.91946     -64.51890
     -15.53958      65.55373     -65.24940
     -15.51058      65.99640     -65.76011
     -15.48258      66.43892     -66.14854
     -15.45458      67.03445     -66.62741
     -15.42658      67.70620     -67.26309
     -15.39858      68.30441     -67.90737
     -15.37058      68.85541     -68.45598
     -15.34158      69.54745     -69.01925
     -15.31358      70.55564     -69.81991
     -15.28558      71.91054     -71.00124
     -15.25758      73.46579     -72.49845
     -15.22958      74.95159     -74.07257
     -15.20158      76.09488     -75.44284
     -15.17258      76.78847     -76.40679
     -15.14458      77.15118     -76.95272
     -15.11658      77.38832     -77.24892
     -15.08858      77.66808     -77.49459
     -15.06058      78.11906     -77.84685
     -15.03158      78.77630     -78.40673
     -15.00358      79.50468     -79.12356
     -14.97558      80.18108     -79.82391
     -14.94758      80.92524     -80.49256
     -14.91958      81.91540     -81.32943
     -14.89158      83.12998     -82.43595
     -14.86258      84.47475     -83.72422
     -14.83458      85.91827     -85.12196
     -14.80658      87.37420     -86.58394
     -14.77858      88.68106     -87.97900
     -14.75058      89.75716     -89.17302
     -14.72158      90.66813     -90.15359
     -14.69358      91.58699     -91.03427
     -14.66558      92.69310     -92.00879
     -14.63758      94.01250     -93.21633
     -14.60958      95.37600     -94.59209
     -14.58158      96.58735     -95.92192
     -14.55258      97.62287     -97.06761
     -14.52458      98.59076     -98.08101
     -14.49658      99.52653     -99.04651
     -14.46858     100.39439     -99.95100
     -14.44058     101.20252    -100.77998
     -14.41258     101.97387    -101.56303
     -14.38358     102.68112    -102.30437
     -14.35558     103.27919    -102.95851
     -14.32758     103.80949    -103.50839
     -14.29958     104.42009    -104.05616
     -14.27158     105.25738    -104.77313
     -14.24258     106.33798    -105.75342
     -14.21458     107.52960    -106.91983
     -14.18658     108.67487    -108.10201
     -14.15858     109.67601    -109.17401
     -14.13058     110.52049    -110.08682
     -14.10258     111.29945    -110.88720
     -14.07358     112.09574    -111.67729
     -14.04558     112.87231    -112.47358
     -14.01758     113.56195    -113.20493
     -13.98958     114.17876    -113.84765
     -13.96158     114.80683    -114.46150
     -13.93358     115.55832    -115.14691
     -13.90458     116.50466    -116.00139
     -13.87658     117.60005    -117.04142
     -13.84858     118.68629    -118.15696
     -13.82058     119.60698    -119.16683
     -13.79258     120.38567    -119.98158
     -13.76358     121.19999    -120.72532
     -13.73558     122.11928    -121.56952
     -13.70758     123.04490    -122.50430
     -13.67958     123.91291    -123.41880
     -13.65158     124.75795    -124.28737
     -13.62358     125.59707    -125.14410
     -13.59458     126.41027    -125.99167
     -13.56658     127.14189    -126.79402
     -13.53858     127.68262    -127.44816
     -13.51058     128.04329    -127.87646
     -13.48258     128.45566    -128.21980
     -13.45458     129.11459    -128.74516
     -13.42558     129.91060    -129.51088
     -13.39758     130.56770    -130.27604
     -13.36958     130.96979    -130.80606
     -13.34158     131.20445    -131.10477
     -13.31358     131.38578    -131.29977
     -13.28458     131.55690    -131.47289
     -13.25658     131.71023    -131.63442
     -13.22858     131.83317    -131.77046
     -13.20058     131.92146    -131.87522
     -13.17258     131.97314    -131.94637
     -13.14458     131.99458    -131.98330
     -13.11558     132.00149    -131.99634
     -13.08758     132.01486    -132.00232
     -13.05958     132.08468    -132.02803
     -13.03158     132.31887    -132.14440
     -13.00358     132.80718    -132.46919
     -12.97558     133.46611    -133.04119
     -12.94658     134.08220    -133.70660
     -12.91858     134.55812    -134.26451
     -12.89058     135.00854    -134.68421
     -12.86258     135.61956    -135.10321
     -12.83458     136.41783    -135.68902
     -12.80558     137.19580    -136.46488
     -12.77758     137.79697    -137.25427
     -12.74958     138.35460    -137.93799
     -12.72158     139.07566    -138.63750
     -12.69358     139.96000    -139.48000
     -12.66558     140.85111    -140.39802
     -12.63658     141.63571    -141.24756
     -12.60858     142.38100    -142.00652
     -12.58058     143.28014    -142.83973
     -12.55258     144.39399    -143.89060
     -12.52458     145.56490    -145.05757
     -12.49558     146.62508    -146.13141
     -12.46758     147.51196    -147.03435
     -12.43958     148.18962    -147.78288
     -12.41158     148.66244    -148.36038
     -12.38358     149.04438    -148.78233
     -12.35558     149.48959    -149.16709
     -12.32658     150.09216    -149.64921
     -12.29858     150.87295    -150.28912
     -12.27058     151.80647    -151.07442
     -12.24258     152.79859    -151.96496
     -12.21458     153.71281    -152.89764
     -12.18658     154.53615    -153.79523
     -12.15758     155.39415    -154.65478
     -12.12958     156.34373    -155.55814
     -12.10158     157.32191    -156.53660
     -12.07358     158.27458    -157.53197
     -12.04558     159.19133    -158.49634
     -12.01658     160.05596    -159.42887
     -11.98858     160.85422    -160.31575
     -11.96058     161.62938    -161.12810
     -11.93258     162.47653    -161.91524
     -11.90458     163.43456    -162.77930
     -11.87658     164.46135    -163.73972
     -11.84758     165.54322    -164.77397
     -11.81958     166.69722    -165.91375
     -11.79158     167.90687    -167.17398
     -11.76358     169.09554    -168.48380
     -11.73558     170.08879    -169.66570
     -11.70758     170.73278    -170.50609
     -11.67858     171.08938    -170.97398
     -11.65058     171.38469    -171.27209
     -11.62258     171.79834    -171.63389
     -11.59458     172.33807    -172.13827
     -11.56658     172.90359    -172.70703
     -11.53758     173.42811    -173.24986
     -11.50958     173.89642    -173.73494
     -11.48158     174.32373    -174.16520
     -11.45358     174.75597    -174.58420
     -11.42558     175.21343    -175.03419
     -11.39758     175.66807    -175.49968
     -11.36858     176.08482    -175.93657
     -11.34058     176.45450    -176.32077
     -11.31258     176.80630    -176.67088
     -11.28458     177.16880    -177.02633
     -11.25658     177.52989    -177.38799
     -11.22858     177.90085    -177.74063
     -11.19958     178.35859    -178.13962
     -11.17158     178.91340    -178.65217
     -11.14358     179.44863    -179.21163
     -11.11558     179.93455    -179.71671
     -11.08758     180.53924    -180.25447
     -11.05858     181.39005    -181.00413
     -11.03058     182.35907    -181.95117
     -11.00258     183.19157    -182.86257
     -10.97458     183.81147    -183.55996
     -10.94658     184.40911    -184.13562
     -10.91858     185.18836    -184.82400
     -10.88958     186.11469    -185.70031
     -10.86158     186.97748    -186.60762
     -10.83358     187.63021    -187.35150
     -10.80558     188.12867    -187.89350
     -10.77758     188.68066    -188.38336
     -10.74858     189.47245    -189.03637
     -10.72058     190.52022    -189.95847
     -10.69258     191.67958    -191.07500
     -10.66458     192.78779    -192.21689
     -10.63658     193.79513    -193.26382
     -10.60858     194.75781    -194.20790
     -10.57958     195.74233    -195.11366
     -10.55158     196.79828    -196.07113
     -10.52358     197.95665    -197.16526
     -10.49558     199.15630    -198.40069
     -10.46758     200.29889    -199.66022
     -10.43958     201.40640    -200.85297
     -10.41058     202.51335    -202.00134
     -10.38258     203.52858    -203.08194
     -10.35458     204.39729    -204.02123
     -10.32658     205.19147    -204.84697
     -10.29858     205.98790    -205.64537
     -10.26958     206.80209    -206.45660
     -10.24158     207.59965    -207.26064
     -10.21358     208.34395    -208.02044
     -10.18558     209.00527    -208.71910
     -10.15758     209.53726    -209.31787
     -10.12958     209.96781    -209.79266
     -10.10058     210.44697    -210.24758
     -10.07258     211.06743    -210.82297
     -10.04458     211.74087    -211.49373
     -10.01658     212.39107    -212.14970
      -9.98858     213.11410    -212.82919
      -9.96058     213.99422    -213.65507
      -9.93158     214.89448    -214.57703
      -9.90358     215.58680    -215.36431
      -9.87558     216.05398    -215.89588
      -9.84758     216.50567    -216.32220
      -9.81958     217.07865    -216.84221
      -9.79058     217.71349    -217.45845
      -9.76258     218.39256    -218.10709
      -9.73458     219.27141    -218.88831
      -9.70658     220.47501    -219.96680
      -9.67858     221.94221    -221.35411
      -9.65058     223.46195    -222.88767
      -9.62158     224.78192    -224.31274
      -9.59358     225.78489    -225.43884
      -9.56558     226.54061    -226.27036
      -9.53758     227.17545    -226.92760
      -9.50958     227.79915    -227.52622
      -9.48158     228.52444    -228.17388
      -9.45258     229.42780    -228.97877
      -9.42458     230.44796    -229.96089
      -9.39658     231.45164    -231.00373
      -9.36858     232.42587    -232.01488
      -9.34058     233.43167    -233.02123
      -9.31158     234.46901    -234.04689
      -9.28358     235.52581    -235.08649
      -9.25558     236.61712    -236.15019
      -9.22758     237.77816    -237.26376
      -9.19958     239.00966    -238.45524
      -9.17158     240.20832    -239.66630
      -9.14258     241.27568    -240.78184
      -9.11458     242.20920    -241.76805
      -9.08658     243.05113    -242.65197
      -9.05858     243.88575    -243.48320
      -9.03058     244.79531    -244.35219
      -9.00158     245.73221    -245.28331
      -8.97358     246.57570    -246.17569
      -8.94558     247.28239    -246.94789
      -8.91758     247.86707    -247.59851
      -8.88958     248.38060    -248.15177
      -8.86158     248.94429    -248.69179
      -8.83258     249.66436    -249.35100
      -8.80458     250.49517    -250.16335
      -8.77658     251.24497    -250.97895
      -8.74858     251.77175    -251.60223
      -8.72058     252.16074    -252.02827
      -8.69258     252.63256    -252.45882
      -8.66358     253.28839    -253.05815
      -8.63558     254.03692    -253.78950
      -8.60758     254.77151    -254.53239
      -8.57958     255.50172    -255.26219
      -8.55158     256.24392    -256.01001
      -8.52258     256.92877    -256.72473
      -8.49458     257.54909    -257.35971
      -8.46658     258.21873    -258.00398
      -8.43858     259.02516    -258.76449
      -8.41058     260.05152    -259.71012
      -8.38258     261.43292    -260.97317
      -8.35358     263.11609    -262.58901
      -8.32558     264.77349    -264.29134
      -8.29758     266.14248    -265.75882
      -8.26958     267.23436    -266.92339
      -8.24158     268.21310    -267.92171
      -8.21358     269.22241    -268.91806
      -8.18458     270.26554    -269.96218
      -8.15658     271.24893    -270.97050
      -8.12858     272.17991    -271.90571
      -8.10058     273.21909    -272.89769
      -8.07258     274.49496    -274.10805
      -8.04358     275.90876    -275.50959
      -8.01558     277.18956    -276.85379
      -7.98758     278.20704    -277.94144
      -7.95958     279.09928    -278.84622
      -7.93158     280.06985    -279.77269
      -7.90358     281.25513    -280.87710
      -7.87458     282.70175    -282.22905
      -7.84658     284.33759    -283.77754
      -7.81858     286.04556    -285.41267
      -7.79058     287.75832    -287.07668
      -7.76258     289.45700    -288.76887
      -7.73458     291.11636    -290.48192
      -7.70558     292.71035    -292.16805
      -7.67758     294.24799    -293.78642
      -7.64958     295.70082    -295.29827
      -7.62158     297.01008    -296.65121
      -7.59358     298.19522    -297.86199
      -7.56458     299.31541    -299.00078
      -7.53658     300.38432    -300.09096
      -7.50858     301.40476    -301.12507
      -7.48058     302.41774    -302.13156
      -7.45258     303.48256    -303.17032
      -7.42458     304.62459    -304.28939
      -7.39558     305.77859    -305.45339
      -7.36758     306.87962    -306.57654
      -7.33958     308.00305    -307.69406
      -7.31158     309.24934    -308.92414
      -7.28358     310.59903    -310.27482
      -7.25458     312.02523    -311.69552
      -7.22658     313.57273    -313.21936
      -7.19858     315.16377    -314.81955
      -7.17058     316.52670    -316.25631
      -7.14258     317.48502    -317.30367
      -7.11458     318.18128    -318.03275
      -7.08558     318.91403    -318.73691
      -7.05758     319.78964    -319.58462
      -7.02958     320.68639    -320.48362
      -7.00158     321.55171    -321.34134
      -6.97358     322.52595    -322.25894
      -6.94558     323.77223    -323.41773
      -6.91658     325.23506    -324.84125
      -6.88858     326.57377    -326.25237
      -6.86058     327.45360    -327.27155
      -6.83258     327.86019    -327.78564
      -6.80458     328.03582    -327.99161
      -6.77558     328.28007    -328.18673
      -6.74758     328.86912    -328.65914
      -6.71958     329.93085    -329.59477
      -6.69158     331.28899    -330.90389
      -6.66358     332.57036    -332.23626
      -6.63558     333.54868    -333.29587
      -6.60658     334.31440    -334.09836
      -6.57858     335.04969    -334.83308
      -6.55058     335.79005    -335.57147
      -6.52258     336.55605    -336.31493
      -6.49458     337.47562    -337.18448
      -6.46658     338.60609    -338.29256
      -6.43758     339.83152    -339.54800
      -6.40958     341.01483    -340.76076
      -6.38158     342.21068    -341.90321
      -6.35358     343.72056    -343.19979
      -6.32558     345.86388    -344.93213
      -6.29658     348.61229    -347.18167
      -6.26858     351.56106    -349.75638
      -6.24058     354.42204    -352.39350
      -6.21258     357.23034    -355.02583
      -6.18458     359.95270    -357.68098
      -6.15658     362.37468    -360.25146
      -6.12758     364.33301    -362.59525
      -6.09958     365.85881    -364.62628
      -6.07158     367.24401    -366.33650
      -6.04358     368.79320    -367.89710
      -6.01558     370.50089    -369.49138
      -5.98758     372.27874    -371.17075
      -5.95858     374.25834    -373.00284
      -5.93058     376.60016    -375.11107
      -5.90258     379.28927    -377.57758
      -5.87458     382.18449    -380.39757
      -5.84658     385.06760    -383.43509
      -5.81758     387.72064    -386.37159
      -5.78958     390.11290    -388.94024
      -5.76158     392.46726    -391.31080
      -5.73358     395.00815    -393.87607
      -5.70558     397.74544    -396.71085
      -5.67758     400.56346    -399.57663
      -5.64858     403.36922    -402.26658
      -5.62058     406.10130    -404.80438
      -5.59258     408.62106    -407.30568
      -5.56458     410.82425    -409.67511
      -5.53658     412.86189    -411.76757
      -5.50758     414.93448    -413.75449
      -5.47958     417.06539    -415.93697
      -5.45158     419.25984    -418.37445
      -5.42358     421.47191    -420.85012
      -5.39558     423.38797    -422.97596
      -5.36758     424.70089    -424.42822
      -5.33858     425.55918    -425.25832
      -5.31058     426.46296    -425.86259
      -5.28258     427.79589    -426.68861
      -5.25458     429.66631    -428.04450
      -5.22658     432.16832    -430.05383
      -5.19858     435.38335    -432.73195
      -5.16958     439.02950    -436.04983
      -5.14158     442.61085    -439.80869
      -5.11358     445.85970    -443.57882
      -5.08558     448.67363    -446.95306
      -5.05758     451.07814    -449.78460
      -5.02858     453.46716    -452.28013
      -5.00058     456.24446    -454.88372
      -4.97258     459.22281    -457.72611
      -4.94458     461.91459    -460.46692
      -4.91658     464.11341    -462.81480
      -4.88858     465.92930    -464.74284
      -4.85958     467.65235    -466.43052
      -4.83158     469.55094    -468.19682
      -4.80358     471.59352    -470.17670
      -4.77558     473.46337    -472.17870
      -4.74758     474.84392    -473.90654
      -4.71958     475.65402    -475.11676
      -4.69058     476.12148    -475.78385
      -4.66258     476.64375    -476.21877
      -4.63458     477.50950    -476.85516
      -4.60658     478.76564    -477.92829
      -4.57858     480.32413    -479.40817
      -4.54958     482.07592    -481.15587
      -4.52158     483.92196    -483.02304
      -4.49358     485.75137    -484.88190
      -4.46558     487.38918    -486.60593
      -4.43758     488.70986    -488.04622
      -4.40958     489.80877    -489.19543
      -4.38058     490.91671    -490.28688
      -4.35258     492.16680    -491.54867
      -4.32458     493.51691    -492.95091
      -4.29658     494.87520    -494.30159
      -4.26858     496.23927    -495.55422
      -4.24058     497.60362    -496.83699
      -4.21158     498.80313    -498.11131
      -4.18358     499.67423    -499.15120
      -4.15558     500.29639    -499.91128
      -4.12758     500.94968    -500.58782
      -4.09958     501.92264    -501.42018
      -4.07058     503.37350    -502.60518
      -4.04258     505.23193    -504.23707
      -4.01458     507.18589    -506.16314
      -3.98658     508.93993    -508.01383
      -3.95858     510.49589    -509.58288
      -3.93058     512.00352    -511.03035
      -3.90158     513.50551    -512.54305
      -3.87358     515.06175    -514.10338
      -3.84558     516.83241    -515.69976
      -3.81758     518.79511    -517.38054
      -3.78958     520.69919    -519.13233
      -3.76158     522.48733    -520.97048
      -3.73258     524.39367    -522.97347
      -3.70458     526.55093    -525.18201
      -3.67658     528.96587    -527.61456
      -3.64858     531.72795    -530.25605
      -3.62058     534.83169    -533.06702
      -3.59158     538.02982    -536.06087
      -3.56358     541.03212    -539.20687
      -3.53558     543.73531    -542.32610
      -3.50758     546.24394    -545.18301
      -3.47958     548.77709    -547.75842
      -3.45158     551.55129    -550.41160
      -3.42258     554.61558    -553.48997
      -3.39458     557.70945    -556.77123
      -3.36658     560.32572    -559.53148
      -3.33858     562.13893    -561.28101
      -3.31058     563.26856    -562.26370
      -3.28158     564.09219    -563.02618
      -3.25358     565.09065    -563.85910
      -3.22558     566.54742    -564.90040
      -3.19758     568.15945    -566.24108
      -3.16958     569.38530    -567.70559
      -3.14158     570.15708    -568.92779
      -3.11258     570.82855    -569.74394
      -3.08458     571.63175    -570.35962
      -3.05658     572.56216    -571.08195
      -3.02858     573.56471    -572.00011
      -3.00058     574.57600    -573.03238
      -2.97258     575.55488    -574.08988
      -2.94358     576.58857    -575.10680
      -2.91558     577.86232    -576.10104
      -2.88758     579.44547    -577.25208
      -2.85958     581.20585    -578.78127
      -2.83158     582.98384    -580.69198
      -2.80258     584.67758    -582.71314
      -2.77458     586.19747    -584.55566
      -2.74658     587.55928    -586.16670
      -2.71858     588.87601    -587.61431
      -2.69058     590.17189    -588.86933
      -2.66258     591.39535    -589.92978
      -2.63358     592.51596    -590.92149
      -2.60558     593.52372    -591.91572
      -2.57758     594.46259    -592.87728
      -2.54958     595.42570    -593.79713
      -2.52158     596.46023    -594.73783
      -2.49358     597.53322    -595.76870
      -2.46458     598.56296    -596.89199
      -2.43658     599.46478    -598.02077
      -2.40858     600.20007    -599.03149
      -2.38058     600.80419    -599.85343
      -2.35258     601.37690    -600.51038
      -2.32358     602.02765    -601.12127
      -2.29558     602.87988    -601.88163
      -2.26758     604.10432    -603.01549
      -2.23958     605.72368    -604.59962
      -2.21158     607.37684    -606.34056
      -2.18358     608.60002    -607.76394
      -2.15458     609.32193    -608.65942
      -2.12658     609.82940    -609.15548
      -2.09858     610.39731    -609.50657
      -2.07058     611.14796    -609.94867
      -2.04258     612.11458    -610.64451
      -2.01458     613.24379    -611.63030
      -1.98558     614.39864    -612.79726
      -1.95758     615.45515    -613.97198
      -1.92958     616.34499    -615.02158
      -1.90158     617.02843    -615.89832
      -1.87358     617.51632    -616.61093
      -1.84458     617.91292    -617.17490
      -1.81658     618.36925    -617.62771
      -1.78858     618.94027    -618.07178
      -1.76058     619.52298    -618.60912
      -1.73258     619.99283    -619.21184
      -1.70458     620.35491    -619.74890
      -1.67558     620.72840    -620.15310
      -1.64758     621.21869    -620.49771
      -1.61958     621.81154    -620.91699
      -1.59158     622.41017    -621.47082
      -1.56358     622.99978    -622.09058
      -1.53458     623.70252    -622.70076
      -1.50658     624.61744    -623.36476
      -1.47858     625.66733    -624.21726
      -1.45058     626.66453    -625.26250
      -1.42258     627.50168    -626.32409
      -1.39458     628.20442    -627.23140
      -1.36558     628.83165    -627.97035
      -1.33758     629.38195    -628.61322
      -1.30958     629.79743    -629.19282
      -1.28158     630.09002    -629.66451
      -1.25358     630.40741    -629.99651
      -1.22558     630.93574    -630.27230
      -1.19658     631.74865    -630.65410
      -1.16858     632.69724    -631.28753
      -1.14058     633.53947    -632.17286
      -1.11258     634.20558    -633.10328
      -1.08458     634.77476    -633.87970
      -1.05558     635.27787    -634.50397
      -1.02758     635.66798    -635.04639
      -0.99958     635.91923    -635.49694
      -0.97158     636.10937    -635.81515
      -0.94358     636.38174    -636.04070
      -0.91558     636.81553    -636.30011
      -0.88658     637.37288    -636.68347
      -0.85858     637.95094    -637.17953
      -0.83058     638.47095    -637.72701
      -0.80258     638.97138    -638.25069
      -0.77458     639.57776    -638.72294
      -0.74658     640.31812    -639.23239
      -0.71758     641.05524    -639.88639
      -0.68958     641.68501    -640.63985
      -0.66158     642.29702    -641.33752
      -0.63358     643.06020    -641.92896
      -0.60558     644.01091    -642.52844
      -0.57658     645.03262    -643.28852
      -0.54858     646.04278    -644.27078
      -0.52058     647.04448    -645.41042
      -0.49258     648.00082    -646.59964
      -0.46458     648.80697    -647.73082
      -0.43658     649.39081    -648.65927
      -0.40758     649.83517    -649.28072
      -0.37958     650.34433    -649.65042
      -0.35158     651.00354    -649.95517
      -0.32358     651.66529    -650.39023
      -0.29558     652.17544    -651.00731
      -0.26758     652.56809    -651.65849
      -0.23858     652.96525    -652.19203
      -0.21058     653.45962    -652.63005
      -0.18258     654.10883    -653.07736
      -0.15458     654.91329    -653.60118
      -0.12658     655.81412    -654.22122
      -0.09758     656.72552    -654.93482
      -0.06958     657.52153    -655.74590
      -0.04158     658.09874    -656.61954
      -0.01358     658.51901    -657.41118
       0.01442     658.94463    -657.96881
       0.04242     659.42463    -658.31878
       0.07142     659.87490    -658.63859
       0.09942     660.25375    -659.05054
       0.12742     660.66880    -659.51265
       0.15542     661.27912    -659.90629
       0.18342     662.11021    -660.19401
       0.21242     663.02795    -660.48624
       0.24042     663.89482    -660.96159
       0.26842     664.67435    -661.69462
       0.29642     665.38822    -662.59348
       0.32442     666.04631    -663.53686
       0.35242     666.66959    -664.46502
       0.38142     667.33289    -665.34429
       0.40942     668.09762    -666.16468
       0.43742     668.91617    -666.96830
       0.46542     669.69232    -667.79981
       0.49342     670.43310    -668.64245
       0.52142     671.18656    -669.48369
       0.55042     671.88945    -670.35240
       0.57842     672.44933    -671.21307
       0.60642     672.84776    -671.95498
       0.63442     673.11706    -672.51445
       0.66242     673.32015    -672.90273
       0.69142     673.51652    -673.16670
       0.71942     673.71542    -673.37587
       0.74742     673.87685    -673.58068
       0.77542     673.96756    -673.77175
       0.80342     674.00019    -673.90587
       0.83142     674.00733    -673.96882
       0.86042     674.00825    -673.98731
       0.88842     674.00832    -673.99056
       0.91642     674.00832    -673.99089
       0.94442     674.00832    -673.99091
       0.97242     674.00832    -673.99091
       1.00042     674.00832    -673.99091
       1.02942     674.00832    -673.99091
       1.05742     674.00832    -673.99091
       1.08542     674.00832    -673.99091
       1.11342     674.00832    -673.99091
       1.14142     674.00832    -673.99091
       1.17042     674.00832    -673.99091
       1.19842     674.00832    -673.99091
       1.22642     674.00832    -673.99091
       1.25442     674.00832    -673.99091
       1.28242     674.00832    -673.99091
       1.31042     674.00832    -673.99091
       1.33942     674.00832    -673.99091
       1.36742     674.00832    -673.99091
       1.39542     674.00832    -673.99091
       1.42342     674.00832    -673.99091
       1.45142     674.00832    -673.99091
       1.47942     674.00832    -673.99091
       1.50842     674.00832    -673.99091
       1.53642     674.00841    -673.99092
       1.56442     674.00958    -673.99103
       1.59242     674.01950    -673.99249
       1.62042     674.07125    -674.00415
       1.64942     674.24247    -674.06203
       1.67742     674.60745    -674.24536
       1.70542     675.11535    -674.62144
       1.73342     675.58450    -675.12793
       1.76142     675.88793    -675.58327
       1.78942     676.06435    -675.87054
       1.81842     676.21959    -676.03300
       1.84642     676.42674    -676.17618
       1.87442     676.74456    -676.37008
       1.90242     677.21329    -676.66652
       1.93042     677.80981    -677.10651
       1.95942     678.50931    -677.67189
       1.98742     679.33279    -678.33547
       2.01542     680.27899    -679.12345
       2.04342     681.33170    -680.04161
       2.07142     682.49429    -681.06135
       2.09942     683.73325    -682.18506
       2.12842     684.96066    -683.40655
       2.15642     686.07719    -684.65551
       2.18442     687.04874    -685.81543
       2.21242     687.92323    -686.82108
       2.24042     688.72121    -687.72064
       2.26842     689.43396    -688.54540
       2.29742     690.10401    -689.25701
       2.32542     690.75505    -689.88396
       2.35342     691.34720    -690.50245
       2.38142     691.90201    -691.10897
       2.40942     692.51853    -691.68844
       2.43842     693.20169    -692.30806
       2.46642     693.86865    -692.99221
       2.49442     694.53983    -693.65691
       2.52242     695.32007    -694.29076
       2.55042     696.22907    -695.01083
       2.57842     697.15004    -695.88630
       2.60742     697.92619    -696.83419
       2.63542     698.54665    -697.67655
       2.66342     699.18065    -698.31702
       2.69142     699.94453    -698.87451
       2.71942     700.76252    -699.54725
       2.74742     701.53106    -700.36481
       2.77642     702.23733    -701.20055
       2.80442     702.90921    -701.96331
       2.83242     703.63718    -702.64211
       2.86042     704.53195    -703.30005
       2.88842     705.55761    -704.07084
       2.91742     706.55903    -705.00675
       2.94542     707.44408    -705.99747
       2.97342     708.23234    -706.90900
       3.00142     708.95565    -707.70727
       3.02942     709.59317    -708.44467
       3.05742     710.15319    -709.16333
       3.08642     710.70829    -709.84988
       3.11442     711.27141    -710.50049
       3.14242     711.78959    -711.11095
       3.17042     712.27438    -711.64097
       3.19842     712.78284    -712.10350
       3.22642     713.29440    -712.57998
       3.25542     713.73242    -713.09013
       3.28342     714.11225    -713.55182
       3.31142     714.56661    -713.92080
       3.33942     715.19004    -714.29612
       3.36742     715.93645    -714.81952
       3.39642     716.69654    -715.51733
       3.42442     717.41915    -716.28939
       3.45242     718.10414    -717.02975
       3.48042     718.72263    -717.72517
       3.50842     719.26420    -718.42002
       3.53642     719.85381    -719.19011
       3.56542     720.69716    -720.18195
       3.59342     721.82186    -721.44345
       3.62142     722.97319    -722.73397
       3.64942     723.95362    -723.81444
       3.67742     724.90150    -724.79980
       3.70542     725.96562    -725.87406
       3.73442     726.95775    -726.88563
       3.76242     727.60836    -727.56188
       3.79042     727.90703    -727.87275
       3.81842     728.05135    -727.98638
       3.84642     728.31643    -728.10504
       3.87542     729.01650    -728.45759
       3.90342     730.35041    -729.27219
       3.93142     732.22914    -730.62654
       3.95942     734.36696    -732.39622
       3.98742     736.46730    -734.36004
       4.01542     738.33644    -736.32611
       4.04442     740.05230    -738.27500
       4.07242     741.92229    -740.34435
       4.10042     744.03672    -742.57332
       4.12842     746.07831    -744.81778
       4.15642     747.73909    -746.87952
       4.18542     749.00172    -748.56002
       4.21342     750.00088    -749.79616
       4.24142     750.88636    -750.75673
       4.26942     751.73886    -751.62543
       4.29742     752.58855    -752.47498
       4.32542     753.46712    -753.34214
       4.35442     754.33301    -754.19775
       4.38242     755.13071    -754.98516
       4.41042     755.95476    -755.77962
       4.43842     756.96436    -756.74413
       4.46642     758.15865    -757.91152
       4.49442     759.39564    -759.14935
       4.52342     760.64502    -760.39268
       4.55142     762.03572    -761.75224
       4.57942     763.60717    -763.28368
       4.60742     765.27527    -764.86541
       4.63542     767.07284    -766.43179
       4.66442     769.11246    -768.14061
       4.69242     771.29790    -770.16459
       4.72042     773.37274    -772.36890
       4.74842     775.28274    -774.42768
       4.77642     777.26206    -776.25372
       4.80442     779.49103    -778.05200
       4.83342     781.84905    -779.99342
       4.86142     784.22314    -782.04769
       4.88942     786.78742    -784.19480
       4.91742     789.68771    -786.61312
       4.94542     792.76750    -789.45044
       4.97342     795.70442    -792.55841
       5.00242     798.22700    -795.57902
       5.03042     800.23140    -798.18979
       5.05842     801.82229    -800.29408
       5.08642     803.31006    -802.03262
       5.11442     805.01394    -803.66212
       5.14342     806.97340    -805.43941
       5.17142     808.99639    -807.46113
       5.19942     810.99050    -809.58106
       5.22742     813.12254    -811.66350
       5.25542     815.69908    -813.89346
       5.28342     818.90003    -816.62075
       5.31242     822.55745    -819.95835
       5.34042     826.23741    -823.67495
       5.36842     829.52853    -827.33237
       5.39642     832.29512    -830.54600
       5.42442     834.77727    -833.26610
       5.45242     837.33408    -835.73585
       5.48142     840.01910    -838.25462
       5.50942     842.65467    -840.98853
       5.53742     845.25516    -843.87671
       5.56542     847.98583    -846.78602
       5.59342     850.87260    -849.66152
       5.62242     853.88194    -852.51589
       5.65042     857.00681    -855.43929
       5.67842     860.13027    -858.49231
       5.70642     863.05353    -861.55518
       5.73442     865.67543    -864.41307
       5.76242     868.03712    -866.96735
       5.79142     870.20466    -869.27409
       5.81942     872.24935    -871.38021
       5.84742     874.33744    -873.31275
       5.87542     876.68222    -875.23755
       5.90342     879.37344    -877.43130
       5.93242     882.31797    -880.06658
       5.96042     885.36535    -883.06043
       5.98842     888.39583    -886.16980
       6.01642     891.35304    -889.26649
       6.04442     894.29758    -892.40404
       6.07242     897.30551    -895.62190
       6.10142     900.36698    -898.86229
       6.12942     903.48903    -902.08437
       6.15742     906.68998    -905.30364
       6.18542     909.84725    -908.47077
       6.21342     912.75318    -911.45053
       6.24142     915.32916    -914.16161
       6.27042     917.68648    -916.63347
       6.29842     920.02210    -918.98854
       6.32642     922.49635    -921.42067
       6.35442     925.14756    -924.05342
       6.38242     927.93571    -926.83706
       6.41142     930.85066    -929.68720
       6.43942     933.84450    -932.58242
       6.46742     936.76650    -935.46919
       6.49542     939.53901    -938.27467
       6.52342     942.25516    -941.02915
       6.55142     944.99893    -943.81561
       6.58042     947.75961    -946.63476
       6.60842     950.55621    -949.46376
       6.63642     953.43312    -952.35053
       6.66442     956.35371    -955.30493
       6.69242     959.20399    -958.21283
       6.72042     961.92282    -960.95745
       6.74942     964.64278    -963.60274
       6.77742     967.61113    -966.40005
       6.80542     970.93183    -969.54323
       6.83342     974.48781    -972.99496
       6.86142     978.07479    -976.57912
       6.89042     981.49270    -980.09002
       6.91842     984.67956    -983.38677
       6.94642     987.79457    -986.54123
       6.97442     990.97298    -989.72809
       7.00242     994.15138    -992.95580
       7.03042     997.25089    -996.11871
       7.05942    1000.30109    -999.20554
       7.08742    1003.36820   -1002.28955
       7.11542    1006.46912   -1005.40597
       7.14342    1009.46437   -1008.45899
       7.17142    1012.06063   -1011.19994
       7.19942    1013.99783   -1013.35917
       7.22842    1015.19424   -1014.80227
       7.25642    1015.76821   -1015.57870
       7.28442    1015.96630   -1015.89161
       7.31242    1016.01222   -1015.97999
       7.34042    1016.01900   -1015.99675
       7.36942    1016.01961   -1015.99883
       7.39742    1016.01964   -1015.99900
       7.42542    1016.01964   -1015.99900
       7.45342    1016.01964   -1015.99900
       7.48142    1016.01964   -1015.99900
       7.50942    1016.01964   -1015.99900
       7.53842    1016.01964   -1015.99900
       7.56642    1016.01964   -1015.99900
       7.59442    1016.01964   -1015.99900
       7.62242    1016.01964   -1015.99900
       7.65042    1016.01964   -1015.99900
       7.67942    1016.01964   -1015.99900
       7.70742    1016.01964   -1015.99900
       7.73542    1016.01964   -1015.99900
       7.76342    1016.01964   -1015.99900
       7.79142    1016.01964   -1015.99900
       7.81942    1016.01964   -1015.99900
       7.84842    1016.01964   -1015.99900
       7.87642    1016.01964   -1015.99900
       7.90442    1016.01964   -1015.99900
       7.93242    1016.01964   -1015.99900
       7.96042    1016.01964   -1015.99900
       7.98842    1016.01964   -1015.99900
       8.01742    1016.01964   -1015.99900
       8.04542    1016.01964   -1015.99900
       8.07342    1016.01964   -1015.99900
       8.10142    1016.01964   -1015.99900
       8.12942    1016.01964   -1015.99900
       8.15842    1016.01964   -1015.99900
       8.18642    1016.01964   -1015.99900
       8.21442    1016.01964   -1015.99900
       8.24242    1016.01964   -1015.99900
       8.27042    1016.01964   -1015.99900
       8.29842    1016.01964   -1015.99900
       8.32742    1016.01964   -1015.99900
       8.35542    1016.01964   -1015.99900
       8.38342    1016.01964   -1015.99900
       8.41142    1016.01964   -1015.99900
       8.43942    1016.01964   -1015.99900
       8.46742    1016.01964   -1015.99900
       8.49642    1016.01964   -1015.99900
       8.52442    1016.01964   -1015.99900
