      #Energy        TDOS-UP        TDOS-DOWN
     -22.95594       0.00000       0.00000
     -22.92294       0.00000       0.00000
     -22.88994       0.00000       0.00000
     -22.85694       0.00000       0.00000
     -22.82394       0.00000       0.00000
     -22.79094       0.00000       0.00000
     -22.75794       0.00000       0.00000
     -22.72494       0.00000       0.00000
     -22.69194       0.00000       0.00000
     -22.65894       0.00000       0.00000
     -22.62594       0.00000       0.00000
     -22.59294       0.00000       0.00000
     -22.55994       0.00000       0.00000
     -22.52694       0.00000       0.00000
     -22.49394       0.00000       0.00000
     -22.46094       0.00000       0.00000
     -22.42794       0.00000       0.00000
     -22.39494       0.00000       0.00000
     -22.36194       0.00000       0.00000
     -22.32994       0.00000       0.00000
     -22.29694       0.00000       0.00000
     -22.26394       0.00000       0.00000
     -22.23094       0.00000       0.00000
     -22.19794       0.00000       0.00000
     -22.16494       0.00000       0.00000
     -22.13194       0.00000       0.00000
     -22.09894       0.00000       0.00000
     -22.06594       0.00000       0.00000
     -22.03294       0.00000       0.00000
     -21.99994       0.00000       0.00000
     -21.96694       0.00000       0.00000
     -21.93394       0.00000       0.00000
     -21.90094       0.00000       0.00000
     -21.86794       0.00000       0.00000
     -21.83494       0.00000       0.00000
     -21.80194       0.00000       0.00000
     -21.76894       0.00000       0.00000
     -21.73594       0.00000      -0.00000
     -21.70294       0.00000      -0.00000
     -21.66994       0.00000      -0.00000
     -21.63694       0.00000      -0.00000
     -21.60394       0.00004      -0.00004
     -21.57094       0.00141      -0.00141
     -21.53794       0.02466      -0.02466
     -21.50494       0.20470      -0.20470
     -21.47194       0.86735      -0.86735
     -21.43894       2.08822      -2.08822
     -21.40594       3.25783      -3.25783
     -21.37394       3.83862      -3.83862
     -21.34094       3.98201      -3.98201
     -21.30794       3.99874      -3.99874
     -21.27494       3.99962      -3.99962
     -21.24194       3.99965      -3.99965
     -21.20894       3.99965      -3.99965
     -21.17594       3.99965      -3.99965
     -21.14294       3.99965      -3.99965
     -21.10994       3.99965      -3.99965
     -21.07694       3.99965      -3.99965
     -21.04394       3.99965      -3.99965
     -21.01094       3.99965      -3.99965
     -20.97794       3.99965      -3.99965
     -20.94494       3.99965      -3.99965
     -20.91194       3.99965      -3.99965
     -20.87894       3.99965      -3.99965
     -20.84594       3.99965      -3.99965
     -20.81294       3.99965      -3.99965
     -20.77994       3.99965      -3.99965
     -20.74694       3.99965      -3.99965
     -20.71394       3.99965      -3.99965
     -20.68094       3.99965      -3.99965
     -20.64794       3.99965      -3.99965
     -20.61494       3.99965      -3.99965
     -20.58194       3.99965      -3.99965
     -20.54894       3.99965      -3.99965
     -20.51594       3.99965      -3.99965
     -20.48294       3.99965      -3.99965
     -20.44994       3.99965      -3.99965
     -20.41794       3.99965      -3.99965
     -20.38494       3.99965      -3.99965
     -20.35194       3.99965      -3.99965
     -20.31894       3.99965      -3.99965
     -20.28594       3.99965      -3.99965
     -20.25294       3.99965      -3.99965
     -20.21994       3.99965      -3.99965
     -20.18694       3.99965      -3.99965
     -20.15394       3.99965      -3.99965
     -20.12094       3.99965      -3.99965
     -20.08794       3.99965      -3.99965
     -20.05494       3.99965      -3.99965
     -20.02194       3.99965      -3.99965
     -19.98894       3.99965      -3.99965
     -19.95594       3.99965      -3.99965
     -19.92294       3.99965      -3.99965
     -19.88994       3.99965      -3.99965
     -19.85694       3.99965      -3.99965
     -19.82394       3.99965      -3.99965
     -19.79094       3.99965      -3.99965
     -19.75794       3.99965      -3.99965
     -19.72494       3.99965      -3.99965
     -19.69194       3.99965      -3.99965
     -19.65894       3.99965      -3.99965
     -19.62594       3.99965      -3.99965
     -19.59294       3.99965      -3.99965
     -19.55994       3.99965      -3.99965
     -19.52694       3.99965      -3.99965
     -19.49394       3.99965      -3.99965
     -19.46194       3.99965      -3.99965
     -19.42894       3.99965      -3.99965
     -19.39594       3.99965      -3.99965
     -19.36294       3.99965      -3.99965
     -19.32994       3.99965      -3.99965
     -19.29694       3.99965      -3.99965
     -19.26394       3.99965      -3.99965
     -19.23094       3.99965      -3.99965
     -19.19794       3.99965      -3.99965
     -19.16494       3.99965      -3.99965
     -19.13194       3.99965      -3.99965
     -19.09894       3.99965      -3.99965
     -19.06594       3.99965      -3.99965
     -19.03294       3.99965      -3.99965
     -18.99994       3.99965      -3.99965
     -18.96694       3.99965      -3.99965
     -18.93394       3.99965      -3.99965
     -18.90094       3.99965      -3.99965
     -18.86794       3.99965      -3.99965
     -18.83494       3.99965      -3.99965
     -18.80194       3.99965      -3.99965
     -18.76894       3.99965      -3.99965
     -18.73594       3.99965      -3.99965
     -18.70294       3.99965      -3.99965
     -18.66994       3.99965      -3.99965
     -18.63694       3.99965      -3.99965
     -18.60394       3.99968      -3.99968
     -18.57094       4.00086      -4.00086
     -18.53894       4.01759      -4.01759
     -18.50594       4.13226      -4.13226
     -18.47294       4.54253      -4.54253
     -18.43994       5.42666      -5.42666
     -18.40694       6.83592      -6.83592
     -18.37394       8.76504      -8.76504
     -18.34094      10.96547     -10.96547
     -18.30794      12.94833     -12.94833
     -18.27494      14.46473     -14.46473
     -18.24194      15.60549     -15.60549
     -18.20894      16.59181     -16.59181
     -18.17594      17.57879     -17.57879
     -18.14294      18.57797     -18.57797
     -18.10994      19.58291     -19.58291
     -18.07694      20.54978     -20.54978
     -18.04394      21.44792     -21.44792
     -18.01094      22.27914     -22.27914
     -17.97794      22.96514     -22.96514
     -17.94494      23.56478     -23.56478
     -17.91194      24.32578     -24.32578
     -17.87894      25.31111     -25.31111
     -17.84594      26.34441     -26.34441
     -17.81294      27.21881     -27.21881
     -17.77994      27.75634     -27.75634
     -17.74694      27.95799     -27.95799
     -17.71394      28.02071     -28.02071
     -17.68094      28.18609     -28.18609
     -17.64794      28.79349     -28.79349
     -17.61494      30.21529     -30.21529
     -17.58294      32.47373     -32.47373
     -17.54994      34.97365     -34.97365
     -17.51694      36.88942     -36.88942
     -17.48394      37.92651     -37.92651
     -17.45094      38.41473     -38.41473
     -17.41794      38.78361     -38.78361
     -17.38494      39.31748     -39.31748
     -17.35194      40.12035     -40.12035
     -17.31894      41.07238     -41.07238
     -17.28594      41.99376     -41.99376
     -17.25294      42.79399     -42.79399
     -17.21994      43.46335     -43.46335
     -17.18694      44.02788     -44.02788
     -17.15394      44.50390     -44.50390
     -17.12094      44.92387     -44.92387
     -17.08794      45.36478     -45.36478
     -17.05494      45.86750     -45.86750
     -17.02194      46.39890     -46.39890
     -16.98894      46.90377     -46.90377
     -16.95594      47.34402     -47.34402
     -16.92294      47.69124     -47.69124
     -16.88994      47.90184     -47.90184
     -16.85694      47.98147     -47.98147
     -16.82394      47.99770     -47.99770
     -16.79094      47.99935     -47.99935
     -16.75794      47.99975     -47.99975
     -16.72494      48.00623     -48.00623
     -16.69194      48.06461     -48.06461
     -16.65894      48.31925     -48.31925
     -16.62694      48.89944     -48.89944
     -16.59394      49.68022     -49.68022
     -16.56094      50.44469     -50.44469
     -16.52794      51.17124     -51.17124
     -16.49494      51.92796     -51.92796
     -16.46194      52.70775     -52.70775
     -16.42894      53.51177     -53.51177
     -16.39594      54.42293     -54.42293
     -16.36294      55.36425     -55.36425
     -16.32994      56.06757     -56.06757
     -16.29694      56.45092     -56.45092
     -16.26394      56.68471     -56.68471
     -16.23094      56.97029     -56.97029
     -16.19794      57.43625     -57.43625
     -16.16494      58.02319     -58.02319
     -16.13194      58.53218     -58.53218
     -16.09894      58.94622     -58.94622
     -16.06594      59.50201     -59.50201
     -16.03294      60.39026     -60.39026
     -15.99994      61.51471     -61.51471
     -15.96694      62.65811     -62.65811
     -15.93394      63.80529     -63.80529
     -15.90094      65.07940     -65.07940
     -15.86794      66.52938     -66.52938
     -15.83494      68.08731     -68.08731
     -15.80194      69.56036     -69.56036
     -15.76894      70.73969     -70.73969
     -15.73594      71.51026     -71.51026
     -15.70294      71.89939     -71.89939
     -15.67094      72.15103     -72.15103
     -15.63794      72.58037     -72.58037
     -15.60494      73.23638     -73.23638
     -15.57194      73.89157     -73.89157
     -15.53894      74.45197     -74.45197
     -15.50594      75.12496     -75.12496
     -15.47294      76.12265     -76.12265
     -15.43994      77.38588     -77.38588
     -15.40694      78.65933     -78.65933
     -15.37394      79.76861     -79.76861
     -15.34094      80.79959     -80.79959
     -15.30794      81.92041     -81.92041
     -15.27494      83.09645     -83.09645
     -15.24194      84.15562     -84.15562
     -15.20894      85.00217     -85.00217
     -15.17594      85.70713     -85.70713
     -15.14294      86.47357     -86.47357
     -15.10994      87.47901     -87.47901
     -15.07694      88.71108     -88.71108
     -15.04394      90.02079     -90.02079
     -15.01094      91.36412     -91.36412
     -14.97794      92.72921     -92.72921
     -14.94494      94.01288     -94.01288
     -14.91194      95.20902     -95.20902
     -14.87894      96.31484     -96.31484
     -14.84594      97.30891     -97.30891
     -14.81294      98.42066     -98.42066
     -14.77994      99.92272     -99.92272
     -14.74794     101.66872    -101.66872
     -14.71494     103.30528    -103.30528
     -14.68194     104.77141    -104.77141
     -14.64894     106.15298    -106.15298
     -14.61594     107.40171    -107.40171
     -14.58294     108.44159    -108.44159
     -14.54994     109.30298    -109.30298
     -14.51694     110.11260    -110.11260
     -14.48394     110.91316    -110.91316
     -14.45094     111.61038    -111.61038
     -14.41794     112.25369    -112.25369
     -14.38494     113.07667    -113.07667
     -14.35194     114.22419    -114.22419
     -14.31894     115.59670    -115.59670
     -14.28594     116.92371    -116.92371
     -14.25294     118.01156    -118.01156
     -14.21994     118.89948    -118.89948
     -14.18694     119.71158    -119.71158
     -14.15394     120.45610    -120.45610
     -14.12094     121.16469    -121.16469
     -14.08794     122.06134    -122.06134
     -14.05494     123.29441    -123.29441
     -14.02194     124.62917    -124.62917
     -13.98894     125.72592    -125.72592
     -13.95594     126.64252    -126.64252
     -13.92294     127.63691    -127.63691
     -13.88994     128.68208    -128.68208
     -13.85694     129.60889    -129.60889
     -13.82394     130.37253    -130.37253
     -13.79194     130.96179    -130.96179
     -13.75894     131.36030    -131.36030
     -13.72594     131.60402    -131.60402
     -13.69294     131.75175    -131.75175
     -13.65994     131.85701    -131.85701
     -13.62694     131.97471    -131.97471
     -13.59394     132.18814    -132.18814
     -13.56094     132.60299    -132.60299
     -13.52794     133.21433    -133.21433
     -13.49494     133.89474    -133.89474
     -13.46194     134.61354    -134.61354
     -13.42894     135.31966    -135.31966
     -13.39594     135.79104    -135.79104
     -13.36294     135.96513    -135.96513
     -13.32994     135.99940    -135.99940
     -13.29694     136.02513    -136.02513
     -13.26394     136.15205    -136.15205
     -13.23094     136.53073    -136.53073
     -13.19794     137.19910    -137.19910
     -13.16494     138.05340    -138.05340
     -13.13194     139.10235    -139.10235
     -13.09894     140.30921    -140.30921
     -13.06594     141.37514    -141.37514
     -13.03294     142.14587    -142.14587
     -12.99994     142.82528    -142.82528
     -12.96694     143.65172    -143.65172
     -12.93394     144.56683    -144.56683
     -12.90094     145.30410    -145.30410
     -12.86794     145.78968    -145.78968
     -12.83594     146.25960    -146.25960
     -12.80294     146.97280    -146.97280
     -12.76994     147.88280    -147.88280
     -12.73694     148.80220    -148.80220
     -12.70394     149.81308    -149.81308
     -12.67094     151.04351    -151.04351
     -12.63794     152.29751    -152.29751
     -12.60494     153.37481    -153.37481
     -12.57194     154.35206    -154.35206
     -12.53894     155.30245    -155.30245
     -12.50594     156.13894    -156.13894
     -12.47294     156.84984    -156.84984
     -12.43994     157.58628    -157.58628
     -12.40694     158.44041    -158.44041
     -12.37394     159.42129    -159.42129
     -12.34094     160.49678    -160.49678
     -12.30794     161.54244    -161.54244
     -12.27494     162.50700    -162.50700
     -12.24194     163.45986    -163.45986
     -12.20894     164.44750    -164.44750
     -12.17594     165.49200    -165.49200
     -12.14294     166.57096    -166.57096
     -12.10994     167.59898    -167.59898
     -12.07694     168.54706    -168.54706
     -12.04394     169.38289    -169.38289
     -12.01094     170.09329    -170.09329
     -11.97794     170.93736    -170.93736
     -11.94494     172.14472    -172.14472
     -11.91194     173.51409    -173.51409
     -11.87994     174.71320    -174.71320
     -11.84694     175.63128    -175.63128
     -11.81394     176.43547    -176.43547
     -11.78094     177.34992    -177.34992
     -11.74794     178.28350    -178.28350
     -11.71494     179.03066    -179.03066
     -11.68194     179.65963    -179.65963
     -11.64894     180.28927    -180.28927
     -11.61594     180.87621    -180.87621
     -11.58294     181.38421    -181.38421
     -11.54994     181.86122    -181.86122
     -11.51694     182.39311    -182.39311
     -11.48394     183.03676    -183.03676
     -11.45094     183.67628    -183.67628
     -11.41794     184.12622    -184.12622
     -11.38494     184.43224    -184.43224
     -11.35194     184.85185    -184.85185
     -11.31894     185.57940    -185.57940
     -11.28594     186.49896    -186.49896
     -11.25294     187.30183    -187.30183
     -11.21994     187.91927    -187.91927
     -11.18694     188.57066    -188.57066
     -11.15394     189.43336    -189.43336
     -11.12094     190.52121    -190.52121
     -11.08794     191.74834    -191.74834
     -11.05494     192.93773    -192.93773
     -11.02194     193.94712    -193.94712
     -10.98894     194.80043    -194.80043
     -10.95694     195.60132    -195.60132
     -10.92394     196.44407    -196.44407
     -10.89094     197.47078    -197.47078
     -10.85794     198.81180    -198.81180
     -10.82494     200.40452    -200.40452
     -10.79194     202.09217    -202.09217
     -10.75894     203.77752    -203.77752
     -10.72594     205.34666    -205.34666
     -10.69294     206.73747    -206.73747
     -10.65994     207.98075    -207.98075
     -10.62694     209.01586    -209.01586
     -10.59394     209.75543    -209.75543
     -10.56094     210.31881    -210.31881
     -10.52794     211.00135    -211.00135
     -10.49494     212.00168    -212.00168
     -10.46194     213.19915    -213.19915
     -10.42894     214.32458    -214.32458
     -10.39594     215.30381    -215.30381
     -10.36294     216.20360    -216.20360
     -10.32994     217.07173    -217.07173
     -10.29694     217.93476    -217.93476
     -10.26394     218.82796    -218.82796
     -10.23094     219.77867    -219.77867
     -10.19794     220.73153    -220.73153
     -10.16494     221.61945    -221.61945
     -10.13194     222.45743    -222.45743
     -10.09894     223.21645    -223.21645
     -10.06594     223.77241    -223.77241
     -10.03294     224.14279    -224.14279
     -10.00094     224.53295    -224.53295
      -9.96794     225.10902    -225.10902
      -9.93494     225.86458    -225.86458
      -9.90194     226.67520    -226.67520
      -9.86894     227.51218    -227.51218
      -9.83594     228.56180    -228.56180
      -9.80294     229.98771    -229.98771
      -9.76994     231.63580    -231.63580
      -9.73694     233.18105    -233.18105
      -9.70394     234.42829    -234.42829
      -9.67094     235.43521    -235.43521
      -9.63794     236.44312    -236.44312
      -9.60494     237.55455    -237.55455
      -9.57194     238.64965    -238.64965
      -9.53894     239.65097    -239.65097
      -9.50594     240.67091    -240.67091
      -9.47294     241.88057    -241.88057
      -9.43994     243.25225    -243.25225
      -9.40694     244.62295    -244.62295
      -9.37394     245.98507    -245.98507
      -9.34094     247.37142    -247.37142
      -9.30794     248.64635    -248.64635
      -9.27494     249.73619    -249.73619
      -9.24194     250.75712    -250.75712
      -9.20894     251.77789    -251.77789
      -9.17594     252.74459    -252.74459
      -9.14294     253.67141    -253.67141
      -9.10994     254.63828    -254.63828
      -9.07694     255.58455    -255.58455
      -9.04494     256.33648    -256.33648
      -9.01194     256.87101    -256.87101
      -8.97894     257.38989    -257.38989
      -8.94594     258.11446    -258.11446
      -8.91294     259.03040    -259.03040
      -8.87994     259.91469    -259.91469
      -8.84694     260.70405    -260.70405
      -8.81394     261.51285    -261.51285
      -8.78094     262.37538    -262.37538
      -8.74794     263.27517    -263.27517
      -8.71494     264.22407    -264.22407
      -8.68194     265.23495    -265.23495
      -8.64894     266.32313    -266.32313
      -8.61594     267.49307    -267.49307
      -8.58294     268.66894    -268.66894
      -8.54994     269.80442    -269.80442
      -8.51694     270.95392    -270.95392
      -8.48394     272.08430    -272.08430
      -8.45094     273.08793    -273.08793
      -8.41794     273.99595    -273.99595
      -8.38494     274.99002    -274.99002
      -8.35194     276.24946    -276.24946
      -8.31894     277.82536    -277.82536
      -8.28594     279.56790    -279.56790
      -8.25294     281.25292    -281.25292
      -8.21994     282.78728    -282.78728
      -8.18694     284.26001    -284.26001
      -8.15394     285.81992    -285.81992
      -8.12094     287.53988    -287.53988
      -8.08894     289.40242    -289.40242
      -8.05594     291.25407    -291.25407
      -8.02294     292.95524    -292.95524
      -7.98994     294.70207    -294.70207
      -7.95694     296.79619    -296.79619
      -7.92394     299.07738    -299.07738
      -7.89094     301.09040    -301.09040
      -7.85794     302.69119    -302.69119
      -7.82494     304.00601    -304.00601
      -7.79194     305.13227    -305.13227
      -7.75894     306.20644    -306.20644
      -7.72594     307.34654    -307.34654
      -7.69294     308.52406    -308.52406
      -7.65994     309.72960    -309.72960
      -7.62694     311.01508    -311.01508
      -7.59394     312.40407    -312.40407
      -7.56094     313.95112    -313.95112
      -7.52794     315.80773    -315.80773
      -7.49494     318.26199    -318.26199
      -7.46194     321.28819    -321.28819
      -7.42894     324.02695    -324.02695
      -7.39594     325.76042    -325.76042
      -7.36294     326.84910    -326.84910
      -7.32994     327.87086    -327.87086
      -7.29694     329.01079    -329.01079
      -7.26394     330.36055    -330.36055
      -7.23094     331.86904    -331.86904
      -7.19794     333.30352    -333.30352
      -7.16594     334.60186    -334.60186
      -7.13294     336.05480    -336.05480
      -7.09994     337.96151    -337.96151
      -7.06694     340.16985    -340.16985
      -7.03394     342.22457    -342.22457
      -7.00094     343.82190    -343.82190
      -6.96794     344.89706    -344.89706
      -6.93494     345.64257    -345.64257
      -6.90194     346.46621    -346.46621
      -6.86894     347.53890    -347.53890
      -6.83594     348.58769    -348.58769
      -6.80294     349.33155    -349.33155
      -6.76994     349.79636    -349.79636
      -6.73694     350.22639    -350.22639
      -6.70394     350.90580    -350.90580
      -6.67094     351.91569    -351.91569
      -6.63794     353.16277    -353.16277
      -6.60494     354.64620    -354.64620
      -6.57194     356.46044    -356.46044
      -6.53894     358.56263    -358.56263
      -6.50594     360.67109    -360.67109
      -6.47294     362.63054    -362.63054
      -6.43994     364.66169    -364.66169
      -6.40694     367.01541    -367.01541
      -6.37394     369.73999    -369.73999
      -6.34094     372.74576    -372.74576
      -6.30794     375.87745    -375.87745
      -6.27494     378.96679    -378.96679
      -6.24194     381.77971    -381.77971
      -6.20994     384.05135    -384.05135
      -6.17694     385.73142    -385.73142
      -6.14394     387.05827    -387.05827
      -6.11094     388.43572    -388.43572
      -6.07794     390.31078    -390.31078
      -6.04494     392.75004    -392.75004
      -6.01194     395.29183    -395.29183
      -5.97894     397.65263    -397.65263
      -5.94594     400.14052    -400.14052
      -5.91294     403.18354    -403.18354
      -5.87994     406.88224    -406.88224
      -5.84694     410.96333    -410.96333
      -5.81394     414.87960    -414.87960
      -5.78094     418.06964    -418.06964
      -5.74794     420.40754    -420.40754
      -5.71494     422.34210    -422.34210
      -5.68194     424.38150    -424.38150
      -5.64894     426.62214    -426.62214
      -5.61594     428.95987    -428.95987
      -5.58294     431.43589    -431.43589
      -5.54994     434.06355    -434.06355
      -5.51694     436.51946    -436.51946
      -5.48394     438.40391    -438.40391
      -5.45094     439.89262    -439.89262
      -5.41794     441.65313    -441.65313
      -5.38494     443.98460    -443.98460
      -5.35194     446.73901    -446.73901
      -5.31894     449.89757    -449.89757
      -5.28594     453.45122    -453.45122
      -5.25394     457.04443    -457.04443
      -5.22094     460.29332    -460.29332
      -5.18794     463.32876    -463.32876
      -5.15494     466.63270    -466.63270
      -5.12194     470.37755    -470.37755
      -5.08894     474.06471    -474.06471
      -5.05594     476.87532    -476.87532
      -5.02294     478.64028    -478.64028
      -4.98994     480.06553    -480.06553
      -4.95694     481.78747    -481.78747
      -4.92394     483.71890    -483.71890
      -4.89094     485.37936    -485.37936
      -4.85794     486.50974    -486.50974
      -4.82494     487.26678    -487.26678
      -4.79194     488.06042    -488.06042
      -4.75894     489.16954    -489.16954
      -4.72594     490.60303    -490.60303
      -4.69294     492.33486    -492.33486
      -4.65994     494.29513    -494.29513
      -4.62694     496.24305    -496.24305
      -4.59394     498.00076    -498.00076
      -4.56094     499.66748    -499.66748
      -4.52794     501.41035    -501.41035
      -4.49494     503.31426    -503.31426
      -4.46194     505.28640    -505.28640
      -4.42894     507.10575    -507.10575
      -4.39594     508.86148    -508.86148
      -4.36294     510.82324    -510.82324
      -4.32994     512.79275    -512.79275
      -4.29794     514.39189    -514.39189
      -4.26494     515.68512    -515.68512
      -4.23194     516.81698    -516.81698
      -4.19894     517.94307    -517.94307
      -4.16594     519.46820    -519.46820
      -4.13294     521.38381    -521.38381
      -4.09994     523.20152    -523.20152
      -4.06694     524.92510    -524.92510
      -4.03394     526.89181    -526.89181
      -4.00094     528.91159    -528.91159
      -3.96794     530.74792    -530.74792
      -3.93494     532.72566    -532.72566
      -3.90194     535.14136    -535.14136
      -3.86894     537.92049    -537.92049
      -3.83594     540.99235    -540.99235
      -3.80294     544.36634    -544.36634
      -3.76994     547.81121    -547.81121
      -3.73694     550.90994    -550.90994
      -3.70394     553.51881    -553.51881
      -3.67094     555.83725    -555.83725
      -3.63794     558.23399    -558.23399
      -3.60494     561.18158    -561.18158
      -3.57194     564.93961    -564.93961
      -3.53894     569.18388    -569.18388
      -3.50594     573.15455    -573.15455
      -3.47294     576.22427    -576.22427
      -3.43994     578.25509    -578.25509
      -3.40694     579.40640    -579.40640
      -3.37494     579.98593    -579.98593
      -3.34194     580.51074    -580.51074
      -3.30894     581.38728    -581.38728
      -3.27594     582.56447    -582.56447
      -3.24294     583.76935    -583.76935
      -3.20994     584.84846    -584.84846
      -3.17694     585.76391    -585.76391
      -3.14394     586.60156    -586.60156
      -3.11094     587.63139    -587.63139
      -3.07794     589.06422    -589.06422
      -3.04494     590.76193    -590.76193
      -3.01194     592.34673    -592.34673
      -2.97894     593.56463    -593.56463
      -2.94594     594.48964    -594.48964
      -2.91294     595.40953    -595.40953
      -2.87994     596.51898    -596.51898
      -2.84694     597.72089    -597.72089
      -2.81394     598.82391    -598.82391
      -2.78094     599.81979    -599.81979
      -2.74794     600.83413    -600.83413
      -2.71494     601.94505    -601.94505
      -2.68194     603.13807    -603.13807
      -2.64894     604.40162    -604.40162
      -2.61594     605.71265    -605.71265
      -2.58294     606.93071    -606.93071
      -2.54994     607.91423    -607.91423
      -2.51694     608.69600    -608.69600
      -2.48394     609.42651    -609.42651
      -2.45094     610.23960    -610.23960
      -2.41894     611.18306    -611.18306
      -2.38594     612.18999    -612.18999
      -2.35294     613.12719    -613.12719
      -2.31994     613.93105    -613.93105
      -2.28694     614.67606    -614.67606
      -2.25394     615.44679    -615.44679
      -2.22094     616.26581    -616.26581
      -2.18794     617.09208    -617.09208
      -2.15494     617.91769    -617.91769
      -2.12194     618.89989    -618.89989
      -2.08894     620.06159    -620.06159
      -2.05594     621.16312    -621.16312
      -2.02294     622.08367    -622.08367
      -1.98994     622.86281    -622.86281
      -1.95694     623.48783    -623.48783
      -1.92394     623.98461    -623.98461
      -1.89094     624.46673    -624.46673
      -1.85794     624.99549    -624.99549
      -1.82494     625.53283    -625.53283
      -1.79194     626.01280    -626.01280
      -1.75894     626.43014    -626.43014
      -1.72594     626.80479    -626.80479
      -1.69294     627.12729    -627.12729
      -1.65994     627.40861    -627.40861
      -1.62694     627.71852    -627.71852
      -1.59394     628.17163    -628.17163
      -1.56094     628.82401    -628.82401
      -1.52794     629.55748    -629.55748
      -1.49494     630.24547    -630.24547
      -1.46294     630.96955    -630.96955
      -1.42994     631.80275    -631.80275
      -1.39694     632.65473    -632.65473
      -1.36394     633.49172    -633.49172
      -1.33094     634.28865    -634.28865
      -1.29794     634.96065    -634.96065
      -1.26494     635.59836    -635.59836
      -1.23194     636.39184    -636.39184
      -1.19894     637.39167    -637.39167
      -1.16594     638.47227    -638.47227
      -1.13294     639.35228    -639.35228
      -1.09994     639.82472    -639.82472
      -1.06694     639.98709    -639.98709
      -1.03394     640.10870    -640.10870
      -1.00094     640.45104    -640.45104
      -0.96794     641.14908    -641.14908
      -0.93494     642.15848    -642.15848
      -0.90194     643.43176    -643.43176
      -0.86894     644.92755    -644.92755
      -0.83594     646.40852    -646.40852
      -0.80294     647.63301    -647.63301
      -0.76994     648.63565    -648.63565
      -0.73694     649.52274    -649.52274
      -0.70394     650.31209    -650.31209
      -0.67094     651.04524    -651.04524
      -0.63794     651.81811    -651.81811
      -0.60494     652.67306    -652.67306
      -0.57194     653.54648    -653.54648
      -0.53894     654.36550    -654.36550
      -0.50694     655.05019    -655.05019
      -0.47394     655.56049    -655.56049
      -0.44094     656.02563    -656.02563
      -0.40794     656.62889    -656.62889
      -0.37494     657.35231    -657.35231
      -0.34194     657.97338    -657.97338
      -0.30894     658.37671    -658.37671
      -0.27594     658.66261    -658.66261
      -0.24294     658.97687    -658.97687
      -0.20994     659.40525    -659.40525
      -0.17694     659.90600    -659.90600
      -0.14394     660.37130    -660.37130
      -0.11094     660.80413    -660.80413
      -0.07794     661.32235    -661.32235
      -0.04494     662.06967    -662.06967
      -0.01194     663.06967    -663.06967
       0.02106     664.10708    -664.10708
       0.05406     665.03885    -665.03885
       0.08706     665.98017    -665.98017
       0.12006     666.95001    -666.95001
       0.15306     667.78089    -667.78089
       0.18606     668.41020    -668.41020
       0.21906     668.95693    -668.95693
       0.25206     669.52442    -669.52442
       0.28506     670.12686    -670.12686
       0.31806     670.80315    -670.80315
       0.35106     671.58096    -671.58096
       0.38406     672.38531    -672.38531
       0.41606     673.09357    -673.09357
       0.44906     673.60272    -673.60272
       0.48206     673.87648    -673.87648
       0.51506     673.97493    -673.97493
       0.54806     673.99609    -673.99609
       0.58106     673.99853    -673.99853
       0.61406     673.99867    -673.99867
       0.64706     673.99868    -673.99868
       0.68006     673.99868    -673.99868
       0.71306     673.99868    -673.99868
       0.74606     673.99868    -673.99868
       0.77906     673.99868    -673.99868
       0.81206     673.99868    -673.99868
       0.84506     673.99869    -673.99869
       0.87806     673.99899    -673.99899
       0.91106     674.00288    -674.00288
       0.94406     674.02799    -674.02799
       0.97706     674.11444    -674.11444
       1.01006     674.28654    -674.28654
       1.04306     674.50584    -674.50584
       1.07606     674.71561    -674.71561
       1.10906     674.91541    -674.91541
       1.14206     675.17332    -675.17332
       1.17506     675.56903    -675.56903
       1.20806     676.08098    -676.08098
       1.24106     676.56903    -676.56903
       1.27406     676.92110    -676.92110
       1.30706     677.16035    -677.16035
       1.34006     677.37739    -677.37739
       1.37206     677.61431    -677.61431
       1.40506     677.82636    -677.82636
       1.43806     677.95062    -677.95062
       1.47106     678.00468    -678.00468
       1.50406     678.10182    -678.10182
       1.53706     678.41331    -678.41331
       1.57006     679.00256    -679.00256
       1.60306     679.72137    -679.72137
       1.63606     680.47479    -680.47479
       1.66906     681.31210    -681.31210
       1.70206     682.18502    -682.18502
       1.73506     682.94091    -682.94091
       1.76806     683.51566    -683.51566
       1.80106     684.06437    -684.06437
       1.83406     684.82834    -684.82834
       1.86706     685.79208    -685.79208
       1.90006     686.72812    -686.72812
       1.93306     687.58060    -687.58060
       1.96606     688.48154    -688.48154
       1.99906     689.44363    -689.44363
       2.03206     690.37770    -690.37770
       2.06506     691.29958    -691.29958
       2.09806     692.21617    -692.21617
       2.13106     693.04228    -693.04228
       2.16406     693.75153    -693.75153
       2.19706     694.42814    -694.42814
       2.23006     695.11646    -695.11646
       2.26306     695.81565    -695.81565
       2.29606     696.63368    -696.63368
       2.32806     697.63384    -697.63384
       2.36106     698.71840    -698.71840
       2.39406     699.82603    -699.82603
       2.42706     700.94240    -700.94240
       2.46006     701.93960    -701.93960
       2.49306     702.72598    -702.72598
       2.52606     703.43935    -703.43935
       2.55906     704.23381    -704.23381
       2.59206     705.11299    -705.11299
       2.62506     706.06833    -706.06833
       2.65806     707.08860    -707.08860
       2.69106     708.08250    -708.08250
       2.72406     708.99844    -708.99844
       2.75706     709.90103    -709.90103
       2.79006     710.88109    -710.88109
       2.82306     711.93416    -711.93416
       2.85606     712.95048    -712.95048
       2.88906     713.83592    -713.83592
       2.92206     714.54764    -714.54764
       2.95506     715.07113    -715.07113
       2.98806     715.45028    -715.45028
       3.02106     715.73968    -715.73968
       3.05406     715.99063    -715.99063
       3.08706     716.38390    -716.38390
       3.12006     717.14260    -717.14260
       3.15306     718.14688    -718.14688
       3.18606     719.02920    -719.02920
       3.21906     719.82893    -719.82893
       3.25206     720.94662    -720.94662
       3.28406     722.32539    -722.32539
       3.31706     723.39000    -723.39000
       3.35006     723.86628    -723.86628
       3.38306     723.99592    -723.99595
       3.41606     724.09543    -724.09559
       3.44906     724.39192    -724.39234
       3.48206     724.96980    -724.97039
       3.51506     725.67591    -725.67634
       3.54806     726.35961    -726.35987
       3.58106     727.09523    -727.09549
       3.61406     728.14385    -728.14412
       3.64706     729.75519    -729.75529
       3.68006     731.65646    -731.65640
       3.71306     733.31296    -733.31306
       3.74606     734.92365    -734.92407
       3.77906     737.13594    -737.13654
       3.81206     739.99419    -739.99478
       3.84506     742.97260    -742.97319
       3.87806     745.55526    -745.55585
       3.91106     747.56482    -747.56525
       3.94406     749.33967    -749.33977
       3.97706     751.23204    -751.23197
       4.01006     753.05518    -753.05528
       4.04306     754.58526    -754.58569
       4.07606     756.03705    -756.03748
       4.10906     757.67031    -757.67041
       4.14206     759.33242    -759.33235
       4.17506     760.71745    -760.71755
       4.20706     761.87947    -761.88007
       4.24006     763.07446    -763.07539
       4.27306     764.47021    -764.47130
       4.30606     766.13430    -766.13555
       4.33906     767.92365    -767.92457
       4.37206     769.60751    -769.60794
       4.40506     771.06721    -771.06731
       4.43806     772.33225    -772.33186
       4.47106     773.68712    -773.68524
       4.50406     775.50680    -775.50278
       4.53706     777.80629    -777.80095
       4.57006     780.16001    -780.15418
       4.60306     782.27506    -782.27054
       4.63606     784.39736    -784.39779
       4.66906     786.84289    -786.85057
       4.70206     789.58065    -789.59014
       4.73506     792.50829    -792.49998
       4.76806     795.66520    -795.62113
       4.80106     799.09112    -799.02380
       4.83406     802.66619    -802.61701
       4.86706     806.12754    -806.13934
       4.90006     809.26105    -809.32494
       4.93306     812.04216    -812.09715
       4.96606     814.50846    -814.52866
       4.99906     816.64131    -816.65327
       5.03206     818.53252    -818.54696
       5.06506     820.45077    -820.44839
       5.09806     822.70394    -822.66349
       5.13106     825.51357    -825.42103
       5.16306     828.85608    -828.73041
       5.19606     832.50038    -832.38296
       5.22906     836.17106    -836.07836
       5.26206     839.57670    -839.50773
       5.29506     842.60637    -842.54911
       5.32806     845.41500    -845.34357
       5.36106     848.17271    -848.07573
       5.39406     850.91195    -850.79635
       5.42706     853.56087    -853.43917
       5.46006     856.11650    -856.00073
       5.49306     858.66505    -858.55554
       5.52606     861.14996    -861.03238
       5.55906     863.39803    -863.25654
       5.59206     865.46050    -865.29297
       5.62506     867.56961    -867.37868
       5.65806     869.74845    -869.55554
       5.69106     871.96816    -871.82025
       5.72406     874.43610    -874.33681
       5.75706     877.22809    -877.14809
       5.79006     880.13233    -880.09534
       5.82306     883.05783    -883.10276
       5.85606     886.06508    -886.17133
       5.88906     889.12870    -889.23512
       5.92206     892.17057    -892.22803
       5.95506     895.14337    -895.15254
       5.98806     898.02932    -897.99876
       6.02106     900.81010    -900.68740
       6.05406     903.45968    -903.20116
       6.08706     905.97295    -905.63927
       6.11906     908.38501    -908.07392
       6.15206     910.77334    -910.49637
       6.18506     913.23716    -912.95079
       6.21806     915.84867    -915.55142
       6.25106     918.56714    -918.29957
       6.28406     921.25398    -921.05150
       6.31706     923.83977    -923.69020
       6.35006     926.37924    -926.24419
       6.38306     928.91641    -928.78004
       6.41606     931.41617    -931.28094
       6.44906     933.83285    -933.70405
       6.48206     936.13794    -936.03766
       6.51506     938.33441    -938.29297
       6.54806     940.49067    -940.48731
       6.58106     942.67066    -942.65741
       6.61406     944.89548    -944.86739
       6.64706     947.18805    -947.14826
       6.68006     949.54984    -949.47775
       6.71306     951.95268    -951.83921
       6.74606     954.37002    -954.23199
       6.77906     956.78357    -956.65461
       6.81206     959.17255    -959.11084
       6.84506     961.51638    -961.57170
       6.87806     963.84702    -963.97832
       6.91106     966.22283    -966.32759
       6.94406     968.66341    -968.68757
       6.97706     971.14767    -971.07458
       7.01006     973.61627    -973.43209
       7.04306     976.03641    -975.77872
       7.07506     978.40331    -978.18172
       7.10806     980.69703    -980.60532
       7.14106     982.90587    -982.93564
       7.17406     985.00608    -985.09403
       7.20706     987.01581    -987.08645
       7.24006     989.01202    -988.99085
       7.27306     991.00262    -990.87218
       7.30606     992.93916    -992.73191
       7.33906     994.80351    -994.55472
       7.37206     996.61594    -996.33073
       7.40506     998.39689    -998.07673
       7.43806    1000.10399    -999.83790
       7.47106    1001.67198   -1001.58307
       7.50406    1003.10696   -1003.19343
       7.53706    1004.47221   -1004.61423
       7.57006    1005.81736   -1005.91520
       7.60306    1007.13844   -1007.19046
       7.63606    1008.38502   -1008.46654
       7.66906    1009.53798   -1009.71213
       7.70206    1010.65056   -1010.89328
       7.73506    1011.75489   -1012.00075
       7.76806    1012.80286   -1013.03552
       7.80106    1013.76527   -1013.99086
       7.83406    1014.66654   -1014.87630
       7.86706    1015.50023   -1015.73571
       7.90006    1016.26206   -1016.59000
       7.93306    1017.02092   -1017.40770
       7.96606    1017.83351   -1018.16920
       7.99806    1018.65781   -1018.87976
       8.03106    1019.42310   -1019.53462
       8.06406    1020.10745   -1020.13426
       8.09706    1020.71748   -1020.69335
       8.13006    1021.26387   -1021.23150
       8.16306    1021.75061   -1021.75433
       8.19606    1022.16317   -1022.23381
       8.22906    1022.50286   -1022.63137
       8.26206    1022.80515   -1022.93810
       8.29506    1023.09143   -1023.18161
       8.32806    1023.34650   -1023.38792
       8.36106    1023.55679   -1023.56842
       8.39406    1023.71964   -1023.73198
       8.42706    1023.83379   -1023.86821
       8.46006    1023.91001   -1023.95364
       8.49306    1023.95952   -1023.98852
       8.52606    1023.98572   -1023.99683
       8.55906    1023.99516   -1023.99788
       8.59206    1023.99720   -1023.99794
       8.62506    1023.99744   -1023.99795
       8.65806    1023.99745   -1023.99795
       8.69106    1023.99745   -1023.99795
       8.72406    1023.99745   -1023.99795
       8.75706    1023.99745   -1023.99795
       8.79006    1023.99745   -1023.99795
       8.82306    1023.99745   -1023.99795
       8.85606    1023.99745   -1023.99795
       8.88906    1023.99745   -1023.99795
       8.92206    1023.99745   -1023.99795
       8.95406    1023.99745   -1023.99795
       8.98706    1023.99745   -1023.99795
       9.02006    1023.99745   -1023.99795
       9.05306    1023.99745   -1023.99795
       9.08606    1023.99745   -1023.99795
       9.11906    1023.99745   -1023.99795
       9.15206    1023.99745   -1023.99795
       9.18506    1023.99745   -1023.99795
       9.21806    1023.99745   -1023.99795
       9.25106    1023.99745   -1023.99795
       9.28406    1023.99745   -1023.99795
       9.31706    1023.99745   -1023.99795
       9.35006    1023.99745   -1023.99795
       9.38306    1023.99745   -1023.99795
       9.41606    1023.99745   -1023.99795
       9.44906    1023.99745   -1023.99795
       9.48206    1023.99745   -1023.99795
       9.51506    1023.99745   -1023.99795
       9.54806    1023.99745   -1023.99795
       9.58106    1023.99745   -1023.99795
       9.61406    1023.99745   -1023.99795
       9.64706    1023.99745   -1023.99795
       9.68006    1023.99745   -1023.99795
       9.71306    1023.99745   -1023.99795
       9.74606    1023.99745   -1023.99795
       9.77906    1023.99745   -1023.99795
       9.81206    1023.99745   -1023.99795
       9.84506    1023.99745   -1023.99795
       9.87806    1023.99745   -1023.99795
       9.91006    1023.99745   -1023.99795
       9.94306    1023.99745   -1023.99795
       9.97606    1023.99745   -1023.99795
