      #Energy        TDOS-UP        TDOS-DOWN
     -23.43400       0.00000       0.00000
     -23.40300       0.00000       0.00000
     -23.37200       0.00000       0.00000
     -23.34200       0.00000       0.00000
     -23.31100       0.00000       0.00000
     -23.28100       0.00000       0.00000
     -23.25000       0.00000       0.00000
     -23.21900       0.00000       0.00000
     -23.18900       0.00000       0.00000
     -23.15800       0.00000       0.00000
     -23.12700       0.00000       0.00000
     -23.09700       0.00000       0.00000
     -23.06600       0.00000       0.00000
     -23.03500       0.00000       0.00000
     -23.00500       0.00000       0.00000
     -22.97400       0.00000       0.00000
     -22.94300       0.00000       0.00000
     -22.91300       0.00000       0.00000
     -22.88200       0.00000       0.00000
     -22.85200       0.00000       0.00000
     -22.82100       0.00000       0.00000
     -22.79000       0.00000       0.00000
     -22.76000       0.00000       0.00000
     -22.72900       0.00000       0.00000
     -22.69800       0.00000       0.00000
     -22.66800       0.00000       0.00000
     -22.63700       0.00000       0.00000
     -22.60600       0.00000       0.00000
     -22.57600       0.00000       0.00000
     -22.54500       0.00000       0.00000
     -22.51400       0.00000       0.00000
     -22.48400       0.00000       0.00000
     -22.45300       0.00000       0.00000
     -22.42300       0.00000       0.00000
     -22.39200       0.00000       0.00000
     -22.36100       0.00000       0.00000
     -22.33100       0.00000      -0.00000
     -22.30000       0.00000      -0.00000
     -22.26900       0.00000      -0.00000
     -22.23900       0.00000      -0.00000
     -22.20800       0.00013      -0.00013
     -22.17700       0.00661      -0.00661
     -22.14700       0.16000      -0.16000
     -22.11600       1.88700      -1.88700
     -22.08500      10.91000     -10.91000
     -22.05500      31.08000     -31.08000
     -22.02400      43.71000     -43.71000
     -21.99400      30.41000     -30.41000
     -21.96300      10.45000     -10.45000
     -21.93200       1.76800      -1.76800
     -21.90200       0.14660      -0.14660
     -21.87100       0.00592      -0.00592
     -21.84000       0.00012      -0.00012
     -21.81000       0.00000      -0.00000
     -21.77900       0.00000      -0.00000
     -21.74800       0.00000      -0.00000
     -21.71800       0.00000      -0.00000
     -21.68700       0.00000       0.00000
     -21.65600       0.00000       0.00000
     -21.62600       0.00000       0.00000
     -21.59500       0.00000       0.00000
     -21.56500       0.00000       0.00000
     -21.53400       0.00000      -0.00000
     -21.50300       0.00000      -0.00000
     -21.47300       0.00000      -0.00000
     -21.44200       0.00000      -0.00000
     -21.41100       0.00003      -0.00003
     -21.38100       0.00152      -0.00152
     -21.35000       0.04107      -0.04107
     -21.31900       0.57380      -0.57380
     -21.28900       4.27300      -4.27300
     -21.25800      17.62000     -17.62000
     -21.22700      42.10000     -42.10000
     -21.19700      61.75000     -61.75000
     -21.16600      60.19000     -60.19000
     -21.13600      44.96000     -44.96000
     -21.10500      33.28000     -33.28000
     -21.07400      30.17000     -30.17000
     -21.04400      29.73000     -29.73000
     -21.01300      30.04000     -30.04000
     -20.98200      32.47000     -32.47000
     -20.95200      33.28000     -33.28000
     -20.92100      31.77000     -31.77000
     -20.89000      31.19000     -31.19000
     -20.86000      33.50000     -33.50000
     -20.82900      37.56000     -37.56000
     -20.79800      36.50000     -36.50000
     -20.76800      26.31000     -26.31000
     -20.73700      16.49000     -16.49000
     -20.70700      15.59000     -15.59000
     -20.67600      25.52000     -25.52000
     -20.64500      40.23000     -40.23000
     -20.61500      39.77000     -39.77000
     -20.58400      21.39000     -21.39000
     -20.55300       6.02000      -6.02000
     -20.52300       1.21300      -1.21300
     -20.49200       2.95000      -2.95000
     -20.46100      12.38000     -12.38000
     -20.43100      30.39000     -30.39000
     -20.40000      48.48000     -48.48000
     -20.36900      53.37000     -53.37000
     -20.33900      42.70000     -42.70000
     -20.30800      36.81000     -36.81000
     -20.27800      39.34000     -39.34000
     -20.24700      32.92000     -32.92000
     -20.21600      21.99000     -21.99000
     -20.18600      17.09000     -17.09000
     -20.15500      17.85000     -17.85000
     -20.12400      20.39000     -20.39000
     -20.09400      23.13000     -23.13000
     -20.06300      31.37000     -31.37000
     -20.03200      39.26000     -39.26000
     -20.00200      33.45000     -33.45000
     -19.97100      20.67000     -20.67000
     -19.94000      12.87000     -12.87000
     -19.91000      10.32000     -10.32000
     -19.87900      11.36000     -11.36000
     -19.84900      13.75000     -13.75000
     -19.81800      14.17000     -14.17000
     -19.78700      14.92000     -14.92000
     -19.75700      16.48000     -16.48000
     -19.72600      15.34000     -15.34000
     -19.69500      11.18000     -11.18000
     -19.66500       5.58900      -5.58900
     -19.63400       1.63000      -1.63000
     -19.60300       0.25270      -0.25270
     -19.57300       0.02137      -0.02137
     -19.54200       0.03597      -0.03597
     -19.51100       0.43570      -0.43570
     -19.48100       2.68300      -2.68300
     -19.45000       8.35900      -8.35900
     -19.42000      13.66000     -13.66000
     -19.38900      12.80000     -12.80000
     -19.35800       8.72200      -8.72200
     -19.32800       7.29300      -7.29300
     -19.29700      11.83000     -11.83000
     -19.26600      22.16000     -22.16000
     -19.23600      27.08000     -27.08000
     -19.20500      19.06000     -19.06000
     -19.17400       9.13300      -9.13300
     -19.14400       5.11900      -5.11900
     -19.11300       4.56500      -4.56500
     -19.08200       5.36000      -5.36000
     -19.05200       8.00200      -8.00200
     -19.02100      11.53000     -11.53000
     -18.99100      11.74000     -11.74000
     -18.96000      11.92000     -11.92000
     -18.92900      23.76000     -23.76000
     -18.89900      43.40000     -43.40000
     -18.86800      50.40000     -50.40000
     -18.83700      41.09000     -41.09000
     -18.80700      31.41000     -31.41000
     -18.77600      34.39000     -34.39000
     -18.74500      41.89000     -41.89000
     -18.71500      35.84000     -35.84000
     -18.68400      24.44000     -24.44000
     -18.65300      24.23000     -24.23000
     -18.62300      28.92000     -28.92000
     -18.59200      30.39000     -30.39000
     -18.56200      31.25000     -31.25000
     -18.53100      31.03000     -31.03000
     -18.50000      25.84000     -25.84000
     -18.47000      19.03000     -19.03000
     -18.43900      21.26000     -21.26000
     -18.40800      28.54000     -28.54000
     -18.37800      28.97000     -28.97000
     -18.34700      29.04000     -29.04000
     -18.31600      32.35000     -32.35000
     -18.28600      32.00000     -32.00000
     -18.25500      31.40000     -31.40000
     -18.22400      31.73000     -31.73000
     -18.19400      29.60000     -29.60000
     -18.16300      24.09000     -24.09000
     -18.13300      17.91000     -17.91000
     -18.10200      16.00000     -16.00000
     -18.07100      18.34000     -18.34000
     -18.04100      22.47000     -22.47000
     -18.01000      24.30000     -24.30000
     -17.97900      23.07000     -23.07000
     -17.94900      25.53000     -25.53000
     -17.91800      28.94000     -28.94000
     -17.88700      27.93000     -27.93000
     -17.85700      34.96000     -34.96000
     -17.82600      55.13000     -55.13000
     -17.79500      69.00000     -69.00000
     -17.76500      62.92000     -62.92000
     -17.73400      51.40000     -51.40000
     -17.70400      44.21000     -44.21000
     -17.67300      34.81000     -34.81000
     -17.64200      24.12000     -24.12000
     -17.61200      19.55000     -19.55000
     -17.58100      26.12000     -26.12000
     -17.55000      41.93000     -41.93000
     -17.52000      53.19000     -53.19000
     -17.48900      52.21000     -52.21000
     -17.45800      46.23000     -46.23000
     -17.42800      40.00000     -40.00000
     -17.39700      33.66000     -33.66000
     -17.36600      27.49000     -27.49000
     -17.33600      20.53000     -20.53000
     -17.30500      15.43000     -15.43000
     -17.27500      15.97000     -15.97000
     -17.24400      20.08000     -20.08000
     -17.21300      26.20000     -26.20000
     -17.18300      34.30000     -34.30000
     -17.15200      40.60000     -40.60000
     -17.12100      43.24000     -43.24000
     -17.09100      44.40000     -44.40000
     -17.06000      41.33000     -41.33000
     -17.02900      32.99000     -32.99000
     -16.99900      23.49000     -23.49000
     -16.96800      15.27000     -15.27000
     -16.93700      11.53000     -11.53000
     -16.90700      16.38000     -16.38000
     -16.87600      27.86000     -27.86000
     -16.84600      35.50000     -35.50000
     -16.81500      35.17000     -35.17000
     -16.78400      34.97000     -34.97000
     -16.75400      37.87000     -37.87000
     -16.72300      42.46000     -42.46000
     -16.69200      44.53000     -44.53000
     -16.66200      38.96000     -38.96000
     -16.63100      29.90000     -29.90000
     -16.60000      23.22000     -23.22000
     -16.57000      17.74000     -17.74000
     -16.53900      11.72000     -11.72000
     -16.50800       7.17000      -7.17000
     -16.47800       5.49100      -5.49100
     -16.44700       4.88700      -4.88700
     -16.41700       3.82800      -3.82800
     -16.38600       3.06800      -3.06800
     -16.35500       2.81700      -2.81700
     -16.32500       2.05100      -2.05100
     -16.29400       0.88850      -0.88850
     -16.26300       0.20600      -0.20600
     -16.23300       0.02451      -0.02451
     -16.20200       0.00146      -0.00146
     -16.17100       0.00004      -0.00004
     -16.14100       0.00000      -0.00000
     -16.11000       0.00019      -0.00019
     -16.07900       0.00775      -0.00775
     -16.04900       0.15760      -0.15760
     -16.01800       1.58800      -1.58800
     -15.98800       8.10500      -8.10500
     -15.95700      21.95000     -21.95000
     -15.92600      35.27000     -35.27000
     -15.89600      41.62000     -41.62000
     -15.86500      43.62000     -43.62000
     -15.83400      41.57000     -41.57000
     -15.80400      35.33000     -35.33000
     -15.77300      28.69000     -28.69000
     -15.74200      25.89000     -25.89000
     -15.71200      22.11000     -22.11000
     -15.68100      16.13000     -16.13000
     -15.65000      19.74000     -19.74000
     -15.62000      35.48000     -35.48000
     -15.58900      48.06000     -48.06000
     -15.55900      49.68000     -49.68000
     -15.52800      47.33000     -47.33000
     -15.49700      43.02000     -43.02000
     -15.46700      32.44000     -32.44000
     -15.43600      20.92000     -20.92000
     -15.40500      18.28000     -18.28000
     -15.37500      20.63000     -20.63000
     -15.34400      18.69000     -18.69000
     -15.31300      16.03000     -16.03000
     -15.28300      19.84000     -19.84000
     -15.25200      27.57000     -27.57000
     -15.22100      32.49000     -32.49000
     -15.19100      36.79000     -36.79000
     -15.16000      42.26000     -42.26000
     -15.13000      40.28000     -40.28000
     -15.09900      29.07000     -29.07000
     -15.06800      18.83000     -18.83000
     -15.03800      16.57000     -16.57000
     -15.00700      21.13000     -21.13000
     -14.97600      29.63000     -29.63000
     -14.94600      35.46000     -35.46000
     -14.91500      29.93000     -29.93000
     -14.88400      18.77000     -18.77000
     -14.85400      16.07000     -16.07000
     -14.82300      28.11000     -28.11000
     -14.79200      47.16000     -47.16000
     -14.76200      52.33000     -52.33000
     -14.73100      40.45000     -40.45000
     -14.70000      30.56000     -30.56000
     -14.67000      30.58000     -30.58000
     -14.63900      30.55000     -30.55000
     -14.60900      23.20000     -23.20000
     -14.57800      12.85000     -12.85000
     -14.54700       6.23900      -6.23900
     -14.51700       4.12300      -4.12300
     -14.48600       4.40700      -4.40700
     -14.45500       7.49500      -7.49500
     -14.42500      14.71000     -14.71000
     -14.39400      20.87000     -20.87000
     -14.36300      19.04000     -19.04000
     -14.33300      14.44000     -14.44000
     -14.30200      15.20000     -15.20000
     -14.27100      21.15000     -21.15000
     -14.24100      26.93000     -26.93000
     -14.21000      28.90000     -28.90000
     -14.18000      29.24000     -29.24000
     -14.14900      29.55000     -29.55000
     -14.11800      28.22000     -28.22000
     -14.08800      25.40000     -25.40000
     -14.05700      25.79000     -25.79000
     -14.02600      26.39000     -26.39000
     -13.99600      22.68000     -22.68000
     -13.96500      20.09000     -20.09000
     -13.93400      21.03000     -21.03000
     -13.90400      22.96000     -22.96000
     -13.87300      27.54000     -27.54000
     -13.84200      32.21000     -32.21000
     -13.81200      31.57000     -31.57000
     -13.78100      26.96000     -26.96000
     -13.75100      22.88000     -22.88000
     -13.72000      22.44000     -22.44000
     -13.68900      26.27000     -26.27000
     -13.65900      29.69000     -29.69000
     -13.62800      27.30000     -27.30000
     -13.59700      27.16000     -27.16000
     -13.56700      35.16000     -35.16000
     -13.53600      43.36000     -43.36000
     -13.50500      47.98000     -47.98000
     -13.47500      50.97000     -50.97000
     -13.44400      51.15000     -51.15000
     -13.41300      46.13000     -46.13000
     -13.38300      39.75000     -39.75000
     -13.35200      37.62000     -37.62000
     -13.32200      34.70000     -34.70000
     -13.29100      24.93000     -24.93000
     -13.26000      14.14000     -14.14000
     -13.23000       9.00300      -9.00300
     -13.19900      11.60000     -11.60000
     -13.16800      21.30000     -21.30000
     -13.13800      30.94000     -30.94000
     -13.10700      31.84000     -31.84000
     -13.07600      25.23000     -25.23000
     -13.04600      22.36000     -22.36000
     -13.01500      28.42000     -28.42000
     -12.98400      32.06000     -32.06000
     -12.95400      29.81000     -29.81000
     -12.92300      29.93000     -29.93000
     -12.89300      29.83000     -29.83000
     -12.86200      21.14000     -21.14000
     -12.83100       8.67400      -8.67400
     -12.80100       2.20800      -2.20800
     -12.77000       2.76200      -2.76200
     -12.73900      10.95000     -10.95000
     -12.70900      28.20000     -28.20000
     -12.67800      46.53000     -46.53000
     -12.64700      52.00000     -52.00000
     -12.61700      44.00000     -44.00000
     -12.58600      35.01000     -35.01000
     -12.55500      33.09000     -33.09000
     -12.52500      35.65000     -35.65000
     -12.49400      37.51000     -37.51000
     -12.46400      40.67000     -40.67000
     -12.43300      46.23000     -46.23000
     -12.40200      51.64000     -51.64000
     -12.37200      53.40000     -53.40000
     -12.34100      48.51000     -48.51000
     -12.31000      41.95000     -41.95000
     -12.28000      39.04000     -39.04000
     -12.24900      34.51000     -34.51000
     -12.21800      27.09000     -27.09000
     -12.18800      24.13000     -24.13000
     -12.15700      27.20000     -27.20000
     -12.12600      32.56000     -32.56000
     -12.09600      38.80000     -38.80000
     -12.06500      43.42000     -43.42000
     -12.03500      42.36000     -42.36000
     -12.00400      38.40000     -38.40000
     -11.97300      36.22000     -36.22000
     -11.94300      34.40000     -34.40000
     -11.91200      31.72000     -31.72000
     -11.88100      26.87000     -26.87000
     -11.85100      17.56000     -17.56000
     -11.82000       8.63000      -8.63000
     -11.78900       5.48400      -5.48400
     -11.75900       7.37200      -7.37200
     -11.72800      12.98000     -12.98000
     -11.69700      19.98000     -19.98000
     -11.66700      22.92000     -22.92000
     -11.63600      21.68000     -21.68000
     -11.60600      19.91000     -19.91000
     -11.57500      19.45000     -19.45000
     -11.54400      22.34000     -22.34000
     -11.51400      27.40000     -27.40000
     -11.48300      32.16000     -32.16000
     -11.45200      33.69000     -33.69000
     -11.42200      34.45000     -34.45000
     -11.39100      37.09000     -37.09000
     -11.36000      39.25000     -39.25000
     -11.33000      43.44000     -43.44000
     -11.29900      49.25000     -49.25000
     -11.26800      49.48000     -49.48000
     -11.23800      43.27000     -43.27000
     -11.20700      36.83000     -36.83000
     -11.17700      34.39000     -34.39000
     -11.14600      32.78000     -32.78000
     -11.11500      28.15000     -28.15000
     -11.08500      26.46000     -26.46000
     -11.05400      33.32000     -33.32000
     -11.02300      42.62000     -42.62000
     -10.99300      47.31000     -47.31000
     -10.96200      45.29000     -45.29000
     -10.93100      37.02000     -37.02000
     -10.90100      32.64000     -32.64000
     -10.87000      38.22000     -38.22000
     -10.83900      46.02000     -46.02000
     -10.80900      52.72000     -52.72000
     -10.77800      62.07000     -62.07000
     -10.74800      74.05000     -74.05000
     -10.71700      82.16000     -82.16000
     -10.68600      78.71000     -78.71000
     -10.65600      64.27000     -64.27000
     -10.62500      53.47000     -53.47000
     -10.59400      54.21000     -54.21000
     -10.56400      51.29000     -51.29000
     -10.53300      38.07000     -38.07000
     -10.50200      28.35000     -28.35000
     -10.47200      29.38000     -29.38000
     -10.44100      36.23000     -36.23000
     -10.41000      41.07000     -41.07000
     -10.38000      40.78000     -40.78000
     -10.34900      41.51000     -41.51000
     -10.31900      44.61000     -44.61000
     -10.28800      37.04000     -37.04000
     -10.25700      20.66000     -20.66000
     -10.22700      17.21000     -17.21000
     -10.19600      32.76000     -32.76000
     -10.16500      43.80000     -43.80000
     -10.13500      35.49000     -35.49000
     -10.10400      27.32000     -27.32000
     -10.07300      26.53000     -26.53000
     -10.04300      23.41000     -23.41000
     -10.01200      23.45000     -23.45000
      -9.98100      32.57000     -32.57000
      -9.95100      41.97000     -41.97000
      -9.92000      45.33000     -45.33000
      -9.89000      45.95000     -45.95000
      -9.85900      42.20000     -42.20000
      -9.82800      37.56000     -37.56000
      -9.79800      40.43000     -40.43000
      -9.76700      40.25000     -40.25000
      -9.73600      30.40000     -30.40000
      -9.70600      25.60000     -25.60000
      -9.67500      28.48000     -28.48000
      -9.64400      28.41000     -28.41000
      -9.61400      27.83000     -27.83000
      -9.58300      31.95000     -31.95000
      -9.55200      38.56000     -38.56000
      -9.52200      41.03000     -41.03000
      -9.49100      40.12000     -40.12000
      -9.46100      42.47000     -42.47000
      -9.43000      45.52000     -45.52000
      -9.39900      46.31000     -46.31000
      -9.36900      44.62000     -44.62000
      -9.33800      43.65000     -43.65000
      -9.30700      56.65000     -56.65000
      -9.27700      86.38000     -86.38000
      -9.24600     110.10000    -110.10000
      -9.21500     112.60000    -112.60000
      -9.18500     106.40000    -106.40000
      -9.15400     101.20000    -101.20000
      -9.12300      98.48000     -98.48000
      -9.09300      91.90000     -91.90000
      -9.06200      72.86000     -72.86000
      -9.03200      52.82000     -52.82000
      -9.00100      47.13000     -47.13000
      -8.97000      52.27000     -52.27000
      -8.94000      57.20000     -57.20000
      -8.90900      58.06000     -58.06000
      -8.87800      60.52000     -60.52000
      -8.84800      66.72000     -66.72000
      -8.81700      70.23000     -70.23000
      -8.78600      69.71000     -69.71000
      -8.75600      73.86000     -73.86000
      -8.72500      87.27000     -87.27000
      -8.69400     101.60000    -101.60000
      -8.66400     109.40000    -109.40000
      -8.63300     105.60000    -105.60000
      -8.60300     103.40000    -103.40000
      -8.57200     109.40000    -109.40000
      -8.54100     103.80000    -103.80000
      -8.51100      87.64000     -87.64000
      -8.48000      74.79000     -74.79000
      -8.44900      65.49000     -65.49000
      -8.41900      60.64000     -60.64000
      -8.38800      65.57000     -65.57000
      -8.35700      72.01000     -72.01000
      -8.32700      72.29000     -72.29000
      -8.29600      74.22000     -74.22000
      -8.26500      73.19000     -73.19000
      -8.23500      63.94000     -63.94000
      -8.20400      59.36000     -59.36000
      -8.17400      68.62000     -68.62000
      -8.14300      97.30000     -97.30000
      -8.11200     131.50000    -131.50000
      -8.08200     134.30000    -134.30000
      -8.05100     101.80000    -101.80000
      -8.02000      65.38000     -65.38000
      -7.99000      56.82000     -56.82000
      -7.95900      87.36000     -87.36000
      -7.92800     129.50000    -129.50000
      -7.89800     138.90000    -138.90000
      -7.86700     101.90000    -101.90000
      -7.83600      56.59000     -56.59000
      -7.80600      37.40000     -37.40000
      -7.77500      35.18000     -35.18000
      -7.74500      35.52000     -35.52000
      -7.71400      36.93000     -36.93000
      -7.68300      40.35000     -40.35000
      -7.65300      48.60000     -48.60000
      -7.62200      59.69000     -59.69000
      -7.59100      64.13000     -64.13000
      -7.56100      58.45000     -58.45000
      -7.53000      52.55000     -52.55000
      -7.49900      51.63000     -51.63000
      -7.46900      47.42000     -47.42000
      -7.43800      39.42000     -39.42000
      -7.40700      37.30000     -37.30000
      -7.37700      43.47000     -43.47000
      -7.34600      49.71000     -49.71000
      -7.31600      48.97000     -48.97000
      -7.28500      50.41000     -50.41000
      -7.25400      56.13000     -56.13000
      -7.22400      54.89000     -54.89000
      -7.19300      44.58000     -44.58000
      -7.16200      32.15000     -32.15000
      -7.13200      29.06000     -29.06000
      -7.10100      32.57000     -32.57000
      -7.07000      31.76000     -31.76000
      -7.04000      34.51000     -34.51000
      -7.00900      47.46000     -47.46000
      -6.97800      57.67000     -57.67000
      -6.94800      58.63000     -58.63000
      -6.91700      52.89000     -52.89000
      -6.88700      47.93000     -47.93000
      -6.85600      54.41000     -54.41000
      -6.82500      56.91000     -56.91000
      -6.79500      42.39000     -42.39000
      -6.76400      36.04000     -36.04000
      -6.73300      55.67000     -55.67000
      -6.70300      85.64000     -85.64000
      -6.67200     106.70000    -106.70000
      -6.64100     119.70000    -119.70000
      -6.61100     124.00000    -124.00000
      -6.58000     117.30000    -117.30000
      -6.54900     105.60000    -105.60000
      -6.51900      88.36000     -88.36000
      -6.48800      75.13000     -75.13000
      -6.45800      76.73000     -76.73000
      -6.42700      84.74000     -84.74000
      -6.39600      99.68000     -99.68000
      -6.36600     119.70000    -119.70000
      -6.33500     126.70000    -126.70000
      -6.30400     113.60000    -113.60000
      -6.27400      83.56000     -83.56000
      -6.24300      50.72000     -50.72000
      -6.21200      34.63000     -34.63000
      -6.18200      35.45000     -35.45000
      -6.15100      36.27000     -36.27000
      -6.12000      29.94000     -29.94000
      -6.09000      24.67000     -24.67000
      -6.05900      24.88000     -24.88000
      -6.02900      28.99000     -28.99000
      -5.99800      31.86000     -31.86000
      -5.96700      29.96000     -29.96000
      -5.93700      30.06000     -30.06000
      -5.90600      37.09000     -37.09000
      -5.87500      48.05000     -48.05000
      -5.84500      56.60000     -56.60000
      -5.81400      54.40000     -54.40000
      -5.78300      41.97000     -41.97000
      -5.75300      30.89000     -30.89000
      -5.72200      25.98000     -25.98000
      -5.69100      26.43000     -26.43000
      -5.66100      31.61000     -31.61000
      -5.63000      33.97000     -33.97000
      -5.60000      29.15000     -29.15000
      -5.56900      25.93000     -25.93000
      -5.53800      29.81000     -29.81000
      -5.50800      33.32000     -33.32000
      -5.47700      32.24000     -32.24000
      -5.44600      31.91000     -31.91000
      -5.41600      34.17000     -34.17000
      -5.38500      37.03000     -37.03000
      -5.35400      37.62000     -37.62000
      -5.32400      33.17000     -33.17000
      -5.29300      25.58000     -25.58000
      -5.26200      19.41000     -19.41000
      -5.23200      17.59000     -17.59000
      -5.20100      20.03000     -20.03000
      -5.17100      24.40000     -24.40000
      -5.14000      27.36000     -27.36000
      -5.10900      28.75000     -28.75000
      -5.07900      27.64000     -27.64000
      -5.04800      23.41000     -23.41000
      -5.01700      23.01000     -23.01000
      -4.98700      29.87000     -29.87000
      -4.95600      36.86000     -36.86000
      -4.92500      39.04000     -39.04000
      -4.89500      35.83000     -35.83000
      -4.86400      27.04000     -27.04000
      -4.83300      15.52000     -15.52000
      -4.80300       8.17000      -8.17000
      -4.77200       9.17400      -9.17400
      -4.74200      17.16000     -17.16000
      -4.71100      23.38000     -23.38000
      -4.68000      22.05000     -22.05000
      -4.65000      21.47000     -21.47000
      -4.61900      26.11000     -26.11000
      -4.58800      30.07000     -30.07000
      -4.55800      29.58000     -29.58000
      -4.52700      24.89000     -24.89000
      -4.49600      18.93000     -18.93000
      -4.46600      14.54000     -14.54000
      -4.43500      14.23000     -14.23000
      -4.40400      20.33000     -20.33000
      -4.37400      33.27000     -33.27000
      -4.34300      50.08000     -50.08000
      -4.31300      52.82000     -52.82000
      -4.28200      32.66000     -32.66000
      -4.25100      14.51000     -14.51000
      -4.22100      14.61000     -14.61000
      -4.19000      25.61000     -25.61000
      -4.15900      33.45000     -33.45000
      -4.12900      29.65000     -29.65000
      -4.09800      21.65000     -21.65000
      -4.06700      18.97000     -18.97000
      -4.03700      18.95000     -18.95000
      -4.00600      17.66000     -17.66000
      -3.97500      17.06000     -17.06000
      -3.94500      18.92000     -18.92000
      -3.91400      19.70000     -19.70000
      -3.88400      18.39000     -18.39000
      -3.85300      16.26000     -16.26000
      -3.82200      12.32000     -12.32000
      -3.79200       7.84700      -7.84700
      -3.76100       7.04600      -7.04600
      -3.73000      14.21000     -14.21000
      -3.70000      26.30000     -26.30000
      -3.66900      31.09000     -31.09000
      -3.63800      28.74000     -28.74000
      -3.60800      32.26000     -32.26000
      -3.57700      40.32000     -40.32000
      -3.54600      44.25000     -44.25000
      -3.51600      48.28000     -48.28000
      -3.48500      51.70000     -51.70000
      -3.45500      44.93000     -44.93000
      -3.42400      33.07000     -33.07000
      -3.39300      27.25000     -27.25000
      -3.36300      24.58000     -24.58000
      -3.33200      22.68000     -22.68000
      -3.30100      24.03000     -24.03000
      -3.27100      22.97000     -22.97000
      -3.24000      17.24000     -17.24000
      -3.20900      14.92000     -14.92000
      -3.17900      18.97000     -18.97000
      -3.14800      22.84000     -22.84000
      -3.11700      19.69000     -19.69000
      -3.08700      12.01000     -12.01000
      -3.05600       7.15000      -7.15000
      -3.02600       7.22800      -7.22800
      -2.99500      11.70000     -11.70000
      -2.96400      17.15000     -17.15000
      -2.93400      16.99000     -16.99000
      -2.90300      11.31000     -11.31000
      -2.87200       8.03400      -8.03400
      -2.84200      12.88000     -12.88000
      -2.81100      24.94000     -24.94000
      -2.78000      36.84000     -36.84000
      -2.75000      41.60000     -41.60000
      -2.71900      38.82000     -38.82000
      -2.68800      33.01000     -33.01000
      -2.65800      29.69000     -29.69000
      -2.62700      27.29000     -27.29000
      -2.59700      23.43000     -23.43000
      -2.56600      18.54000     -18.54000
      -2.53500      12.40000     -12.40000
      -2.50500      12.34000     -12.34000
      -2.47400      22.19000     -22.19000
      -2.44300      30.38000     -30.38000
      -2.41300      26.95000     -26.95000
      -2.38200      17.22000     -17.22000
      -2.35100      10.29000     -10.29000
      -2.32100       7.09800      -7.09800
      -2.29000       4.13600      -4.13600
      -2.25900       1.45600      -1.45600
      -2.22900       0.27370      -0.27370
      -2.19800       0.02627      -0.02627
      -2.16700       0.00126      -0.00126
      -2.13700       0.00003      -0.00003
      -2.10600       0.00000      -0.00000
      -2.07600       0.00000      -0.00000
      -2.04500       0.00000      -0.00000
      -2.01400       0.00000      -0.00000
      -1.98400       0.00000       0.00000
      -1.95300       0.00000       0.00000
      -1.92200       0.00000       0.00000
      -1.89200       0.00000       0.00000
      -1.86100       0.00000       0.00000
      -1.83000       0.00000       0.00000
      -1.80000       0.00000       0.00000
      -1.76900       0.00000       0.00000
      -1.73800       0.00000       0.00000
      -1.70800       0.00000      -0.00000
      -1.67700       0.00000      -0.00000
      -1.64700       0.00000      -0.00000
      -1.61600       0.00000      -0.00000
      -1.58500       0.00000      -0.00000
      -1.55500       0.00020      -0.00020
      -1.52400       0.00537      -0.00537
      -1.49300       0.07050      -0.07050
      -1.46300       0.47070      -0.47070
      -1.43200       1.66400      -1.66400
      -1.40100       3.47200      -3.47200
      -1.37100       5.65700      -5.65700
      -1.34000       9.78100      -9.78100
      -1.30900      15.58000     -15.58000
      -1.27900      17.79000     -17.79000
      -1.24800      14.37000     -14.37000
      -1.21800       9.70400      -9.70400
      -1.18700       7.93900      -7.93900
      -1.15600      10.77000     -10.77000
      -1.12600      14.40000     -14.40000
      -1.09500      15.22000     -15.22000
      -1.06400      18.30000     -18.30000
      -1.03400      25.81000     -25.81000
      -1.00300      32.56000     -32.56000
      -0.97200      36.38000     -36.38000
      -0.94200      39.95000     -39.95000
      -0.91100      44.63000     -44.63000
      -0.88000      43.71000     -43.71000
      -0.85000      37.23000     -37.23000
      -0.81900      33.57000     -33.57000
      -0.78900      34.81000     -34.81000
      -0.75800      36.26000     -36.26000
      -0.72700      33.53000     -33.53000
      -0.69700      25.51000     -25.51000
      -0.66600      17.70000     -17.70000
      -0.63500      16.04000     -16.04000
      -0.60500      19.17000     -19.17000
      -0.57400      19.81000     -19.81000
      -0.54300      17.98000     -17.98000
      -0.51300      21.01000     -21.01000
      -0.48200      26.83000     -26.83000
      -0.45100      28.96000     -28.96000
      -0.42100      26.32000     -26.32000
      -0.39000      24.14000     -24.14000
      -0.36000      26.11000     -26.11000
      -0.32900      30.97000     -30.97000
      -0.29800      34.39000     -34.39000
      -0.26800      32.02000     -32.02000
      -0.23700      25.06000     -25.06000
      -0.20600      18.70000     -18.70000
      -0.17600      16.82000     -16.82000
      -0.14500      21.22000     -21.22000
      -0.11400      29.96000     -29.96000
      -0.08400      38.80000     -38.80000
      -0.05300      43.95000     -43.95000
      -0.02200      40.28000     -40.28000
       0.00800      30.06000     -30.06000
       0.03900      22.73000     -22.73000
       0.06900      20.52000     -20.52000
       0.10000      22.45000     -22.45000
       0.13100      28.90000     -28.90000
       0.16100      34.05000     -34.05000
       0.19200      30.83000     -30.83000
       0.22300      21.64000     -21.64000
       0.25300      16.35000     -16.35000
       0.28400      15.66000     -15.66000
       0.31500      12.52000     -12.52000
       0.34500       9.41200      -9.41200
       0.37600      12.59000     -12.59000
       0.40700      19.48000     -19.48000
       0.43700      21.72000     -21.72000
       0.46800      17.70000     -17.70000
       0.49800      11.65000     -11.65000
       0.52900       7.60000      -7.60000
       0.56000      11.22000     -11.23000
       0.59000      23.86000     -23.86000
       0.62100      34.11000     -34.12000
       0.65200      33.04000     -33.04000
       0.68200      25.78000     -25.77000
       0.71300      20.80000     -20.79000
       0.74400      18.34000     -18.34000
       0.77400      14.49000     -14.50000
       0.80500       9.14600      -9.14900
       0.83600       4.74600      -4.74900
       0.86600       7.15800      -7.15800
       0.89700      24.99000     -24.99000
       0.92700      59.36000     -59.36000
       0.95800      89.14000     -89.13000
       0.98900      93.67000     -93.66000
       1.01900      86.14000     -86.13000
       1.05000      81.80000     -81.80000
       1.08100      73.28000     -73.28000
       1.11100      58.00000     -58.00000
       1.14200      45.74000     -45.74000
       1.17300      45.89000     -45.89000
       1.20300      49.57000     -49.57000
       1.23400      40.32000     -40.32000
       1.26500      21.15000     -21.15000
       1.29500       8.68500      -8.68500
       1.32600      11.89000     -11.89000
       1.35600      26.96000     -26.96000
       1.38700      38.55000     -38.53000
       1.41800      38.33000     -38.32000
       1.44800      37.15000     -37.15000
       1.47900      39.78000     -39.80000
       1.51000      41.69000     -41.70000
       1.54000      43.83000     -43.81000
       1.57100      47.29000     -47.28000
       1.60200      50.99000     -50.99000
       1.63200      54.83000     -54.85000
       1.66300      58.52000     -58.55000
       1.69400      67.67000     -67.69000
       1.72400      76.86000     -76.80000
       1.75500      72.57000     -72.40000
       1.78500      69.17000     -69.00000
       1.81600      77.56000     -77.56000
       1.84700      78.00000     -78.07000
       1.87700      68.88000     -68.29000
       1.90800      70.80000     -69.39000
       1.93900      88.36000     -87.23000
       1.96900     112.40000    -112.10000
       2.00000     122.10000    -121.90000
       2.03100     112.30000    -111.70000
       2.06100      98.74000     -98.32000
       2.09200      83.09000     -82.95000
       2.12300      65.96000     -65.27000
       2.15300      55.97000     -55.69000
       2.18400      53.36000     -54.68000
       2.21400      52.42000     -54.24000
       2.24500      54.44000     -54.73000
       2.27600      63.37000     -62.54000
       2.30600      72.81000     -73.10000
       2.33700      79.37000     -80.35000
       2.36800      86.58000     -86.25000
       2.39800      86.62000     -84.54000
       2.42900      78.04000     -75.84000
       2.46000      75.58000     -75.09000
       2.49000      82.76000     -83.88000
       2.52100      90.12000     -92.27000
       2.55200      91.82000     -93.81000
       2.58200      88.65000     -88.56000
       2.61300      84.10000     -81.51000
       2.64300      80.10000     -76.61000
       2.67400      76.90000     -74.49000
       2.70500      76.17000     -75.69000
       2.73500      76.91000     -78.26000
       2.76600      80.20000     -82.11000
       2.79700      86.77000     -88.09000
       2.82700      90.33000     -91.12000
       2.85800      85.59000     -85.38000
       2.88900      76.64000     -75.90000
       2.91900      71.05000     -72.87000
       2.95000      70.05000     -74.80000
       2.98100      69.13000     -73.06000
       3.01100      68.63000     -69.66000
       3.04200      71.69000     -71.06000
       3.07200      76.48000     -74.98000
       3.10300      80.82000     -77.93000
       3.13400      84.10000     -81.49000
       3.16400      85.57000     -86.06000
       3.19500      85.54000     -87.92000
       3.22600      86.92000     -88.04000
       3.25600      89.21000     -89.04000
       3.28700      87.32000     -87.92000
       3.31800      81.58000     -82.79000
       3.34800      76.80000     -76.49000
       3.37900      74.35000     -71.97000
       3.41000      73.57000     -71.53000
       3.44000      75.22000     -74.72000
       3.47100      77.99000     -77.27000
       3.50100      77.55000     -76.47000
       3.53200      73.94000     -73.76000
       3.56300      71.65000     -72.96000
       3.59300      72.61000     -75.16000
       3.62400      74.74000     -78.35000
       3.65500      76.35000     -79.07000
       3.68500      76.67000     -75.96000
       3.71600      75.94000     -72.77000
       3.74700      76.25000     -72.83000
       3.77700      76.77000     -75.03000
       3.80800      74.45000     -75.26000
       3.83900      71.07000     -72.60000
       3.86900      69.63000     -69.78000
       3.90000      70.04000     -69.03000
       3.93000      71.56000     -70.11000
       3.96100      72.95000     -70.67000
       3.99200      72.44000     -69.32000
       4.02200      68.80000     -68.20000
       4.05300      65.48000     -67.75000
       4.08400      65.61000     -67.37000
       4.11400      67.64000     -69.02000
       4.14500      70.26000     -72.46000
       4.17600      73.09000     -74.76000
       4.20600      75.21000     -75.80000
       4.23700      75.75000     -75.25000
       4.26800      73.43000     -72.00000
       4.29800      70.46000     -68.95000
       4.32900      70.95000     -68.42000
       4.35900      72.41000     -67.89000
       4.39000      70.51000     -65.28000
       4.42100      66.65000     -62.51000
       4.45100      63.71000     -61.72000
       4.48200      60.74000     -62.42000
       4.51300      57.15000     -62.56000
       4.54300      53.83000     -61.36000
       4.57400      51.72000     -60.29000
       4.60500      51.46000     -58.91000
       4.63500      52.69000     -55.66000
       4.66600      53.07000     -50.88000
       4.69700      51.09000     -46.62000
       4.72700      48.10000     -43.98000
       4.75800      45.12000     -43.20000
       4.78800      43.01000     -43.76000
       4.81900      41.40000     -42.86000
       4.85000      38.00000     -39.11000
       4.88000      34.41000     -35.93000
       4.91100      34.59000     -34.78000
       4.94200      37.08000     -34.66000
       4.97200      37.17000     -35.54000
       5.00300      33.66000     -35.15000
       5.03400      29.64000     -32.07000
       5.06400      27.15000     -28.67000
       5.09500      25.74000     -26.62000
       5.12600      25.62000     -25.52000
       5.15600      26.36000     -25.28000
       5.18700      26.57000     -25.33000
       5.21700      25.63000     -24.19000
       5.24800      23.71000     -21.96000
       5.27900      21.70000     -20.37000
       5.30900      20.36000     -19.75000
       5.34000      18.99000     -19.09000
       5.37100      16.91000     -17.34000
       5.40100      14.94000     -14.64000
       5.43200      14.08000     -12.70000
       5.46300      14.24000     -12.30000
       5.49300      13.60000     -12.69000
       5.52400      11.12000     -12.50000
       5.55500       8.12800     -10.41000
       5.58500       5.84100      -7.18500
       5.61600       4.46900      -4.97700
       5.64600       3.33100      -3.69900
       5.67700       2.09800      -2.27600
       5.70800       1.31100      -1.01300
       5.73800       0.98610      -0.38600
       5.76900       0.78860      -0.30140
       5.80000       0.54680      -0.37080
       5.83000       0.26240      -0.27290
       5.86100       0.07262      -0.10070
       5.89200       0.01051      -0.01831
       5.92200       0.00076      -0.00163
       5.95300       0.00003      -0.00007
       5.98400       0.00000      -0.00000
       6.01400       0.00000      -0.00000
       6.04500       0.00000      -0.00000
       6.07500       0.00000      -0.00000
       6.10600       0.00000      -0.00000
       6.13700       0.00000       0.00000
       6.16700       0.00000       0.00000
       6.19800       0.00000       0.00000
       6.22900       0.00000       0.00000
       6.25900       0.00000       0.00000
       6.29000       0.00000       0.00000
       6.32100       0.00000       0.00000
       6.35100       0.00000       0.00000
       6.38200       0.00000       0.00000
       6.41300       0.00000       0.00000
       6.44300       0.00000       0.00000
       6.47400       0.00000       0.00000
       6.50400       0.00000       0.00000
       6.53500       0.00000       0.00000
       6.56600       0.00000       0.00000
       6.59600       0.00000       0.00000
       6.62700       0.00000       0.00000
       6.65800       0.00000       0.00000
       6.68800       0.00000       0.00000
       6.71900       0.00000       0.00000
       6.75000       0.00000       0.00000
       6.78000       0.00000       0.00000
       6.81100       0.00000       0.00000
       6.84200       0.00000       0.00000
       6.87200       0.00000       0.00000
       6.90300       0.00000       0.00000
       6.93300       0.00000       0.00000
       6.96400       0.00000       0.00000
       6.99500       0.00000       0.00000
       7.02500       0.00000       0.00000
       7.05600       0.00000       0.00000
       7.08700       0.00000       0.00000
       7.11700       0.00000       0.00000
       7.14800       0.00000       0.00000
       7.17900       0.00000       0.00000
