      #Energy        TDOS-UP        TDOS-DOWN
     -22.45369       0.00000       0.00000
     -22.42169       0.00000       0.00000
     -22.38869       0.00000       0.00000
     -22.35569       0.00000       0.00000
     -22.32269       0.00000       0.00000
     -22.28969       0.00000       0.00000
     -22.25669       0.00000       0.00000
     -22.22369       0.00000       0.00000
     -22.19069       0.00000       0.00000
     -22.15769       0.00000       0.00000
     -22.12469       0.00000       0.00000
     -22.09169       0.00000       0.00000
     -22.05969       0.00000       0.00000
     -22.02669       0.00000       0.00000
     -21.99369       0.00000       0.00000
     -21.96069       0.00000       0.00000
     -21.92769       0.00000       0.00000
     -21.89469       0.00000       0.00000
     -21.86169       0.00000       0.00000
     -21.82869       0.00000       0.00000
     -21.79569       0.00000       0.00000
     -21.76269       0.00000       0.00000
     -21.72969       0.00000       0.00000
     -21.69669       0.00000       0.00000
     -21.66469       0.00000       0.00000
     -21.63169       0.00000       0.00000
     -21.59869       0.00000       0.00000
     -21.56569       0.00000       0.00000
     -21.53269       0.00000       0.00000
     -21.49969       0.00000       0.00000
     -21.46669       0.00000       0.00000
     -21.43369       0.00000       0.00000
     -21.40069       0.00000       0.00000
     -21.36769       0.00000       0.00000
     -21.33469       0.00000       0.00000
     -21.30269       0.00000       0.00000
     -21.26969       0.00000       0.00000
     -21.23669       0.00000      -0.00000
     -21.20369       0.00000      -0.00000
     -21.17069       0.00000      -0.00000
     -21.13769       0.00000      -0.00000
     -21.10469       0.00004      -0.00001
     -21.07169       0.00152      -0.00058
     -21.03869       0.02612      -0.01239
     -21.00569       0.21270      -0.12447
     -20.97269       0.88787      -0.62465
     -20.94069       2.11423      -1.72875
     -20.90769       3.27445      -2.98885
     -20.87469       3.84386      -3.73935
     -20.84169       3.98293      -3.96496
     -20.80869       3.99900      -3.99751
     -20.77569       3.99984      -3.99967
     -20.74269       3.99986      -3.99973
     -20.70969       3.99986      -3.99973
     -20.67669       3.99986      -3.99973
     -20.64369       3.99986      -3.99973
     -20.61069       3.99986      -3.99973
     -20.57869       3.99986      -3.99973
     -20.54569       3.99986      -3.99973
     -20.51269       3.99986      -3.99973
     -20.47969       3.99986      -3.99973
     -20.44669       3.99986      -3.99973
     -20.41369       3.99986      -3.99973
     -20.38069       3.99986      -3.99973
     -20.34769       3.99986      -3.99973
     -20.31469       3.99986      -3.99973
     -20.28169       3.99986      -3.99973
     -20.24869       3.99986      -3.99973
     -20.21669       3.99986      -3.99973
     -20.18369       3.99986      -3.99973
     -20.15069       3.99986      -3.99973
     -20.11769       3.99986      -3.99973
     -20.08469       3.99986      -3.99973
     -20.05169       3.99986      -3.99973
     -20.01869       3.99986      -3.99973
     -19.98569       3.99986      -3.99973
     -19.95269       3.99986      -3.99973
     -19.91969       3.99986      -3.99973
     -19.88669       3.99986      -3.99973
     -19.85469       3.99986      -3.99973
     -19.82169       3.99986      -3.99973
     -19.78869       3.99986      -3.99973
     -19.75569       3.99986      -3.99973
     -19.72269       3.99986      -3.99973
     -19.68969       3.99986      -3.99973
     -19.65669       3.99986      -3.99973
     -19.62369       3.99986      -3.99973
     -19.59069       3.99986      -3.99973
     -19.55769       3.99986      -3.99973
     -19.52469       3.99986      -3.99973
     -19.49269       3.99986      -3.99973
     -19.45969       3.99986      -3.99973
     -19.42669       3.99986      -3.99973
     -19.39369       3.99986      -3.99973
     -19.36069       3.99986      -3.99973
     -19.32769       3.99986      -3.99973
     -19.29469       3.99986      -3.99973
     -19.26169       3.99986      -3.99973
     -19.22869       3.99986      -3.99973
     -19.19569       3.99986      -3.99973
     -19.16269       3.99986      -3.99973
     -19.13069       3.99986      -3.99973
     -19.09769       3.99986      -3.99973
     -19.06469       3.99986      -3.99973
     -19.03169       3.99986      -3.99973
     -18.99869       3.99986      -3.99973
     -18.96569       3.99986      -3.99973
     -18.93269       3.99986      -3.99973
     -18.89969       3.99986      -3.99973
     -18.86669       3.99986      -3.99973
     -18.83369       3.99986      -3.99973
     -18.80069       3.99986      -3.99973
     -18.76869       3.99986      -3.99973
     -18.73569       3.99986      -3.99973
     -18.70269       3.99986      -3.99973
     -18.66969       3.99986      -3.99973
     -18.63669       3.99986      -3.99973
     -18.60369       3.99986      -3.99973
     -18.57069       3.99986      -3.99973
     -18.53769       3.99986      -3.99973
     -18.50469       3.99986      -3.99973
     -18.47169       3.99989      -3.99974
     -18.43869       4.00074      -3.99989
     -18.40669       4.01388      -4.00334
     -18.37369       4.11386      -4.04100
     -18.34069       4.51203      -4.24994
     -18.30769       5.40025      -4.87670
     -18.27469       6.63698      -5.98376
     -18.24169       7.98363      -7.32992
     -18.20869       9.53597      -8.80344
     -18.17569      11.45951     -10.55470
     -18.14269      13.50285     -12.57994
     -18.10969      15.09287     -14.43488
     -18.07669      16.09282     -15.68642
     -18.04469      17.04324     -16.60623
     -18.01169      18.32358     -17.74950
     -17.97869      19.72156     -19.13910
     -17.94569      20.95155     -20.45514
     -17.91269      22.02522     -21.58541
     -17.87969      22.98189     -22.60149
     -17.84669      23.64649     -23.41287
     -17.81369      23.92872     -23.84800
     -17.78069      23.99232     -23.97865
     -17.74769      23.99931     -23.99837
     -17.71469      24.00047     -23.99996
     -17.68269      24.01569     -24.00507
     -17.64969      24.14906     -24.06494
     -17.61669      24.71704     -24.40097
     -17.58369      25.99063     -25.35798
     -17.55069      27.72973     -26.89945
     -17.51769      29.62777     -28.64545
     -17.48469      31.68921     -30.55535
     -17.45169      33.69158     -32.61843
     -17.41869      35.35120     -34.50183
     -17.38569      36.65358     -36.03985
     -17.35269      37.55678     -37.17884
     -17.32069      38.16412     -37.88294
     -17.28769      38.90688     -38.47119
     -17.25469      40.00984     -39.38064
     -17.22169      41.16315     -40.57278
     -17.18869      42.04676     -41.64069
     -17.15569      42.73868     -42.44384
     -17.12269      43.35359     -43.11453
     -17.08969      43.80494     -43.64470
     -17.05669      44.08877     -43.97751
     -17.02369      44.43200     -44.25222
     -16.99069      45.13132     -44.76000
     -16.95869      46.19413     -45.69067
     -16.92569      47.18387     -46.78227
     -16.89269      47.74460     -47.55301
     -16.85969      47.94574     -47.88766
     -16.82669      47.99272     -47.98116
     -16.79369      47.99943     -47.99783
     -16.76069      47.99996     -47.99954
     -16.72769      47.99998     -47.99963
     -16.69469      47.99998     -47.99963
     -16.66169      48.00002     -47.99964
     -16.62869      48.00114     -47.99999
     -16.59669      48.01390     -48.00533
     -16.56369      48.08866     -48.04652
     -16.53069      48.33389     -48.21760
     -16.49769      48.81601     -48.62745
     -16.46469      49.39834     -49.21324
     -16.43169      49.85430     -49.72827
     -16.39869      50.18984     -50.07762
     -16.36569      50.58972     -50.43026
     -16.33269      51.12565     -50.91402
     -16.29969      51.78713     -51.52515
     -16.26669      52.54108     -52.25261
     -16.23469      53.26015     -53.00179
     -16.20169      53.91932     -53.66886
     -16.16869      54.66110     -54.35765
     -16.13569      55.45767     -55.14303
     -16.10269      56.11421     -55.86671
     -16.06969      56.56474     -56.39589
     -16.03669      56.91226     -56.77353
     -16.00369      57.28792     -57.13290
     -15.97069      57.66638     -57.52501
     -15.93769      57.92974     -57.83903
     -15.90469      58.19737     -58.06400
     -15.87269      58.89571     -58.52914
     -15.83969      60.25437     -59.62765
     -15.80669      61.86627     -61.20928
     -15.77369      63.19120     -62.68657
     -15.74069      64.24726     -63.81421
     -15.70769      65.45453     -64.92227
     -15.67469      66.87803     -66.28916
     -15.64169      68.11739     -67.63943
     -15.60869      68.96382     -68.63197
     -15.57569      69.55849     -69.29328
     -15.54269      70.17274     -69.84369
     -15.51069      71.02197     -70.54614
     -15.47769      72.01566     -71.48356
     -15.44469      72.92972     -72.43448
     -15.41169      73.82206     -73.28157
     -15.37869      74.85442     -74.20599
     -15.34569      75.98074     -75.29463
     -15.31269      76.99583     -76.40203
     -15.27969      77.71951     -77.31148
     -15.24669      78.22236     -77.93642
     -15.21369      78.78577     -78.46001
     -15.18069      79.60538     -79.14864
     -15.14869      80.62886     -80.06993
     -15.11569      81.70499     -81.11283
     -15.08269      82.70231     -82.16001
     -15.04969      83.44918     -83.06452
     -15.01669      83.84989     -83.65903
     -14.98369      84.03035     -83.93847
     -14.95069      84.28745     -84.10544
     -14.91769      85.04766     -84.49614
     -14.88469      86.63553     -85.54644
     -14.85169      88.69500     -87.40236
     -14.81869      90.47407     -89.47812
     -14.78669      91.76922     -91.12062
     -14.75369      92.78530     -92.29647
     -14.72069      93.68092     -93.22386
     -14.68769      94.66343     -94.12063
     -14.65469      95.91662     -95.22046
     -14.62169      97.45299     -96.61763
     -14.58869      99.13153     -98.23907
     -14.55569     100.63713     -99.86742
     -14.52269     101.67361    -101.16948
     -14.48969     102.33509    -102.01147
     -14.45669     103.07176    -102.70421
     -14.42469     104.24481    -103.72473
     -14.39169     105.71273    -105.15464
     -14.35869     107.00459    -106.56118
     -14.32569     108.00388    -107.62876
     -14.29269     109.05681    -108.58543
     -14.25969     110.40050    -109.77494
     -14.22669     111.94461    -111.23875
     -14.19369     113.46551    -112.80408
     -14.16069     114.79340    -114.25340
     -14.12769     115.94375    -115.47961
     -14.09469     117.06579    -116.58552
     -14.06269     118.30878    -117.76071
     -14.02969     119.73013    -119.12497
     -13.99669     121.10903    -120.57512
     -13.96369     122.11161    -121.76068
     -13.93069     122.77260    -122.53701
     -13.89769     123.35789    -123.13316
     -13.86469     124.05293    -123.77555
     -13.83169     125.02491    -124.62988
     -13.79869     126.28929    -125.78253
     -13.76569     127.65535    -127.09890
     -13.73269     128.98801    -128.42728
     -13.70069     130.18229    -129.68787
     -13.66769     131.14407    -130.74788
     -13.63469     132.00103    -131.62755
     -13.60169     132.88777    -132.51215
     -13.56869     133.67644    -133.36960
     -13.53569     134.23705    -134.02104
     -13.50269     134.62268    -134.45709
     -13.46969     134.92831    -134.77936
     -13.43669     135.19473    -135.05336
     -13.40369     135.41909    -135.29121
     -13.37069     135.59165    -135.48564
     -13.33869     135.71328    -135.63433
     -13.30569     135.80302    -135.74028
     -13.27269     135.88401    -135.82341
     -13.23969     135.95098    -135.90102
     -13.20669     135.98740    -135.96128
     -13.17369     135.99853    -135.99060
     -13.14069     136.00027    -135.99843
     -13.10769     136.00040    -135.99949
     -13.07469     136.00043    -135.99956
     -13.04169     136.00110    -135.99971
     -13.00869     136.01199    -136.00288
     -12.97669     136.09746    -136.03520
     -12.94369     136.44172    -136.20453
     -12.91069     137.21888    -136.70148
     -12.87769     138.32545    -137.61488
     -12.84469     139.48501    -138.78168
     -12.81169     140.59340    -139.93351
     -12.77869     141.74144    -141.01639
     -12.74569     142.95958    -142.18566
     -12.71269     144.13806    -143.44756
     -12.67969     145.24595    -144.65599
     -12.64669     146.44023    -145.84320
     -12.61469     147.76500    -147.14427
     -12.58169     149.04928    -148.48911
     -12.54869     150.24899    -149.77010
     -12.51569     151.47667    -151.02493
     -12.48269     152.74845    -152.27302
     -12.44969     153.86721    -153.42600
     -12.41669     154.60997    -154.30468
     -12.38369     155.06066    -154.83633
     -12.35069     155.52880    -155.22137
     -12.31769     156.19307    -155.72504
     -12.28469     157.02025    -156.42272
     -12.25269     158.02333    -157.24578
     -12.21969     159.34348    -158.25577
     -12.18669     160.88677    -159.60966
     -12.15369     162.29825    -161.16611
     -12.12069     163.41305    -162.57561
     -12.08769     164.26853    -163.67264
     -12.05469     164.90894    -164.47086
     -12.02169     165.40489    -165.06454
     -11.98869     165.77136    -165.53383
     -11.95569     166.04048    -165.86755
     -11.92269     166.51459    -166.18053
     -11.89069     167.55650    -166.84662
     -11.85769     169.00697    -168.08598
     -11.82469     170.37172    -169.60014
     -11.79169     171.47962    -170.97641
     -11.75869     172.38890    -172.08364
     -11.72569     173.13315    -172.94389
     -11.69269     173.80186    -173.65555
     -11.65969     174.47469    -174.33464
     -11.62669     175.10458    -174.97719
     -11.59369     175.59213    -175.49634
     -11.56069     175.90029    -175.83742
     -11.52869     176.12330    -176.05948
     -11.49569     176.42220    -176.32351
     -11.46269     176.89396    -176.75249
     -11.42969     177.63277    -177.43108
     -11.39669     178.69558    -178.43086
     -11.36369     179.86501    -179.59898
     -11.33069     180.80687    -180.59580
     -11.29769     181.46045    -181.28640
     -11.26469     182.00527    -181.81608
     -11.23169     182.65144    -182.38755
     -11.19869     183.55776    -183.17935
     -11.16669     184.64081    -184.22323
     -11.13369     185.57889    -185.25543
     -11.10069     186.25962    -186.02765
     -11.06769     186.94150    -186.67744
     -11.03469     187.86247    -187.50297
     -11.00169     188.93712    -188.53945
     -10.96869     189.91124    -189.55075
     -10.93569     190.69761    -190.37777
     -10.90269     191.40450    -191.09568
     -10.86969     192.15648    -191.82446
     -10.83669     193.08978    -192.66891
     -10.80469     194.26777    -193.74159
     -10.77169     195.52145    -194.98524
     -10.73869     196.57406    -196.14858
     -10.70569     197.28177    -197.00258
     -10.67269     197.77229    -197.53242
     -10.63969     198.36992    -197.97751
     -10.60669     199.30060    -198.66038
     -10.57369     200.55214    -199.72780
     -10.54069     202.02450    -201.12019
     -10.50769     203.61468    -202.70494
     -10.47469     205.19449    -204.34448
     -10.44269     206.57142    -205.87987
     -10.40969     207.67355    -207.14786
     -10.37669     208.63763    -208.19224
     -10.34369     209.44802    -209.10580
     -10.31069     210.00847    -209.79542
     -10.27769     210.49750    -210.30386
     -10.24469     211.24569    -210.93803
     -10.21169     212.34552    -211.93370
     -10.17869     213.47480    -213.10609
     -10.14569     214.36961    -214.09782
     -10.11269     215.16930    -214.92055
     -10.08069     215.98661    -215.74509
     -10.04769     216.68675    -216.49608
     -10.01469     217.22367    -217.06558
      -9.98169     217.81225    -217.60546
      -9.94869     218.69998    -218.39824
      -9.91569     219.96205    -219.58331
      -9.88269     221.42356    -221.03954
      -9.84969     222.68925    -222.40248
      -9.81669     223.48927    -223.33661
      -9.78369     223.89414    -223.81827
      -9.75069     224.17152    -224.07780
      -9.71869     224.65680    -224.44901
      -9.68569     225.55605    -225.20922
      -9.65269     226.69520    -226.30856
      -9.61969     227.74402    -227.40970
      -9.58669     228.66466    -228.36078
      -9.55369     229.60521    -229.28570
      -9.52069     230.66012    -230.28630
      -9.48769     231.98340    -231.47696
      -9.45469     233.74569    -233.06796
      -9.42169     235.86259    -235.09041
      -9.38869     237.99511    -237.26193
      -9.35669     239.79591    -239.20555
      -9.32369     241.17431    -240.72547
      -9.29069     242.36135    -241.95694
      -9.25769     243.60730    -243.17968
      -9.22469     244.88089    -244.45278
      -9.19169     246.01840    -245.61135
      -9.15869     247.03431    -246.61212
      -9.12569     248.07326    -247.60549
      -9.09269     249.14725    -248.67291
      -9.05969     250.09126    -249.68750
      -9.02669     250.85870    -250.51533
      -8.99469     251.67502    -251.28015
      -8.96169     252.74638    -252.24505
      -8.92869     253.98460    -253.46598
      -8.89569     255.08837    -254.69037
      -8.86269     255.84035    -255.61134
      -8.82969     256.26960    -256.15451
      -8.79669     256.54432    -256.46692
      -8.76369     256.84277    -256.74344
      -8.73069     257.32522    -257.16137
      -8.69769     258.01911    -257.80623
      -8.66469     258.74987    -258.54702
      -8.63169     259.44310    -259.24025
      -8.59969     260.27817    -260.01922
      -8.56669     261.27236    -260.99350
      -8.53369     262.18083    -261.95280
      -8.50069     262.98151    -262.77290
      -8.46769     263.95250    -263.68976
      -8.43469     265.23103    -264.90378
      -8.40169     266.77480    -266.38487
      -8.36869     268.55783    -268.10487
      -8.33569     270.41243    -269.95421
      -8.30269     272.08735    -271.68886
      -8.26969     273.48863    -273.16567
      -8.23769     274.65033    -274.38561
      -8.20469     275.62971    -275.40679
      -8.17169     276.46627    -276.27724
      -8.13869     277.26267    -277.08039
      -8.10569     278.19977    -277.98721
      -8.07269     279.31210    -279.07141
      -8.03969     280.42263    -280.19181
      -8.00669     281.36943    -281.17053
      -7.97369     282.20072    -282.00363
      -7.94069     283.10605    -282.86717
      -7.90769     284.20802    -283.88489
      -7.87569     285.69322    -285.16983
      -7.84269     287.83825    -287.02016
      -7.80969     290.46951    -289.50597
      -7.77669     292.97111    -292.12966
      -7.74369     295.18640    -294.50012
      -7.71069     297.43098    -296.80015
      -7.67769     299.62011    -299.07748
      -7.64469     301.41301    -301.00711
      -7.61169     302.79455    -302.48112
      -7.57869     303.97500    -303.69219
      -7.54569     305.16648    -304.87314
      -7.51369     306.48203    -306.17190
      -7.48069     307.80450    -307.51757
      -7.44769     308.95731    -308.71184
      -7.41469     310.00086    -309.76790
      -7.38169     311.04705    -310.81590
      -7.34869     312.11611    -311.88249
      -7.31569     313.30496    -313.03498
      -7.28269     314.87276    -314.49533
      -7.24969     317.08492    -316.57388
      -7.21669     319.52071    -319.04405
      -7.18369     321.19793    -320.94029
      -7.15169     321.85011    -321.77553
      -7.11869     321.98611    -321.97363
      -7.08569     322.02404    -322.01270
      -7.05269     322.16285    -322.11558
      -7.01969     322.59727    -322.47474
      -6.98669     323.42363    -323.22606
      -6.95369     324.52954    -324.29051
      -6.92069     325.87669    -325.58763
      -6.88769     327.61331    -327.24560
      -6.85469     329.56730    -329.19416
      -6.82169     331.08821    -330.84473
      -6.78969     331.83788    -331.73164
      -6.75669     332.17904    -332.09749
      -6.72369     332.61283    -332.46384
      -6.69069     333.45152    -333.18290
      -6.65769     334.82977    -334.43642
      -6.62469     336.56261    -336.12385
      -6.59169     338.31947    -337.91000
      -6.55869     339.95819    -339.57620
      -6.52569     341.43730    -341.06436
      -6.49269     342.78115    -342.40772
      -6.45969     344.09193    -343.71866
      -6.42769     345.35203    -345.01792
      -6.39469     346.45054    -346.18571
      -6.36169     347.54609    -347.25641
      -6.32869     349.15421    -348.58101
      -6.29569     351.82759    -350.63093
      -6.26269     355.72570    -353.82478
      -6.22969     360.27542    -358.07173
      -6.19669     364.65236    -362.50132
      -6.16369     368.52249    -366.36323
      -6.13069     371.97797    -369.80884
      -6.09769     375.18531    -373.21495
      -6.06569     378.11490    -376.49766
      -6.03269     380.57290    -379.33839
      -5.99969     382.73274    -381.64451
      -5.96669     385.09184    -383.78230
      -5.93369     387.69760    -386.14272
      -5.90069     390.16481    -388.68908
      -5.86769     392.30820    -391.15070
      -5.83469     394.24228    -393.37356
      -5.80169     396.31129    -395.49851
      -5.76869     398.96081    -397.88756
      -5.73569     402.40000    -400.91275
      -5.70369     406.50709    -404.71707
      -5.67069     410.79188    -409.02819
      -5.63769     414.48496    -413.12375
      -5.60469     417.24754    -416.36187
      -5.57169     419.36558    -418.79222
      -5.53869     421.19978    -420.80084
      -5.50569     422.99877    -422.66186
      -5.47269     424.90159    -424.56287
      -5.43969     426.85689    -426.52854
      -5.40669     428.79904    -428.46295
      -5.37369     430.90540    -430.44426
      -5.34169     433.25677    -432.52989
      -5.30869     435.66491    -434.48585
      -5.27569     438.09888    -436.24782
      -5.24269     440.55030    -438.23274
      -5.20969     443.04022    -440.82106
      -5.17669     446.17828    -444.01836
      -5.14369     450.32486    -447.90825
      -5.11069     454.50434    -452.28848
      -5.07769     457.67269    -456.12307
      -5.04469     460.28519    -458.88828
      -5.01169     463.63734    -461.59227
      -4.97969     468.06857    -465.52691
      -4.94669     472.45045    -470.33331
      -4.91369     475.69366    -474.39136
      -4.88069     477.78554    -476.97771
      -4.84769     479.32916    -478.60705
      -4.81469     480.91061    -479.98200
      -4.78169     482.79286    -481.51442
      -4.74869     484.81086    -483.33694
      -4.71569     486.51589    -485.22857
      -4.68269     487.71807    -486.81183
      -4.64969     488.66948    -488.07489
      -4.61769     489.64458    -489.25716
      -4.58469     490.68666    -490.41968
      -4.55169     491.74091    -491.51803
      -4.51869     492.83284    -492.60124
      -4.48569     494.02202    -493.75669
      -4.45269     495.29511    -494.99210
      -4.41969     496.58812    -496.26619
      -4.38669     497.78520    -497.48795
      -4.35369     498.88634    -498.59156
      -4.32069     500.13262    -499.70949
      -4.28769     501.69219    -501.02701
      -4.25569     503.50994    -502.66063
      -4.22269     505.48466    -504.63601
      -4.18969     507.55416    -506.76640
      -4.15669     509.65888    -508.82076
      -4.12369     511.70929    -510.75978
      -4.09069     513.63926    -512.67576
      -4.05769     515.38888    -514.52510
      -4.02469     516.96853    -516.17057
      -3.99169     518.64016    -517.76124
      -3.95869     520.61538    -519.59659
      -3.92569     522.65148    -521.64421
      -3.89369     524.41278    -523.53485
      -3.86069     525.88005    -525.01511
      -3.82769     527.19609    -526.25217
      -3.79469     528.56133    -527.59109
      -3.76169     530.28660    -529.22076
      -3.72869     532.71235    -531.31675
      -3.69569     536.01677    -534.16225
      -3.66269     540.08601    -537.87114
      -3.62969     544.40042    -542.18390
      -3.59669     548.23600    -546.45389
      -3.56369     551.43413    -550.08082
      -3.53169     554.48236    -553.18631
      -3.49869     557.78793    -556.38691
      -3.46569     561.45568    -560.03326
      -3.43269     565.51011    -564.19958
      -3.39969     570.07298    -569.00598
      -3.36669     574.75763    -573.98187
      -3.33369     578.41105    -577.75937
      -3.30069     580.54473    -579.71204
      -3.26769     581.75612    -580.69044
      -3.23469     582.68087    -581.51070
      -3.20169     583.66536    -582.29345
      -3.16969     584.91410    -583.09298
      -3.13669     586.38909    -584.08026
      -3.10369     587.78939    -585.37574
      -3.07069     588.87079    -586.86061
      -3.03769     589.57636    -588.19508
      -3.00469     589.99250    -589.15965
      -2.97169     590.41571    -589.75301
      -2.93869     591.28534    -590.14923
      -2.90569     592.73648    -590.72268
      -2.87269     594.33406    -591.86397
      -2.83969     595.66640    -593.51553
      -2.80769     596.70600    -595.16198
      -2.77469     597.56724    -596.42636
      -2.74169     598.45316    -597.33630
      -2.70869     599.59626    -598.15689
      -2.67569     601.02568    -599.16737
      -2.64269     602.45115    -600.50695
      -2.60969     603.60626    -602.00498
      -2.57669     604.63484    -603.29338
      -2.54369     605.85775    -604.31505
      -2.51069     607.23731    -605.41027
      -2.47769     608.40938    -606.75478
      -2.44569     609.24379    -608.05816
      -2.41269     609.96994    -609.05152
      -2.37969     610.76289    -609.86850
      -2.34669     611.48426    -610.70604
      -2.31369     611.95366    -611.46049
      -2.28069     612.22112    -611.95445
      -2.24769     612.41625    -612.23344
      -2.21469     612.61185    -612.43157
      -2.18169     612.91536    -612.62010
      -2.14869     613.61369    -612.86955
      -2.11569     615.01826    -613.37963
      -2.08369     616.89508    -614.46975
      -2.05069     618.50928    -616.19337
      -2.01769     619.54395    -618.00404
      -1.98469     620.31074    -619.32075
      -1.95169     621.18580    -620.21292
      -1.91869     622.42368    -621.07596
      -1.88569     624.04677    -622.19916
      -1.85269     625.65949    -623.71513
      -1.81969     626.84834    -625.37869
      -1.78669     627.59703    -626.70461
      -1.75369     628.15237    -627.51615
      -1.72169     628.79904    -628.02806
      -1.68869     629.71227    -628.58406
      -1.65569     630.87808    -629.43658
      -1.62269     632.10511    -630.59663
      -1.58969     633.20576    -631.85640
      -1.55669     634.12228    -633.01267
      -1.52369     634.81190    -633.99007
      -1.49069     635.25700    -634.73037
      -1.45769     635.56727    -635.21085
      -1.42469     635.92032    -635.54413
      -1.39169     636.45526    -635.91329
      -1.35969     637.12052    -636.45350
      -1.32669     637.67027    -637.11119
      -1.29369     637.99035    -637.65667
      -1.26069     638.25319    -637.97752
      -1.22769     638.69750    -638.22689
      -1.19469     639.37445    -638.63852
      -1.16169     640.08035    -639.29736
      -1.12869     640.64310    -640.02877
      -1.09569     641.20075    -640.60616
      -1.06269     641.92196    -641.11182
      -1.02969     642.63625    -641.78070
      -0.99769     643.16478    -642.52774
      -0.96469     643.71403    -643.14413
      -0.93169     644.61114    -643.83934
      -0.89869     646.03891    -645.10256
      -0.86569     647.84629    -647.00801
      -0.83269     649.40916    -648.84682
      -0.79969     650.28800    -649.95126
      -0.76669     650.69343    -650.44654
      -0.73369     651.00918    -650.72923
      -0.70069     651.47764    -651.02015
      -0.66769     652.20823    -651.45785
      -0.63569     653.16293    -652.12870
      -0.60269     654.26901    -653.04292
      -0.56969     655.53486    -654.20133
      -0.53669     657.02253    -655.65675
      -0.50369     658.73382    -657.40604
      -0.47069     660.46698    -659.19976
      -0.43769     661.96732    -660.69467
      -0.40469     663.19352    -661.84321
      -0.37169     664.26258    -662.80169
      -0.33869     665.25973    -663.63331
      -0.30569     666.15668    -664.41392
      -0.27369     666.86933    -665.25261
      -0.24069     667.38568    -666.09394
      -0.20769     667.79622    -666.77977
      -0.17469     668.24362    -667.25728
      -0.14169     668.82826    -667.63557
      -0.10869     669.44827    -668.10371
      -0.07569     669.91426    -668.75795
      -0.04269     670.24949    -669.42255
      -0.00969     670.58752    -669.84007
       0.02331     670.95561    -670.02836
       0.05631     671.36188    -670.19863
       0.08831     671.87872    -670.47588
       0.12131     672.57903    -670.84710
       0.15431     673.53685    -671.28808
       0.18731     674.78971    -671.84474
       0.22031     676.20086    -672.58981
       0.25331     677.58092    -673.59930
       0.28631     678.81436    -674.87553
       0.31931     679.82303    -676.25015
       0.35231     680.63704    -677.55253
       0.38531     681.30625    -678.71621
       0.41831     681.75382    -679.72521
       0.45031     681.94494    -680.62116
       0.48331     681.99010    -681.36294
       0.51631     681.99550    -681.80937
       0.54931     681.99581    -681.97056
       0.58231     681.99582    -682.00161
       0.61531     681.99582    -682.00458
       0.64831     681.99582    -682.00471
       0.68131     681.99582    -682.00471
       0.71431     681.99582    -682.00471
       0.74731     681.99582    -682.00471
       0.78031     681.99582    -682.00471
       0.81231     681.99582    -682.00471
       0.84531     681.99582    -682.00471
       0.87831     681.99582    -682.00471
       0.91131     681.99582    -682.00471
       0.94431     681.99582    -682.00471
       0.97731     681.99582    -682.00471
       1.01031     681.99582    -682.00471
       1.04331     681.99582    -682.00471
       1.07631     681.99582    -682.00471
       1.10931     681.99582    -682.00471
       1.14231     681.99582    -682.00471
       1.17431     681.99582    -682.00471
       1.20731     681.99609    -682.00475
       1.24031     682.00097    -682.00580
       1.27331     682.04376    -682.01959
       1.30631     682.23557    -682.10817
       1.33931     682.72391    -682.41202
       1.37231     683.50847    -683.03170
       1.40531     684.38337    -683.86134
       1.43831     685.12695    -684.66795
       1.47131     685.63293    -685.30277
       1.50431     685.89677    -685.72168
       1.53631     686.00744    -685.93666
       1.56931     686.08570    -686.03328
       1.60231     686.19557    -686.11298
       1.63531     686.33900    -686.22241
       1.66831     686.49035    -686.35972
       1.70131     686.63306    -686.50228
       1.73431     686.78287    -686.63835
       1.76731     686.98990    -686.78962
       1.80031     687.34132    -687.01419
       1.83331     687.95064    -687.39913
       1.86631     688.81796    -688.01355
       1.89831     689.72889    -688.80238
       1.93131     690.49930    -689.60636
       1.96431     691.16917    -690.34649
       1.99731     691.90223    -691.07247
       2.03031     692.91452    -691.90359
       2.06331     694.27778    -693.00392
       2.09631     695.73912    -694.38364
       2.12931     697.02094    -695.79693
       2.16231     698.06779    -697.03350
       2.19531     698.97032    -698.06800
       2.22831     699.91762    -698.98897
       2.26031     701.05102    -699.98184
       2.29331     702.26257    -701.16329
       2.32631     703.25791    -702.37830
       2.35931     703.91133    -703.32806
       2.39231     704.42406    -703.93113
       2.42531     705.00754    -704.41325
       2.45831     705.64368    -704.98538
       2.49131     706.28886    -705.62020
       2.52431     706.98605    -706.25864
       2.55731     707.68340    -706.94332
       2.59031     708.32973    -707.63408
       2.62231     709.03877    -708.27121
       2.65531     709.89885    -708.95144
       2.68831     710.87231    -709.76875
       2.72131     711.91669    -710.69712
       2.75431     712.96945    -711.70085
       2.78731     713.97385    -712.71660
       2.82031     714.98351    -713.67804
       2.85331     716.09354    -714.62007
       2.88631     717.29127    -715.61328
       2.91931     718.42960    -716.72940
       2.95231     719.39467    -717.93996
       2.98431     720.23896    -719.05362
       3.01731     721.09493    -719.97870
       3.05031     721.99385    -720.83993
       3.08331     722.86710    -721.73112
       3.11631     723.65774    -722.59927
       3.14931     724.40347    -723.38234
       3.18231     725.27968    -724.11211
       3.21531     726.31501    -724.93500
       3.24831     727.19681    -725.94483
       3.28131     727.69407    -726.92536
       3.31431     727.93120    -727.57285
       3.34631     728.15018    -727.91276
       3.37931     728.47972    -728.19961
       3.41231     728.86212    -728.56714
       3.44531     729.23071    -728.95004
       3.47831     729.70542    -729.33623
       3.51131     730.39570    -729.89075
       3.54431     731.26681    -730.75248
       3.57731     732.37239    -731.96733
       3.61031     733.72793    -733.45236
       3.64331     734.96351    -734.81514
       3.67631     735.68538    -735.63688
       3.70831     735.93930    -735.93580
       3.74131     735.99036    -735.99692
       3.77431     735.99935    -736.00398
       3.80731     736.04868    -736.01473
       3.84031     736.36958    -736.11698
       3.87331     737.43897    -736.61015
       3.90631     739.47540    -737.88604
       3.93931     742.06783    -739.89482
       3.97231     744.69465    -742.17725
       4.00531     747.19971    -744.56219
       4.03831     749.74080    -747.29054
       4.07031     752.25804    -750.35620
       4.10331     754.28459    -753.16913
       4.13631     755.63717    -755.17330
       4.16931     756.68237    -756.50860
       4.20231     757.78318    -757.67589
       4.23531     758.86475    -758.78609
       4.26831     759.67251    -759.61754
       4.30131     760.27425    -760.20498
       4.33431     760.97111    -760.86481
       4.36731     761.84205    -761.71880
       4.40031     762.78096    -762.65738
       4.43231     763.74717    -763.61389
       4.46531     764.79172    -764.62503
       4.49831     766.03717    -765.81075
       4.53131     767.62291    -767.32573
       4.56431     769.53856    -769.20353
       4.59731     771.49107    -771.18418
       4.63031     773.18655    -772.93989
       4.66331     774.68492    -774.47018
       4.69631     776.19216    -775.92740
       4.72931     777.76984    -777.21383
       4.76231     779.58347    -778.31333
       4.79531     781.80781    -779.76627
       4.82731     784.13680    -782.03833
       4.86031     786.39142    -784.78922
       4.89331     789.12339    -787.55953
       4.92631     792.62198    -790.48056
       4.95931     796.38187    -793.69103
       4.99231     799.99860    -796.95498
       5.02531     803.33791    -800.14076
       5.05831     806.10591    -803.27110
       5.09131     808.16653    -806.15132
       5.12431     809.77316    -808.55814
       5.15731     811.22413    -810.50243
       5.18931     812.74652    -812.18212
       5.22231     814.69985    -814.00283
       5.25531     817.38953    -816.42726
       5.28831     820.59128    -819.43747
       5.32131     823.78216    -822.40688
       5.35431     826.72755    -824.95258
       5.38731     829.38991    -827.37717
       5.42031     831.79279    -829.96598
       5.45331     834.15123    -832.67245
       5.48631     836.71832    -835.47912
       5.51931     839.53964    -838.39242
       5.55131     842.48716    -841.32809
       5.58431     845.42481    -844.23514
       5.61731     848.34584    -847.14827
       5.65031     851.35195    -850.13035
       5.68331     854.35838    -853.11621
       5.71631     857.10663    -855.90215
       5.74931     859.60067    -858.44324
       5.78231     862.02411    -860.88232
       5.81531     864.32941    -863.20703
       5.84831     866.39825    -865.28772
       5.88131     868.33003    -867.20452
       5.91331     870.32516    -869.20130
       5.94631     872.47413    -871.38121
       5.97931     874.74537    -873.66462
       6.01231     877.12784    -876.04035
       6.04531     879.68276    -878.63212
       6.07831     882.45504    -881.47697
       6.11131     885.46427    -884.48636
       6.14431     888.63837    -887.55647
       6.17731     891.80293    -890.61375
       6.21031     894.90940    -893.68781
       6.24331     897.97014    -896.80267
       6.27531     900.85612    -899.82325
       6.30831     903.47405    -902.61133
       6.34131     905.93255    -905.21610
       6.37431     908.37886    -907.75210
       6.40731     910.86730    -910.24547
       6.44031     913.38420    -912.70281
       6.47331     915.85997    -915.17117
       6.50631     918.27173    -917.68100
       6.53931     920.70175    -920.21667
       6.57231     923.19875    -922.75776
       6.60531     925.74955    -925.30938
       6.63731     928.34856    -927.88569
       6.67031     930.95679    -930.45755
       6.70331     933.50364    -932.96557
       6.73631     935.95588    -935.40349
       6.76931     938.33407    -937.81871
       6.80231     940.67146    -940.21911
       6.83531     942.98071    -942.55814
       6.86831     945.27597    -944.82839
       6.90131     947.56563    -947.07857
       6.93431     949.84197    -949.32660
       6.96731     952.10975    -951.54601
       6.99931     954.35598    -953.75439
       7.03231     956.58344    -956.00966
       7.06531     958.88874    -958.32648
       7.09831     961.33407    -960.69513
       7.13131     963.85871    -963.12499
       7.16431     966.39651    -965.62856
       7.19731     968.93250    -968.21145
       7.23031     971.47606    -970.85884
       7.26331     974.01699    -973.51857
       7.29631     976.52106    -976.12598
       7.32931     978.98909    -978.64140
       7.36131     981.45219    -981.07521
       7.39431     983.87991    -983.43794
       7.42731     986.15987    -985.68268
       7.46031     988.24599    -987.78180
       7.49331     990.23766    -989.80605
       7.52631     992.23740    -991.83755
       7.55931     994.25342    -993.87858
       7.59231     996.26747    -995.90629
       7.62531     998.25355    -997.89928
       7.65831    1000.15818    -999.83270
       7.69131    1001.95651   -1001.70491
       7.72331    1003.66894   -1003.51542
       7.75631    1005.31885   -1005.24464
       7.78931    1006.91496   -1006.89471
       7.82231    1008.45511   -1008.50677
       7.85531    1009.94656   -1010.10419
       7.88831    1011.41942   -1011.64682
       7.92131    1012.88010   -1013.07804
       7.95431    1014.31132   -1014.40412
       7.98731    1015.69648   -1015.67360
       8.02031    1016.97352   -1016.90013
       8.05331    1018.10297   -1018.06232
       8.08531    1019.15146   -1019.15969
       8.11831    1020.17132   -1020.20472
       8.15131    1021.15317   -1021.18970
       8.18431    1022.11791   -1022.13008
       8.21731    1023.07754   -1023.05648
       8.25031    1023.98321   -1023.95062
       8.28331    1024.78899   -1024.78175
       8.31631    1025.50675   -1025.54936
       8.34931    1026.19472   -1026.27682
       8.38231    1026.89305   -1026.98667
       8.41531    1027.58843   -1027.65720
       8.44731    1028.24464   -1028.25845
       8.48031    1028.83602   -1028.80639
       8.51331    1029.36783   -1029.32323
       8.54631    1029.85785   -1029.81177
       8.57931    1030.29472   -1030.26559
       8.61231    1030.66479   -1030.65590
       8.64531    1030.98630   -1030.95592
       8.67831    1031.26867   -1031.17957
       8.71131    1031.50152   -1031.36644
       8.74431    1031.68165   -1031.53869
       8.77731    1031.80584   -1031.69259
       8.80931    1031.87728   -1031.81473
       8.84231    1031.91947   -1031.89546
       8.87531    1031.95291   -1031.94175
       8.90831    1031.97765   -1031.96788
       8.94131    1031.98959   -1031.98456
       8.97431    1031.99288   -1031.99607
       9.00731    1031.99336   -1032.00183
       9.04031    1031.99339   -1032.00341
       9.07331    1031.99339   -1032.00361
       9.10631    1031.99339   -1032.00363
       9.13931    1031.99339   -1032.00363
       9.17131    1031.99339   -1032.00363
       9.20431    1031.99339   -1032.00363
       9.23731    1031.99339   -1032.00363
       9.27031    1031.99339   -1032.00363
       9.30331    1031.99339   -1032.00363
       9.33631    1031.99339   -1032.00363
       9.36931    1031.99339   -1032.00363
       9.40231    1031.99339   -1032.00363
       9.43531    1031.99339   -1032.00363
       9.46831    1031.99339   -1032.00363
       9.50131    1031.99339   -1032.00363
       9.53331    1031.99339   -1032.00363
       9.56631    1031.99339   -1032.00363
       9.59931    1031.99339   -1032.00363
       9.63231    1031.99339   -1032.00363
       9.66531    1031.99339   -1032.00363
       9.69831    1031.99339   -1032.00363
       9.73131    1031.99339   -1032.00363
       9.76431    1031.99339   -1032.00363
       9.79731    1031.99339   -1032.00363
       9.83031    1031.99339   -1032.00363
       9.86331    1031.99339   -1032.00363
       9.89531    1031.99339   -1032.00363
       9.92831    1031.99339   -1032.00363
       9.96131    1031.99339   -1032.00363
       9.99431    1031.99339   -1032.00363
      10.02731    1031.99339   -1032.00363
      10.06031    1031.99339   -1032.00363
      10.09331    1031.99339   -1032.00363
      10.12631    1031.99339   -1032.00363
      10.15931    1031.99339   -1032.00363
      10.19231    1031.99339   -1032.00363
      10.22531    1031.99339   -1032.00363
      10.25731    1031.99339   -1032.00363
      10.29031    1031.99339   -1032.00363
      10.32331    1031.99339   -1032.00363
      10.35631    1031.99339   -1032.00363
      10.38931    1031.99339   -1032.00363
      10.42231    1031.99339   -1032.00363
