      #Energy        TDOS-UP        TDOS-DOWN
     -19.79589       0.00000       0.00000
     -19.76689       0.00000       0.00000
     -19.73689       0.00000       0.00000
     -19.70689       0.00000       0.00000
     -19.67789       0.00000       0.00000
     -19.64789       0.00000       0.00000
     -19.61789       0.00000       0.00000
     -19.58889       0.00000       0.00000
     -19.55889       0.00000       0.00000
     -19.52889       0.00000       0.00000
     -19.49989       0.00000       0.00000
     -19.46989       0.00000       0.00000
     -19.43989       0.00000       0.00000
     -19.41089       0.00000       0.00000
     -19.38089       0.00000       0.00000
     -19.35089       0.00000       0.00000
     -19.32189       0.00000       0.00000
     -19.29189       0.00000       0.00000
     -19.26189       0.00000       0.00000
     -19.23289       0.00000       0.00000
     -19.20289       0.00000       0.00000
     -19.17289       0.00000       0.00000
     -19.14389       0.00000       0.00000
     -19.11389       0.00000       0.00000
     -19.08389       0.00000       0.00000
     -19.05389       0.00000       0.00000
     -19.02489       0.00000       0.00000
     -18.99489       0.00000       0.00000
     -18.96489       0.00000       0.00000
     -18.93589       0.00000       0.00000
     -18.90589       0.00000       0.00000
     -18.87589       0.00000       0.00000
     -18.84689       0.00000       0.00000
     -18.81689       0.00000       0.00000
     -18.78689       0.00000       0.00000
     -18.75789       0.00000       0.00000
     -18.72789       0.00000      -0.00000
     -18.69789       0.00000      -0.00000
     -18.66889       0.00000      -0.00000
     -18.63889       0.00000      -0.00000
     -18.60889       0.00000      -0.00000
     -18.57989       0.00004      -0.00004
     -18.54989       0.00090      -0.00090
     -18.51989       0.01185      -0.01185
     -18.49089       0.09067      -0.09067
     -18.46089       0.42778      -0.42778
     -18.43089       1.32502      -1.32502
     -18.40189       2.88373      -2.88373
     -18.37189       4.74528      -4.74528
     -18.34189       6.40874      -6.40874
     -18.31289       7.74029      -7.74029
     -18.28289       8.89541      -8.89541
     -18.25289       9.92040      -9.92040
     -18.22389      10.77921     -10.77921
     -18.19389      11.55196     -11.55196
     -18.16389      12.37872     -12.37872
     -18.13489      13.35772     -13.35772
     -18.10489      14.50735     -14.50735
     -18.07489      15.71900     -15.71900
     -18.04589      16.78376     -16.78376
     -18.01589      17.59747     -17.59747
     -17.98589      18.24261     -18.24261
     -17.95689      18.84562     -18.84562
     -17.92689      19.52475     -19.52475
     -17.89689      20.33949     -20.33949
     -17.86689      21.14444     -21.14444
     -17.83789      21.72000     -21.72000
     -17.80789      22.09702     -22.09702
     -17.77789      22.51827     -22.51827
     -17.74889      23.08107     -23.08107
     -17.71889      23.61389     -23.61389
     -17.68889      23.99893     -23.99893
     -17.65989      24.42952     -24.42952
     -17.62989      25.20020     -25.20020
     -17.59989      26.43871     -26.43871
     -17.57089      28.09371     -28.09371
     -17.54089      29.85496     -29.85496
     -17.51089      31.22834     -31.22834
     -17.48189      32.03121     -32.03121
     -17.45189      32.53689     -32.53689
     -17.42189      33.11111     -33.11111
     -17.39289      33.92763     -33.92763
     -17.36289      34.93155     -34.93155
     -17.33289      36.01041     -36.01041
     -17.30389      37.09965     -37.09965
     -17.27389      38.08117     -38.08117
     -17.24389      38.81371     -38.81371
     -17.21489      39.30039     -39.30039
     -17.18489      39.63666     -39.63666
     -17.15489      39.86249     -39.86249
     -17.12589      40.00348     -40.00348
     -17.09589      40.15036     -40.15036
     -17.06589      40.40236     -40.40236
     -17.03689      40.79022     -40.79022
     -17.00689      41.25761     -41.25761
     -16.97689      41.66624     -41.66624
     -16.94789      41.90090     -41.90090
     -16.91789      41.98234     -41.98234
     -16.88789      41.99841     -41.99841
     -16.85889      42.00014     -42.00014
     -16.82889      42.00032     -42.00032
     -16.79889      42.00174     -42.00174
     -16.76889      42.01529     -42.01529
     -16.73989      42.08547     -42.08547
     -16.70989      42.29007     -42.29007
     -16.67989      42.64636     -42.64636
     -16.65089      43.06359     -43.06359
     -16.62089      43.49879     -43.49879
     -16.59089      44.02835     -44.02835
     -16.56189      44.64916     -44.64916
     -16.53189      45.20929     -45.20929
     -16.50189      45.62801     -45.62801
     -16.47289      46.01067     -46.01067
     -16.44289      46.52510     -46.52510
     -16.41289      47.19710     -47.19710
     -16.38389      47.83661     -47.83661
     -16.35389      48.26987     -48.26987
     -16.32389      48.53366     -48.53366
     -16.29489      48.77144     -48.77144
     -16.26489      49.09456     -49.09456
     -16.23489      49.52055     -49.52055
     -16.20589      50.00782     -50.00782
     -16.17589      50.57448     -50.57448
     -16.14589      51.24470     -51.24470
     -16.11689      51.94460     -51.94460
     -16.08689      52.65666     -52.65666
     -16.05689      53.50316     -53.50316
     -16.02789      54.48735     -54.48735
     -15.99789      55.39661     -55.39661
     -15.96789      56.12277     -56.12277
     -15.93889      56.79151     -56.79151
     -15.90889      57.56426     -57.56426
     -15.87889      58.56655     -58.56655
     -15.84989      59.79720     -59.79720
     -15.81989      60.99802     -60.99802
     -15.78989      61.92434     -61.92434
     -15.76089      62.62468     -62.62468
     -15.73089      63.21434     -63.21434
     -15.70089      63.69330     -63.69330
     -15.67089      64.12434     -64.12434
     -15.64189      64.67497     -64.67497
     -15.61189      65.35914     -65.35914
     -15.58189      65.98544     -65.98544
     -15.55289      66.46604     -66.46604
     -15.52289      66.95806     -66.95806
     -15.49289      67.69549     -67.69549
     -15.46389      68.76456     -68.76456
     -15.43389      70.02963     -70.02963
     -15.40389      71.32630     -71.32630
     -15.37489      72.64122     -72.64122
     -15.34489      74.01476     -74.01476
     -15.31489      75.36781     -75.36781
     -15.28589      76.48391     -76.48391
     -15.25589      77.21363     -77.21363
     -15.22589      77.68859     -77.68859
     -15.19689      78.21385     -78.21385
     -15.16689      78.93452     -78.93452
     -15.13689      79.67062     -79.67062
     -15.10789      80.18920     -80.18920
     -15.07789      80.55451     -80.55451
     -15.04789      81.09846     -81.09846
     -15.01889      82.13132     -82.13132
     -14.98889      83.63617     -83.63617
     -14.95889      85.28257     -85.28257
     -14.92989      86.77450     -86.77450
     -14.89989      88.01747     -88.01747
     -14.86989      89.05062     -89.05062
     -14.84089      90.00410     -90.00410
     -14.81089      91.00832     -91.00832
     -14.78089      92.13332     -92.13332
     -14.75189      93.41055     -93.41055
     -14.72189      94.76984     -94.76984
     -14.69189      96.13180     -96.13180
     -14.66289      97.54629     -97.54629
     -14.63289      98.96834     -98.96834
     -14.60289     100.18059    -100.18059
     -14.57289     101.12620    -101.12620
     -14.54389     101.95459    -101.95459
     -14.51389     102.71785    -102.71785
     -14.48389     103.32842    -103.32842
     -14.45489     103.78602    -103.78602
     -14.42489     104.24762    -104.24762
     -14.39489     104.88609    -104.88609
     -14.36589     105.77784    -105.77784
     -14.33589     106.87480    -106.87480
     -14.30589     108.02028    -108.02028
     -14.27689     109.07539    -109.07539
     -14.24689     110.03317    -110.03317
     -14.21689     110.95905    -110.95905
     -14.18789     111.89308    -111.89308
     -14.15789     112.80576    -112.80576
     -14.12789     113.63296    -113.63296
     -14.09889     114.35334    -114.35334
     -14.06889     115.05012    -115.05012
     -14.03889     115.87272    -115.87272
     -14.00989     116.81003    -116.81003
     -13.97989     117.68442    -117.68442
     -13.94989     118.51103    -118.51103
     -13.92089     119.51584    -119.51584
     -13.89089     120.72661    -120.72661
     -13.86089     121.92016    -121.92016
     -13.83189     122.90286    -122.90286
     -13.80189     123.57086    -123.57086
     -13.77189     123.94181    -123.94181
     -13.74289     124.24346    -124.24346
     -13.71289     124.72643    -124.72643
     -13.68289     125.38330    -125.38330
     -13.65389     126.08230    -126.08230
     -13.62389     126.89408    -126.89408
     -13.59389     127.93317    -127.93317
     -13.56489     129.06841    -129.06841
     -13.53489     130.04651    -130.04651
     -13.50489     130.70813    -130.70813
     -13.47489     131.06728    -131.06728
     -13.44589     131.26058    -131.26058
     -13.41589     131.41002    -131.41002
     -13.38589     131.56012    -131.56012
     -13.35689     131.70395    -131.70395
     -13.32689     131.82466    -131.82466
     -13.29689     131.91466    -131.91466
     -13.26789     131.97005    -131.97005
     -13.23789     131.99462    -131.99462
     -13.20789     132.00894    -132.00894
     -13.17889     132.06734    -132.06734
     -13.14889     132.29567    -132.29567
     -13.11889     132.81381    -132.81381
     -13.08989     133.52127    -133.52127
     -13.05989     134.15411    -134.15411
     -13.02989     134.61482    -134.61482
     -13.00089     135.04853    -135.04853
     -12.97089     135.65599    -135.65599
     -12.94089     136.46776    -136.46776
     -12.91189     137.26678    -137.26678
     -12.88189     137.89768    -137.89768
     -12.85189     138.52873    -138.52873
     -12.82289     139.37463    -139.37463
     -12.79289     140.37306    -140.37306
     -12.76289     141.31675    -141.31675
     -12.73389     142.15998    -142.15998
     -12.70389     143.05173    -143.05173
     -12.67389     144.07435    -144.07435
     -12.64489     145.12679    -145.12679
     -12.61489     146.09525    -146.09525
     -12.58489     146.96668    -146.96668
     -12.55589     147.75827    -147.75827
     -12.52589     148.42627    -148.42627
     -12.49589     148.94515    -148.94515
     -12.46689     149.42930    -149.42930
     -12.43689     150.05590    -150.05590
     -12.40689     150.90106    -150.90106
     -12.37689     151.90098    -151.90098
     -12.34789     152.92019    -152.92019
     -12.31789     153.84443    -153.84443
     -12.28789     154.68633    -154.68633
     -12.25889     155.55033    -155.55033
     -12.22889     156.48363    -156.48363
     -12.19889     157.44586    -157.44586
     -12.16989     158.36461    -158.36461
     -12.13989     159.20013    -159.20013
     -12.10989     160.00330    -160.00330
     -12.08089     160.84920    -160.84920
     -12.05089     161.75416    -161.75416
     -12.02089     162.80601    -162.80601
     -11.99189     164.13844    -164.13844
     -11.96189     165.62533    -165.62533
     -11.93189     166.94278    -166.94278
     -11.90289     167.95783    -167.95783
     -11.87289     168.78177    -168.78177
     -11.84289     169.49117    -169.49117
     -11.81389     170.08038    -170.08038
     -11.78389     170.59554    -170.59554
     -11.75389     171.09973    -171.09973
     -11.72489     171.65630    -171.65630
     -11.69489     172.30767    -172.30767
     -11.66489     173.00060    -173.00060
     -11.63589     173.67260    -173.67260
     -11.60589     174.30885    -174.30885
     -11.57589     174.86393    -174.86393
     -11.54689     175.30817    -175.30817
     -11.51689     175.71384    -175.71384
     -11.48689     176.15689    -176.15689
     -11.45789     176.62829    -176.62829
     -11.42789     177.07936    -177.07936
     -11.39789     177.45831    -177.45831
     -11.36889     177.76695    -177.76695
     -11.33889     178.11625    -178.11625
     -11.30889     178.61183    -178.61183
     -11.27989     179.17225    -179.17225
     -11.24989     179.62006    -179.62006
     -11.21989     179.94901    -179.94901
     -11.18989     180.32797    -180.32797
     -11.16089     180.90204    -180.90204
     -11.13089     181.68844    -181.68844
     -11.10089     182.61284    -182.61284
     -11.07189     183.58427    -183.58427
     -11.04189     184.54605    -184.54605
     -11.01189     185.47401    -185.47401
     -10.98289     186.36042    -186.36042
     -10.95289     187.24564    -187.24564
     -10.92289     188.17181    -188.17181
     -10.89389     189.10095    -189.10095
     -10.86389     190.00517    -190.00517
     -10.83389     190.95464    -190.95464
     -10.80489     191.95470    -191.95470
     -10.77489     192.90521    -192.90521
     -10.74489     193.81596    -193.81596
     -10.71589     194.83768    -194.83768
     -10.68589     196.09088    -196.09088
     -10.65589     197.49899    -197.49899
     -10.62689     198.82697    -198.82697
     -10.59689     199.94351    -199.94351
     -10.56689     200.93052    -200.93052
     -10.53789     201.90640    -201.90640
     -10.50789     202.86507    -202.86507
     -10.47789     203.74644    -203.74644
     -10.44889     204.58551    -204.58551
     -10.41889     205.44699    -205.44699
     -10.38889     206.29705    -206.29705
     -10.35989     207.04858    -207.04858
     -10.32989     207.62414    -207.62414
     -10.29989     208.04806    -208.04806
     -10.27089     208.50669    -208.50669
     -10.24089     209.19042    -209.19042
     -10.21089     210.09775    -210.09775
     -10.18189     211.05345    -211.05345
     -10.15189     211.91567    -211.91567
     -10.12189     212.71424    -212.71424
     -10.09189     213.55450    -213.55450
     -10.06289     214.45367    -214.45367
     -10.03289     215.35893    -215.35893
     -10.00289     216.22812    -216.22812
      -9.97389     216.99835    -216.99835
      -9.94389     217.63831    -217.63831
      -9.91389     218.26802    -218.26802
      -9.88489     219.04463    -219.04463
      -9.85489     219.96680    -219.96680
      -9.82489     220.95900    -220.95900
      -9.79589     222.02064    -222.02064
      -9.76589     223.11968    -223.11968
      -9.73589     224.14630    -224.14630
      -9.70689     225.05349    -225.05349
      -9.67689     225.86096    -225.86096
      -9.64689     226.61947    -226.61947
      -9.61789     227.44089    -227.44089
      -9.58789     228.44184    -228.44184
      -9.55789     229.60987    -229.60987
      -9.52889     230.74526    -230.74526
      -9.49889     231.67900    -231.67900
      -9.46889     232.50932    -232.50932
      -9.43989     233.42526    -233.42526
      -9.40989     234.46776    -234.46776
      -9.37989     235.58757    -235.58757
      -9.35089     236.73126    -236.73126
      -9.32089     237.86383    -237.86383
      -9.29089     238.96450    -238.96450
      -9.26189     240.01932    -240.01932
      -9.23189     241.06390    -241.06390
      -9.20189     242.15818    -242.15818
      -9.17289     243.31686    -243.31686
      -9.14289     244.50819    -244.50819
      -9.11289     245.68720    -245.68720
      -9.08389     246.81383    -246.81383
      -9.05389     247.86969    -247.86969
      -9.02389     248.83043    -248.83043
      -8.99389     249.59859    -249.59859
      -8.96489     250.09491    -250.09491
      -8.93489     250.40061    -250.40061
      -8.90489     250.69845    -250.69845
      -8.87589     251.13913    -251.13913
      -8.84589     251.75653    -251.75653
      -8.81589     252.47839    -252.47839
      -8.78689     253.24165    -253.24165
      -8.75689     254.06826    -254.06826
      -8.72689     254.98152    -254.98152
      -8.69789     255.87431    -255.87431
      -8.66789     256.60329    -256.60329
      -8.63789     257.20229    -257.20229
      -8.60889     257.83527    -257.83527
      -8.57889     258.58636    -258.58636
      -8.54889     259.47099    -259.47099
      -8.51989     260.52566    -260.52566
      -8.48989     261.71891    -261.71891
      -8.45989     262.91113    -262.91113
      -8.43089     264.01610    -264.01610
      -8.40089     265.14555    -265.14555
      -8.37089     266.41507    -266.41507
      -8.34189     267.73044    -267.73044
      -8.31189     268.98067    -268.98067
      -8.28189     270.20924    -270.20924
      -8.25289     271.49479    -271.49479
      -8.22289     272.84947    -272.84947
      -8.19289     274.26485    -274.26485
      -8.16389     275.70352    -275.70352
      -8.13389     277.06044    -277.06044
      -8.10389     278.26066    -278.26066
      -8.07489     279.31237    -279.31237
      -8.04489     280.28009    -280.28009
      -8.01489     281.26799    -281.26799
      -7.98589     282.38423    -282.38423
      -7.95589     283.79634    -283.79634
      -7.92589     285.66798    -285.66798
      -7.89589     287.89721    -287.89721
      -7.86689     290.10789    -290.10789
      -7.83689     291.99080    -291.99080
      -7.80689     293.56836    -293.56836
      -7.77789     294.99234    -294.99234
      -7.74789     296.27862    -296.27862
      -7.71789     297.46580    -297.46580
      -7.68889     298.67656    -298.67656
      -7.65889     299.90884    -299.90884
      -7.62889     301.10016    -301.10016
      -7.59989     302.28036    -302.28036
      -7.56989     303.45180    -303.45180
      -7.53989     304.53852    -304.53852
      -7.51089     305.56336    -305.56336
      -7.48089     306.66151    -306.66151
      -7.45089     307.87420    -307.87420
      -7.42189     309.16449    -309.16449
      -7.39189     310.59738    -310.59738
      -7.36189     312.23948    -312.23948
      -7.33289     313.94805    -313.94805
      -7.30289     315.47411    -315.47411
      -7.27289     316.71692    -316.71692
      -7.24389     317.72752    -317.72752
      -7.21389     318.53188    -318.53188
      -7.18389     319.17169    -319.17169
      -7.15489     319.87069    -319.87069
      -7.12489     320.86008    -320.86008
      -7.09489     322.12366    -322.12366
      -7.06589     323.57420    -323.57420
      -7.03589     325.16125    -325.16125
      -7.00589     326.60230    -326.60230
      -6.97689     327.53248    -327.53248
      -6.94689     327.97768    -327.97768
      -6.91689     328.28490    -328.28490
      -6.88789     328.74769    -328.74769
      -6.85789     329.47830    -329.47830
      -6.82789     330.44024    -330.44024
      -6.79789     331.49787    -331.49787
      -6.76889     332.51367    -332.51367
      -6.73889     333.44251    -333.44251
      -6.70889     334.33901    -334.33901
      -6.67989     335.23507    -335.23507
      -6.64989     336.10322    -336.10322
      -6.61989     337.03355    -337.03355
      -6.59089     338.19179    -338.19179
      -6.56089     339.52882    -339.52882
      -6.53089     340.77549    -340.77549
      -6.50189     341.81547    -341.81547
      -6.47189     342.95160    -342.95160
      -6.44189     344.67961    -344.67961
      -6.41289     347.27088    -347.27088
      -6.38289     350.59306    -350.59306
      -6.35289     354.14967    -354.14967
      -6.32389     357.34054    -357.34054
      -6.29389     359.88611    -359.88611
      -6.26389     361.95034    -361.95034
      -6.23489     363.84349    -363.84349
      -6.20489     365.71364    -365.71364
      -6.17489     367.49878    -367.49878
      -6.14589     369.14488    -369.14488
      -6.11589     370.69558    -370.69558
      -6.08589     372.30370    -372.30370
      -6.05689     374.34982    -374.34982
      -6.02689     377.06573    -377.06573
      -5.99689     380.15644    -380.15644
      -5.96789     383.21302    -383.21302
      -5.93789     386.10995    -386.10995
      -5.90789     388.87779    -388.87779
      -5.87889     391.61729    -391.61729
      -5.84889     394.56749    -394.56749
      -5.81889     397.77393    -397.77393
      -5.78989     400.84268    -400.84268
      -5.75989     403.47624    -403.47624
      -5.72989     405.81957    -405.81957
      -5.69989     408.09479    -408.09479
      -5.67089     410.41112    -410.41112
      -5.64089     412.85075    -412.85075
      -5.61089     415.40210    -415.40210
      -5.58189     417.99471    -417.99471
      -5.55189     420.54072    -420.54072
      -5.52189     422.77247    -422.77247
      -5.49289     424.35522    -424.35522
      -5.46289     425.29653    -425.29653
      -5.43289     426.01586    -426.01586
      -5.40389     426.98447    -426.98447
      -5.37389     428.41439    -428.41439
      -5.34389     430.37876    -430.37876
      -5.31489     433.13532    -433.13532
      -5.28489     436.84774    -436.84774
      -5.25489     440.97561    -440.97561
      -5.22589     444.61531    -444.61531
      -5.19589     447.43479    -447.43479
      -5.16589     449.79177    -449.79177
      -5.13689     452.27383    -452.27383
      -5.10689     455.30742    -455.30742
      -5.07689     458.76759    -458.76759
      -5.04789     462.05564    -462.05564
      -5.01789     464.68890    -464.68890
      -4.98789     466.75862    -466.75862
      -4.95889     468.79080    -468.79080
      -4.92889     471.05639    -471.05639
      -4.89889     473.24110    -473.24110
      -4.86989     474.87162    -474.87162
      -4.83989     475.83593    -475.83593
      -4.80989     476.47173    -476.47173
      -4.78089     477.25071    -477.25071
      -4.75089     478.42038    -478.42038
      -4.72089     479.93694    -479.93694
      -4.69189     481.58275    -481.58275
      -4.66189     483.05911    -483.05911
      -4.63189     484.16853    -484.16853
      -4.60289     484.98698    -484.98698
      -4.57289     485.77101    -485.77101
      -4.54289     486.77968    -486.77968
      -4.51289     488.16509    -488.16509
      -4.48389     489.89072    -489.89072
      -4.45389     491.78328    -491.78328
      -4.42389     493.64661    -493.64661
      -4.39489     495.36556    -495.36556
      -4.36489     496.90157    -496.90157
      -4.33489     498.14201    -498.14201
      -4.30589     499.01907    -499.01907
      -4.27589     499.71140    -499.71140
      -4.24589     500.50240    -500.50240
      -4.21689     501.59699    -501.59699
      -4.18689     503.12617    -503.12617
      -4.15689     505.09707    -505.09707
      -4.12789     507.24128    -507.24128
      -4.09789     509.16114    -509.16114
      -4.06789     510.67518    -510.67518
      -4.03889     511.93447    -511.93447
      -4.00889     513.21719    -513.21719
      -3.97889     514.65616    -514.65616
      -3.94989     516.26695    -516.26695
      -3.91989     518.12776    -518.12776
      -3.88989     520.34066    -520.34066
      -3.86089     522.86843    -522.86843
      -3.83089     525.61816    -525.61816
      -3.80089     528.54996    -528.54996
      -3.77189     531.50446    -531.50446
      -3.74189     534.29352    -534.29352
      -3.71189     536.99726    -536.99726
      -3.68289     539.73987    -539.73987
      -3.65289     542.47240    -542.47240
      -3.62289     545.11367    -545.11367
      -3.59389     547.60820    -547.60820
      -3.56389     550.05153    -550.05153
      -3.53389     552.70527    -552.70527
      -3.50489     555.66511    -555.66511
      -3.47489     558.60136    -558.60136
      -3.44489     561.06769    -561.06769
      -3.41489     563.05863    -563.05863
      -3.38589     564.81171    -564.81171
      -3.35589     566.39357    -566.39357
      -3.32589     567.79544    -567.79544
      -3.29689     568.92964    -568.92964
      -3.26689     569.73682    -569.73682
      -3.23689     570.45259    -570.45259
      -3.20789     571.37060    -571.37060
      -3.17789     572.42587    -572.42587
      -3.14789     573.31628    -573.31628
      -3.11889     573.99303    -573.99303
      -3.08889     574.74605    -574.74605
      -3.05889     575.83514    -575.83514
      -3.02989     577.26550    -577.26550
      -2.99989     578.86709    -578.86709
      -2.96989     580.48946    -580.48946
      -2.94089     582.10589    -582.10589
      -2.91089     583.67216    -583.67216
      -2.88089     585.14897    -585.14897
      -2.85189     586.69699    -586.69699
      -2.82189     588.35511    -588.35511
      -2.79189     589.84898    -589.84898
      -2.76289     591.04758    -591.04758
      -2.73289     592.08993    -592.08993
      -2.70289     593.11997    -593.11997
      -2.67389     594.17701    -594.17701
      -2.64389     595.23762    -595.23762
      -2.61389     596.30683    -596.30683
      -2.58489     597.39280    -597.39280
      -2.55489     598.45103    -598.45103
      -2.52489     599.46713    -599.46713
      -2.49589     600.48500    -600.48500
      -2.46589     601.49901    -601.49901
      -2.43589     602.46213    -602.46213
      -2.40689     603.42050    -603.42050
      -2.37689     604.54699    -604.54699
      -2.34689     605.95198    -605.95198
      -2.31689     607.42092    -607.42092
      -2.28789     608.55348    -608.55348
      -2.25789     609.23276    -609.23276
      -2.22789     609.70148    -609.70148
      -2.19889     610.24084    -610.24084
      -2.16889     610.99460    -610.99460
      -2.13889     611.96232    -611.96232
      -2.10989     613.02930    -613.02930
      -2.07989     614.06142    -614.06142
      -2.04989     614.95881    -614.95881
      -2.02089     615.66019    -615.66019
      -1.99089     616.22254    -616.22254
      -1.96089     616.79676    -616.79676
      -1.93189     617.42603    -617.42603
      -1.90189     618.04373    -618.04373
      -1.87189     618.69303    -618.69303
      -1.84289     619.49753    -619.49753
      -1.81289     620.41317    -620.41317
      -1.78289     621.24082    -621.24082
      -1.75389     621.83656    -621.83656
      -1.72389     622.20466    -622.20466
      -1.69389     622.47597    -622.47597
      -1.66489     622.79998    -622.79998
      -1.63489     623.23754    -623.23754
      -1.60489     623.81874    -623.81874
      -1.57589     624.63526    -624.63526
      -1.54589     625.73370    -625.73370
      -1.51589     626.98675    -626.98675
      -1.48689     628.16710    -628.16710
      -1.45689     629.08734    -629.08734
      -1.42689     629.67046    -629.67046
      -1.39789     629.98554    -629.98554
      -1.36789     630.22117    -630.22117
      -1.33789     630.58299    -630.58299
      -1.30889     631.21478    -631.21478
      -1.27889     632.10608    -632.10608
      -1.24889     633.04814    -633.04814
      -1.21889     633.83854    -633.83854
      -1.18989     634.46455    -634.46455
      -1.15989     634.99263    -634.99263
      -1.12989     635.44859    -635.44859
      -1.10089     635.83615    -635.83615
      -1.07089     636.19404    -636.19404
      -1.04089     636.58338    -636.58338
      -1.01189     637.01249    -637.01249
      -0.98189     637.47291    -637.47291
      -0.95189     637.96805    -637.96805
      -0.92289     638.48173    -638.48173
      -0.89289     639.06189    -639.06189
      -0.86289     639.80496    -639.80496
      -0.83389     640.64256    -640.64256
      -0.80389     641.37970    -641.37970
      -0.77389     641.98760    -641.98760
      -0.74489     642.64892    -642.64892
      -0.71489     643.54364    -643.54364
      -0.68489     644.64520    -644.64520
      -0.65589     645.75640    -645.75640
      -0.62589     646.77234    -646.77234
      -0.59589     647.72433    -647.72433
      -0.56689     648.58062    -648.58062
      -0.53689     649.23942    -649.23942
      -0.50689     649.72283    -649.72283
      -0.47789     650.21381    -650.21381
      -0.44789     650.83982    -650.83982
      -0.41789     651.51731    -651.51731
      -0.38889     652.11542    -652.11542
      -0.35889     652.65240    -652.65240
      -0.32889     653.22900    -653.22900
      -0.29989     653.91005    -653.91005
      -0.26989     654.66352    -654.66352
      -0.23989     655.34412    -655.34412
      -0.21089     655.83036    -655.83036
      -0.18089     656.18617    -656.18617
      -0.15089     656.62462    -656.62462
      -0.12089     657.27942    -657.27942
      -0.09189     658.02813    -658.02813
      -0.06189     658.66779    -658.66779
      -0.03189     659.18904    -659.18904
      -0.00289     659.69441    -659.69441
       0.02711     660.22041    -660.22041
       0.05711     660.79909    -660.79909
       0.08611     661.49720    -661.49720
       0.11611     662.32619    -662.32619
       0.14611     663.26171    -663.26171
       0.17511     664.25792    -664.25792
       0.20511     665.17608    -665.17608
       0.23511     665.89571    -665.89571
       0.26411     666.50970    -666.50970
       0.29411     667.22088    -667.22088
       0.32411     668.07093    -668.07093
       0.35311     668.94369    -668.94369
       0.38311     669.76941    -669.76941
       0.41311     670.57229    -670.57229
       0.44211     671.31210    -671.31210
       0.47211     671.88142    -671.88142
       0.50211     672.31988    -672.31988
       0.53111     672.73786    -672.73786
       0.56111     673.12379    -673.12379
       0.59111     673.44126    -673.44126
       0.62011     673.69786    -673.69786
       0.65011     673.87865    -673.87865
       0.68011     673.96831    -673.96831
       0.70911     673.99584    -673.99584
       0.73911     674.00071    -674.00071
       0.76911     674.00118    -674.00118
       0.79811     674.00121    -674.00121
       0.82811     674.00121    -674.00121
       0.85811     674.00121    -674.00121
       0.88711     674.00121    -674.00121
       0.91711     674.00121    -674.00121
       0.94711     674.00121    -674.00121
       0.97711     674.00121    -674.00121
       1.00611     674.00121    -674.00121
       1.03611     674.00121    -674.00121
       1.06611     674.00121    -674.00121
       1.09511     674.00121    -674.00121
       1.12511     674.00121    -674.00121
       1.15511     674.00121    -674.00121
       1.18411     674.00121    -674.00121
       1.21411     674.00121    -674.00121
       1.24411     674.00121    -674.00121
       1.27311     674.00121    -674.00121
       1.30311     674.00121    -674.00121
       1.33311     674.00121    -674.00121
       1.36211     674.00121    -674.00121
       1.39211     674.00121    -674.00121
       1.42211     674.00125    -674.00125
       1.45111     674.00204    -674.00204
       1.48111     674.01023    -674.01023
       1.51111     674.05949    -674.05949
       1.54011     674.23526    -674.23526
       1.57011     674.61656    -674.61656
       1.60011     675.13484    -675.13484
       1.62911     675.59719    -675.59719
       1.65911     675.89897    -675.89897
       1.68911     676.09088    -676.09088
       1.71811     676.25941    -676.25941
       1.74811     676.46880    -676.46880
       1.77811     676.79121    -676.79121
       1.80711     677.26706    -677.26706
       1.83711     677.88669    -677.88669
       1.86711     678.69505    -678.69505
       1.89611     679.72256    -679.72256
       1.92611     680.83332    -680.83332
       1.95611     681.86959    -681.86959
       1.98511     682.84874    -682.84874
       2.01511     683.88664    -683.88664
       2.04511     685.01223    -685.01223
       2.07411     686.18115    -686.18115
       2.10411     687.37218    -687.37218
       2.13411     688.54437    -688.54437
       2.16411     689.61461    -689.61461
       2.19311     690.51067    -690.51067
       2.22311     691.18653    -691.18653
       2.25311     691.65036    -691.65036
       2.28211     692.01522    -692.01522
       2.31211     692.44833    -692.44833
       2.34211     693.03443    -693.03443
       2.37111     693.73699    -693.73699
       2.40111     694.51613    -694.51613
       2.43111     695.38191    -695.38191
       2.46011     696.31506    -696.31506
       2.49011     697.23604    -697.23604
       2.52011     698.04633    -698.04633
       2.54911     698.73020    -698.73020
       2.57911     699.42120    -699.42120
       2.60911     700.24855    -700.24855
       2.63811     701.16523    -701.16523
       2.66811     702.03102    -702.03102
       2.69811     702.77602    -702.77602
       2.72711     703.47666    -703.47666
       2.75711     704.28651    -704.28651
       2.78711     705.25883    -705.25883
       2.81611     706.31899    -706.31899
       2.84611     707.34309    -707.34309
       2.87611     708.21169    -708.21169
       2.90511     708.90121    -708.90121
       2.93511     709.52573    -709.52573
       2.96511     710.20767    -710.20767
       2.99411     710.91988    -710.91988
       3.02411     711.55465    -711.55465
       3.05411     712.08450    -712.08450
       3.08311     712.57311    -712.57311
       3.11311     713.06543    -713.06543
       3.14311     713.50166    -713.50166
       3.17211     713.81742    -713.81742
       3.20211     714.08596    -714.08596
       3.23211     714.49632    -714.49632
       3.26211     715.22234    -715.22234
       3.29111     716.25371    -716.25371
       3.32111     717.34770    -717.34770
       3.35111     718.25013    -718.25013
       3.38011     718.93534    -718.93534
       3.41011     719.57574    -719.57559
       3.44011     720.39835    -720.39805
       3.46911     721.51177    -721.51163
       3.49911     722.73634    -722.73648
       3.52911     723.79382    -723.79412
       3.55811     724.68127    -724.68157
       3.58811     725.61145    -725.61175
       3.61811     726.61642    -726.61671
       3.64711     727.42997    -727.43027
       3.67711     727.85160    -727.85188
       3.70711     727.99961    -727.99986
       3.73611     728.16408    -728.16432
       3.76611     728.72104    -728.72127
       3.79611     729.99916    -729.99940
       3.82511     731.91724    -731.91748
       3.85511     734.06308    -734.06332
       3.88511     736.14987    -736.15010
       3.91411     738.17255    -738.17279
       3.94411     740.30726    -740.30750
       3.97411     742.63427    -742.63466
       4.00311     744.94555    -744.94638
       4.03311     746.95949    -746.96061
       4.06311     748.55514    -748.55597
       4.09211     749.75745    -749.75798
       4.12211     750.70513    -750.70597
       4.15211     751.59095    -751.59223
       4.18111     752.53448    -752.53591
       4.21111     753.52565    -753.52722
       4.24111     754.44307    -754.44464
       4.27011     755.23140    -755.23238
       4.30011     756.04570    -756.04608
       4.33011     757.05407    -757.05431
       4.36011     758.24881    -758.24905
       4.38911     759.54756    -759.54780
       4.41911     760.94439    -760.94463
       4.44911     762.48722    -762.48746
       4.47811     764.14831    -764.14795
       4.50811     765.86786    -765.86498
       4.53811     767.72332    -767.71659
       4.56711     769.83548    -769.82771
       4.59711     772.12050    -772.11555
       4.62711     774.35670    -774.35368
       4.65611     776.44601    -776.44180
       4.68611     778.49392    -778.48466
       4.71611     780.58486    -780.56447
       4.74511     782.59286    -782.55615
       4.77511     784.53868    -784.47705
       4.80511     786.82370    -786.72067
       4.83411     789.62092    -789.46595
       4.86411     792.49693    -792.29389
       4.89411     795.00837    -794.76764
       4.92311     797.14071    -796.86214
       4.95311     799.08475    -798.74194
       4.98311     801.00209    -800.58806
       5.01211     802.95385    -802.53937
       5.04211     804.92639    -804.59455
       5.07211     806.88957    -806.63445
       5.10111     808.80320    -808.57271
       5.13111     810.74873    -810.53872
       5.16111     813.02900    -812.86320
       5.19011     815.81850    -815.69351
       5.22011     818.87212    -818.77383
       5.25011     821.78106    -821.71127
       5.27911     824.35245    -824.31723
       5.30911     826.71136    -826.70002
       5.33911     829.06152    -829.04573
       5.36811     831.46776    -831.40968
       5.39811     833.94137    -833.80183
       5.42811     836.55207    -836.32307
       5.45811     839.37125    -839.08542
       5.48711     842.33955    -842.02344
       5.51711     845.26689    -844.91726
       5.54711     848.01411    -847.64859
       5.57611     850.60048    -850.27251
       5.60611     853.10228    -852.82861
       5.63611     855.54547    -855.30296
       5.66511     857.93569    -857.72894
       5.69511     860.25424    -860.10313
       5.72511     862.41848    -862.32301
       5.75411     864.38730    -864.33843
       5.78411     866.25894    -866.23262
       5.81411     868.18414    -868.13437
       5.84311     870.23813    -870.11982
       5.87311     872.38561    -872.18583
       5.90311     874.57596    -874.32128
       5.93211     876.85445    -876.57217
       5.96211     879.27390    -878.96966
       5.99211     881.78400    -881.48437
       6.02111     884.32735    -884.09181
       6.05111     886.89903    -886.74837
       6.08111     889.43837    -889.32999
       6.11011     891.84431    -891.72763
       6.14011     894.11524    -893.96977
       6.17011     896.32339    -896.17199
       6.19911     898.51775    -898.42169
       6.22911     900.72428    -900.74677
       6.25911     902.93926    -903.10643
       6.28811     905.12695    -905.41518
       6.31811     907.30291    -907.64723
       6.34811     909.53080    -909.85999
       6.37711     911.80810    -912.07453
       6.40711     914.08496    -914.23906
       6.43711     916.35781    -916.34618
       6.46611     918.63956    -918.47065
       6.49611     920.90752    -920.66916
       6.52611     923.12621    -922.91887
       6.55611     925.27650    -925.15462
       6.58511     927.36625    -927.32450
       6.61511     929.42025    -929.42390
       6.64511     931.46193    -931.49807
       6.67411     933.51993    -933.58812
       6.70411     935.60968    -935.68411
       6.73411     937.68860    -937.75175
       6.76311     939.68161    -939.78156
       6.79311     941.58352    -941.79237
       6.82311     943.48765    -943.81343
       6.85211     945.47458    -945.85763
       6.88211     947.53362    -947.89441
       6.91211     949.59963    -949.90122
       6.94111     951.62677    -951.90684
       6.97111     953.64426    -953.93383
       7.00111     955.72377    -955.98753
       7.03011     957.88252    -958.08945
       7.06011     960.05893    -960.22535
       7.09011     962.18681    -962.32920
       7.11911     964.24956    -964.36909
       7.14911     966.25563    -966.36878
       7.17911     968.21614    -968.34265
       7.20811     970.12191    -970.26652
       7.23811     971.93019    -972.10922
       7.26811     973.63831    -973.87403
       7.29711     975.31394    -975.60574
       7.32711     977.01791    -977.34325
       7.35711     978.74147    -979.07200
       7.38611     980.41680    -980.74659
       7.41611     982.00281    -982.33468
       7.44611     983.54312    -983.82988
       7.47511     985.06949    -985.24273
       7.50511     986.52092    -986.58600
       7.53511     987.85350    -987.88638
       7.56411     989.10566    -989.18157
       7.59411     990.31286    -990.46890
       7.62411     991.47896    -991.69064
       7.65411     992.61272    -992.81445
       7.68311     993.71516    -993.88678
       7.71311     994.76019    -994.95005
       7.74311     995.73147    -995.97861
       7.77211     996.66106    -996.93935
       7.80211     997.59984    -997.83452
       7.83211     998.54902    -998.66781
       7.86111     999.44744    -999.45243
       7.89111    1000.24601   -1000.24150
       7.92111    1000.96832   -1001.06678
       7.95011    1001.66302   -1001.88137
       7.98011    1002.33473   -1002.62489
       8.01011    1002.96741   -1003.29897
       8.03911    1003.56938   -1003.92646
       8.06911    1004.15428   -1004.49965
       8.09911    1004.71085   -1005.01333
       8.12811    1005.21919   -1005.48962
       8.15811    1005.66596   -1005.95405
       8.18811    1006.04551   -1006.39710
       8.21711    1006.37550   -1006.76731
       8.24711    1006.68917   -1007.03315
       8.27711    1007.00700   -1007.22265
       8.30611    1007.31250   -1007.37792
       8.33611    1007.55896   -1007.51452
       8.36611    1007.72250   -1007.63229
       8.39511    1007.82365   -1007.73060
       8.42511    1007.89202   -1007.81151
       8.45511    1007.94130   -1007.87987
       8.48411    1007.97366   -1007.93525
       8.51411    1007.99049   -1007.97228
       8.54411    1007.99665   -1007.99150
       8.57311    1007.99808   -1007.99916
       8.60311    1007.99827   -1008.00130
       8.63311    1007.99829   -1008.00167
       8.66211    1007.99829   -1008.00171
       8.69211    1007.99829   -1008.00171
       8.72211    1007.99829   -1008.00171
       8.75111    1007.99829   -1008.00171
       8.78111    1007.99829   -1008.00171
       8.81111    1007.99829   -1008.00171
       8.84111    1007.99829   -1008.00171
       8.87011    1007.99829   -1008.00171
       8.90011    1007.99829   -1008.00171
       8.93011    1007.99829   -1008.00171
       8.95911    1007.99829   -1008.00171
       8.98911    1007.99829   -1008.00171
       9.01911    1007.99829   -1008.00171
       9.04811    1007.99829   -1008.00171
       9.07811    1007.99829   -1008.00171
       9.10811    1007.99829   -1008.00171
       9.13711    1007.99829   -1008.00171
       9.16711    1007.99829   -1008.00171
       9.19711    1007.99829   -1008.00171
       9.22611    1007.99829   -1008.00171
       9.25611    1007.99829   -1008.00171
       9.28611    1007.99829   -1008.00171
       9.31511    1007.99829   -1008.00171
       9.34511    1007.99829   -1008.00171
       9.37511    1007.99829   -1008.00171
       9.40411    1007.99829   -1008.00171
       9.43411    1007.99829   -1008.00171
       9.46411    1007.99829   -1008.00171
       9.49311    1007.99829   -1008.00171
       9.52311    1007.99829   -1008.00171
       9.55311    1007.99829   -1008.00171
       9.58211    1007.99829   -1008.00171
       9.61211    1007.99829   -1008.00171
       9.64211    1007.99829   -1008.00171
       9.67111    1007.99829   -1008.00171
       9.70111    1007.99829   -1008.00171
       9.73111    1007.99829   -1008.00171
       9.76011    1007.99829   -1008.00171
       9.79011    1007.99829   -1008.00171
       9.82011    1007.99829   -1008.00171
       9.84911    1007.99829   -1008.00171
