      #Energy        TDOS-UP        TDOS-DOWN
     -25.01658       0.00000       0.00000
     -24.98158       0.00000       0.00000
     -24.94658       0.00000       0.00000
     -24.91158       0.00000       0.00000
     -24.87558       0.00000       0.00000
     -24.84058       0.00000       0.00000
     -24.80558       0.00000       0.00000
     -24.77058       0.00000       0.00000
     -24.73558       0.00000       0.00000
     -24.69958       0.00000       0.00000
     -24.66458       0.00000       0.00000
     -24.62958       0.00000       0.00000
     -24.59458       0.00000       0.00000
     -24.55958       0.00000       0.00000
     -24.52358       0.00000       0.00000
     -24.48858       0.00000       0.00000
     -24.45358       0.00000       0.00000
     -24.41858       0.00000       0.00000
     -24.38358       0.00000       0.00000
     -24.34758       0.00000       0.00000
     -24.31258       0.00000       0.00000
     -24.27758       0.00000       0.00000
     -24.24258       0.00000       0.00000
     -24.20758       0.00000       0.00000
     -24.17158       0.00000       0.00000
     -24.13658       0.00000       0.00000
     -24.10158       0.00000       0.00000
     -24.06658       0.00000       0.00000
     -24.03158       0.00000       0.00000
     -23.99658       0.00000       0.00000
     -23.96058       0.00000       0.00000
     -23.92558       0.00000       0.00000
     -23.89058       0.00000       0.00000
     -23.85558       0.00000       0.00000
     -23.82058       0.00000       0.00000
     -23.78458       0.00000       0.00000
     -23.74958       0.00000       0.00000
     -23.71458       0.00000      -0.00000
     -23.67958       0.00000      -0.00000
     -23.64458       0.00000      -0.00000
     -23.60858       0.00000      -0.00000
     -23.57358       0.00054      -0.00054
     -23.53858       0.03351      -0.03351
     -23.50358       0.80660      -0.80660
     -23.46858       7.63000      -7.63000
     -23.43258      28.69000     -28.69000
     -23.39758      43.26000     -43.26000
     -23.36258      26.23000     -26.23000
     -23.32758       6.37500      -6.37500
     -23.29258       0.61520      -0.61520
     -23.25758       0.02331      -0.02331
     -23.22158       0.00034      -0.00034
     -23.18658       0.00000      -0.00000
     -23.15158       0.00000      -0.00000
     -23.11658       0.00000      -0.00000
     -23.08158       0.00000       0.00000
     -23.04558       0.00000       0.00000
     -23.01058       0.00000       0.00000
     -22.97558       0.00000       0.00000
     -22.94058       0.00000       0.00000
     -22.90558       0.00000       0.00000
     -22.86958       0.00000       0.00000
     -22.83458       0.00000       0.00000
     -22.79958       0.00000       0.00000
     -22.76458       0.00000       0.00000
     -22.72958       0.00000       0.00000
     -22.69358       0.00000       0.00000
     -22.65858       0.00000       0.00000
     -22.62358       0.00000       0.00000
     -22.58858       0.00000       0.00000
     -22.55358       0.00000       0.00000
     -22.51858       0.00000       0.00000
     -22.48258       0.00000       0.00000
     -22.44758       0.00000       0.00000
     -22.41258       0.00000       0.00000
     -22.37758       0.00000       0.00000
     -22.34258       0.00000       0.00000
     -22.30658       0.00000       0.00000
     -22.27158       0.00000       0.00000
     -22.23658       0.00000       0.00000
     -22.20158       0.00000       0.00000
     -22.16658       0.00000       0.00000
     -22.13058       0.00000       0.00000
     -22.09558       0.00000       0.00000
     -22.06058       0.00000       0.00000
     -22.02558       0.00000       0.00000
     -21.99058       0.00000       0.00000
     -21.95458       0.00000       0.00000
     -21.91958       0.00000       0.00000
     -21.88458       0.00000       0.00000
     -21.84958       0.00000       0.00000
     -21.81458       0.00000       0.00000
     -21.77858       0.00000       0.00000
     -21.74358       0.00000       0.00000
     -21.70858       0.00000       0.00000
     -21.67358       0.00000       0.00000
     -21.63858       0.00000       0.00000
     -21.60358       0.00000       0.00000
     -21.56758       0.00000       0.00000
     -21.53258       0.00000       0.00000
     -21.49758       0.00000       0.00000
     -21.46258       0.00000       0.00000
     -21.42758       0.00000       0.00000
     -21.39158       0.00000       0.00000
     -21.35658       0.00000       0.00000
     -21.32158       0.00000       0.00000
     -21.28658       0.00000       0.00000
     -21.25158       0.00000       0.00000
     -21.21558       0.00000       0.00000
     -21.18058       0.00000       0.00000
     -21.14558       0.00000       0.00000
     -21.11058       0.00000       0.00000
     -21.07558       0.00000       0.00000
     -21.03958       0.00000       0.00000
     -21.00458       0.00000       0.00000
     -20.96958       0.00000       0.00000
     -20.93458       0.00000       0.00000
     -20.89958       0.00000       0.00000
     -20.86458       0.00000       0.00000
     -20.82858       0.00000       0.00000
     -20.79358       0.00000       0.00000
     -20.75858       0.00000       0.00000
     -20.72358       0.00000       0.00000
     -20.68858       0.00000       0.00000
     -20.65258       0.00000       0.00000
     -20.61758       0.00000       0.00000
     -20.58258       0.00000       0.00000
     -20.54758       0.00000       0.00000
     -20.51258       0.00000       0.00000
     -20.47658       0.00000       0.00000
     -20.44158       0.00000       0.00000
     -20.40658       0.00000       0.00000
     -20.37158       0.00000       0.00000
     -20.33658       0.00000       0.00000
     -20.30058       0.00000       0.00000
     -20.26558       0.00000       0.00000
     -20.23058       0.00000       0.00000
     -20.19558       0.00000       0.00000
     -20.16058       0.00000       0.00000
     -20.12458       0.00000       0.00000
     -20.08958       0.00000       0.00000
     -20.05458       0.00000       0.00000
     -20.01958       0.00000       0.00000
     -19.98458       0.00000       0.00000
     -19.94958       0.00000       0.00000
     -19.91358       0.00000       0.00000
     -19.87858       0.00000       0.00000
     -19.84358       0.00000       0.00000
     -19.80858       0.00000       0.00000
     -19.77358       0.00000       0.00000
     -19.73758       0.00000       0.00000
     -19.70258       0.00000       0.00000
     -19.66758       0.00000       0.00000
     -19.63258       0.00000       0.00000
     -19.59758       0.00000       0.00000
     -19.56158       0.00000       0.00000
     -19.52658       0.00000       0.00000
     -19.49158       0.00000       0.00000
     -19.45658       0.00000       0.00000
     -19.42158       0.00000       0.00000
     -19.38558       0.00000       0.00000
     -19.35058       0.00000       0.00000
     -19.31558       0.00000       0.00000
     -19.28058       0.00000       0.00000
     -19.24558       0.00000       0.00000
     -19.21058       0.00000       0.00000
     -19.17458       0.00000       0.00000
     -19.13958       0.00000       0.00000
     -19.10458       0.00000       0.00000
     -19.06958       0.00000       0.00000
     -19.03458       0.00000       0.00000
     -18.99858       0.00000       0.00000
     -18.96358       0.00000       0.00000
     -18.92858       0.00000       0.00000
     -18.89358       0.00000       0.00000
     -18.85858       0.00000       0.00000
     -18.82258       0.00000       0.00000
     -18.78758       0.00000       0.00000
     -18.75258       0.00000      -0.00000
     -18.71758       0.00000      -0.00000
     -18.68258       0.00000      -0.00000
     -18.64658       0.00000      -0.00000
     -18.61158       0.00053      -0.00053
     -18.57658       0.02652      -0.02652
     -18.54158       0.54940      -0.54940
     -18.50658       4.87600      -4.87600
     -18.47158      19.32000     -19.32000
     -18.43558      36.50000     -36.50000
     -18.40058      40.60000     -40.60000
     -18.36558      44.98000     -44.98000
     -18.33058      59.76000     -59.76000
     -18.29558      66.45000     -66.45000
     -18.25958      48.82000     -48.82000
     -18.22458      29.15000     -29.15000
     -18.18958      31.30000     -31.30000
     -18.15458      38.59000     -38.59000
     -18.11958      38.27000     -38.27000
     -18.08358      36.27000     -36.27000
     -18.04858      36.38000     -36.38000
     -18.01358      26.04000     -26.04000
     -17.97858       9.03200      -9.03200
     -17.94358       1.33000      -1.33000
     -17.90758       0.07968      -0.07968
     -17.87258       0.00191      -0.00191
     -17.83758       0.00067      -0.00067
     -17.80258       0.02899      -0.02899
     -17.76758       0.55140      -0.55140
     -17.73158       4.83500      -4.83500
     -17.69658      21.85000     -21.85000
     -17.66158      57.35000     -57.35000
     -17.62658      95.70000     -95.70000
     -17.59158     106.00000    -106.00000
     -17.55658      75.10000     -75.10000
     -17.52058      30.43000     -30.43000
     -17.48558       8.90300      -8.90300
     -17.45058      10.53000     -10.53000
     -17.41558      19.61000     -19.61000
     -17.38058      28.91000     -28.91000
     -17.34458      33.92000     -33.92000
     -17.30958      32.55000     -32.55000
     -17.27458      24.69000     -24.69000
     -17.23958      12.62000     -12.62000
     -17.20458       3.99500      -3.99500
     -17.16858       0.71940      -0.71940
     -17.13358       0.06435      -0.06435
     -17.09858       0.00255      -0.00255
     -17.06358       0.00042      -0.00042
     -17.02858       0.01439      -0.01439
     -16.99258       0.22620      -0.22620
     -16.95758       1.60300      -1.60300
     -16.92258       6.12200      -6.12200
     -16.88758      16.42000     -16.42000
     -16.85258      31.90000     -31.90000
     -16.81758      36.29000     -36.29000
     -16.78158      26.86000     -26.86000
     -16.74658      23.63000     -23.63000
     -16.71158      19.41000     -19.41000
     -16.67658      13.41000     -13.41000
     -16.64158      17.29000     -17.29000
     -16.60558      19.57000     -19.57000
     -16.57058      11.21000     -11.21000
     -16.53558       3.29000      -3.29000
     -16.50058       2.84000      -2.84000
     -16.46558       9.72700      -9.72700
     -16.42958      18.85000     -18.85000
     -16.39458      21.53000     -21.53000
     -16.35958      19.96000     -19.96000
     -16.32458      18.93000     -18.93000
     -16.28958      18.35000     -18.35000
     -16.25358      21.28000     -21.28000
     -16.21858      22.39000     -22.39000
     -16.18358      12.92000     -12.92000
     -16.14858       3.39600      -3.39600
     -16.11358       0.39370      -0.39370
     -16.07858       0.18420      -0.18420
     -16.04258       2.07400      -2.07400
     -16.00758      12.02000     -12.02000
     -15.97258      34.71000     -34.71000
     -15.93758      53.64000     -53.64000
     -15.90258      53.66000     -53.66000
     -15.86658      56.54000     -56.54000
     -15.83158      63.77000     -63.77000
     -15.79658      55.14000     -55.14000
     -15.76158      38.51000     -38.51000
     -15.72658      21.18000     -21.18000
     -15.69058       9.70100      -9.70100
     -15.65558       9.47300      -9.47300
     -15.62058      13.33000     -13.33000
     -15.58558      20.19000     -20.19000
     -15.55058      29.15000     -29.15000
     -15.51458      34.45000     -34.45000
     -15.47958      32.12000     -32.12000
     -15.44458      20.51000     -20.51000
     -15.40958      10.67000     -10.67000
     -15.37458      10.62000     -10.62000
     -15.33858      18.15000     -18.15000
     -15.30358      28.57000     -28.57000
     -15.26858      36.31000     -36.31000
     -15.23358      33.84000     -33.84000
     -15.19858      24.51000     -24.51000
     -15.16358      16.04000     -16.04000
     -15.12758      17.62000     -17.62000
     -15.09258      30.12000     -30.12000
     -15.05758      44.35000     -44.35000
     -15.02258      58.53000     -58.53000
     -14.98758      61.25000     -61.25000
     -14.95158      42.63000     -42.63000
     -14.91658      25.91000     -25.91000
     -14.88158      23.55000     -23.55000
     -14.84658      24.10000     -24.10000
     -14.81158      27.11000     -27.11000
     -14.77558      39.04000     -39.04000
     -14.74058      51.52000     -51.52000
     -14.70558      51.54000     -51.54000
     -14.67058      38.42000     -38.42000
     -14.63558      24.49000     -24.49000
     -14.59958      18.88000     -18.88000
     -14.56458      25.32000     -25.32000
     -14.52958      37.77000     -37.77000
     -14.49458      47.44000     -47.44000
     -14.45958      46.99000     -46.99000
     -14.42458      40.00000     -40.00000
     -14.38858      39.25000     -39.25000
     -14.35358      38.94000     -38.94000
     -14.31858      35.76000     -35.76000
     -14.28358      35.84000     -35.84000
     -14.24858      33.82000     -33.82000
     -14.21258      29.24000     -29.24000
     -14.17758      25.00000     -25.00000
     -14.14258      26.65000     -26.65000
     -14.10758      32.93000     -32.93000
     -14.07258      36.70000     -36.70000
     -14.03658      37.57000     -37.57000
     -14.00158      32.73000     -32.73000
     -13.96658      26.35000     -26.35000
     -13.93158      28.86000     -28.86000
     -13.89658      31.49000     -31.49000
     -13.86058      26.48000     -26.48000
     -13.82558      22.36000     -22.36000
     -13.79058      22.38000     -22.38000
     -13.75558      16.40000     -16.40000
     -13.72058       6.99800      -6.99800
     -13.68558       4.25400      -4.25400
     -13.64958      11.72000     -11.72000
     -13.61458      21.09000     -21.09000
     -13.57958      18.50000     -18.50000
     -13.54458      10.95000     -10.95000
     -13.50958       8.14400      -8.14400
     -13.47358       8.45200      -8.45200
     -13.43858       8.80300      -8.80300
     -13.40358       7.58300      -7.58300
     -13.36858       5.76400      -5.76400
     -13.33358       4.35600      -4.35600
     -13.29758       3.06300      -3.06300
     -13.26258       1.73300      -1.73300
     -13.22758       0.63600      -0.63600
     -13.19258       0.85230      -0.85230
     -13.15758       5.14600      -5.14600
     -13.12158      18.06000     -18.06000
     -13.08658      36.15000     -36.15000
     -13.05158      45.37000     -45.37000
     -13.01658      43.57000     -43.57000
     -12.98158      38.72000     -38.72000
     -12.94558      31.11000     -31.11000
     -12.91058      25.38000     -25.38000
     -12.87558      18.55000     -18.55000
     -12.84058      10.20000     -10.20000
     -12.80558      10.75000     -10.75000
     -12.77058      29.10000     -29.10000
     -12.73458      55.14000     -55.14000
     -12.69958      58.49000     -58.49000
     -12.66458      38.65000     -38.65000
     -12.62958      26.82000     -26.82000
     -12.59458      24.25000     -24.25000
     -12.55858      18.37000     -18.37000
     -12.52358      16.37000     -16.37000
     -12.48858      21.54000     -21.54000
     -12.45358      31.35000     -31.35000
     -12.41858      39.30000     -39.30000
     -12.38258      38.47000     -38.47000
     -12.34758      36.06000     -36.06000
     -12.31258      36.32000     -36.32000
     -12.27758      33.14000     -33.14000
     -12.24258      27.93000     -27.93000
     -12.20658      21.76000     -21.76000
     -12.17158      11.76000     -11.76000
     -12.13658       3.71000      -3.71000
     -12.10158       4.14500      -4.14500
     -12.06658      18.30000     -18.30000
     -12.03158      42.45000     -42.45000
     -11.99558      53.57000     -53.57000
     -11.96058      45.19000     -45.19000
     -11.92558      30.50000     -30.50000
     -11.89058      21.07000     -21.07000
     -11.85558      18.61000     -18.61000
     -11.81958      16.49000     -16.49000
     -11.78458      11.90000     -11.90000
     -11.74958      10.38000     -10.38000
     -11.71458      11.66000     -11.66000
     -11.67958      12.70000     -12.70000
     -11.64358      14.91000     -14.91000
     -11.60858      13.88000     -13.88000
     -11.57358       8.92300      -8.92300
     -11.53858       5.19800      -5.19800
     -11.50358       7.13100      -7.13100
     -11.46758      20.03000     -20.03000
     -11.43258      33.14000     -33.14000
     -11.39758      35.82000     -35.82000
     -11.36258      38.95000     -38.95000
     -11.32758      39.27000     -39.27000
     -11.29258      31.58000     -31.58000
     -11.25658      25.69000     -25.69000
     -11.22158      26.93000     -26.93000
     -11.18658      28.93000     -28.93000
     -11.15158      26.61000     -26.61000
     -11.11658      21.04000     -21.04000
     -11.08058      19.16000     -19.16000
     -11.04558      26.69000     -26.69000
     -11.01058      33.63000     -33.63000
     -10.97558      37.44000     -37.44000
     -10.94058      35.34000     -35.34000
     -10.90458      25.95000     -25.95000
     -10.86958      20.92000     -20.92000
     -10.83458      24.50000     -24.50000
     -10.79958      29.55000     -29.55000
     -10.76458      32.54000     -32.54000
     -10.72858      42.20000     -42.20000
     -10.69358      53.20000     -53.20000
     -10.65858      50.75000     -50.75000
     -10.62358      41.57000     -41.57000
     -10.58858      34.32000     -34.32000
     -10.55258      29.16000     -29.16000
     -10.51758      23.62000     -23.62000
     -10.48258      19.27000     -19.27000
     -10.44758      21.74000     -21.74000
     -10.41258      27.08000     -27.08000
     -10.37758      28.04000     -28.04000
     -10.34158      27.55000     -27.55000
     -10.30658      28.25000     -28.25000
     -10.27158      28.43000     -28.43000
     -10.23658      35.54000     -35.54000
     -10.20158      49.24000     -49.24000
     -10.16558      49.80000     -49.80000
     -10.13058      34.74000     -34.74000
     -10.09558      18.28000     -18.28000
     -10.06058       9.98600      -9.98600
     -10.02558       9.01800      -9.01800
      -9.98958      15.18000     -15.18000
      -9.95458      30.65000     -30.65000
      -9.91958      41.18000     -41.18000
      -9.88458      32.43000     -32.43000
      -9.84958      17.33000     -17.33000
      -9.81358      10.39000     -10.39000
      -9.77858      14.68000     -14.68000
      -9.74358      28.52000     -28.52000
      -9.70858      43.15000     -43.15000
      -9.67358      44.21000     -44.21000
      -9.63858      36.33000     -36.33000
      -9.60258      35.00000     -35.00000
      -9.56758      38.30000     -38.30000
      -9.53258      35.09000     -35.09000
      -9.49758      35.55000     -35.55000
      -9.46258      43.40000     -43.40000
      -9.42658      41.88000     -41.88000
      -9.39158      35.32000     -35.32000
      -9.35658      37.94000     -37.94000
      -9.32158      45.35000     -45.35000
      -9.28658      48.41000     -48.41000
      -9.25058      42.31000     -42.31000
      -9.21558      33.83000     -33.83000
      -9.18058      32.10000     -32.10000
      -9.14558      30.48000     -30.48000
      -9.11058      22.06000     -22.06000
      -9.07458      14.04000     -14.04000
      -9.03958       9.59600      -9.59600
      -9.00458      11.97000     -11.97000
      -8.96958      22.06000     -22.06000
      -8.93458      28.41000     -28.41000
      -8.89858      24.68000     -24.68000
      -8.86358      20.39000     -20.39000
      -8.82858      17.89000     -17.89000
      -8.79358      16.66000     -16.66000
      -8.75858      20.88000     -20.88000
      -8.72358      23.57000     -23.57000
      -8.68758      17.22000     -17.22000
      -8.65258      13.64000     -13.64000
      -8.61758      27.91000     -27.91000
      -8.58258      50.21000     -50.21000
      -8.54758      60.13000     -60.13000
      -8.51158      56.58000     -56.58000
      -8.47658      45.09000     -45.09000
      -8.44158      36.84000     -36.84000
      -8.40658      37.38000     -37.38000
      -8.37158      42.95000     -42.95000
      -8.33558      50.34000     -50.34000
      -8.30058      54.21000     -54.21000
      -8.26558      45.07000     -45.07000
      -8.23058      27.89000     -27.89000
      -8.19558      20.05000     -20.05000
      -8.15958      28.42000     -28.42000
      -8.12458      39.62000     -39.62000
      -8.08958      35.46000     -35.46000
      -8.05458      29.99000     -29.99000
      -8.01958      46.37000     -46.37000
      -7.98458      75.66000     -75.66000
      -7.94858      92.71000     -92.71000
      -7.91358      86.22000     -86.22000
      -7.87858      66.11000     -66.11000
      -7.84358      47.78000     -47.78000
      -7.80858      38.67000     -38.67000
      -7.77258      35.67000     -35.67000
      -7.73758      33.37000     -33.37000
      -7.70258      30.54000     -30.54000
      -7.66758      29.78000     -29.78000
      -7.63258      31.79000     -31.79000
      -7.59658      38.44000     -38.44000
      -7.56158      45.79000     -45.79000
      -7.52658      46.32000     -46.32000
      -7.49158      41.01000     -41.01000
      -7.45658      43.90000     -43.90000
      -7.42058      64.19000     -64.19000
      -7.38558      68.57000     -68.57000
      -7.35058      37.34000     -37.34000
      -7.31558       9.54300      -9.54300
      -7.28058       4.65100      -4.65100
      -7.24558      14.13000     -14.13000
      -7.20958      24.06000     -24.06000
      -7.17458      24.36000     -24.36000
      -7.13958      31.87000     -31.87000
      -7.10458      63.25000     -63.25000
      -7.06958      97.93000     -97.93000
      -7.03358      86.49000     -86.49000
      -6.99858      43.39000     -43.39000
      -6.96358      19.57000     -19.57000
      -6.92858      18.29000     -18.29000
      -6.89358      22.20000     -22.20000
      -6.85758      28.11000     -28.11000
      -6.82258      38.63000     -38.63000
      -6.78758      44.07000     -44.07000
      -6.75258      40.46000     -40.46000
      -6.71758      32.90000     -32.90000
      -6.68158      36.80000     -36.80000
      -6.64658      59.71000     -59.71000
      -6.61158      81.68000     -81.68000
      -6.57658      71.49000     -71.49000
      -6.54158      48.85000     -48.85000
      -6.50558      52.73000     -52.73000
      -6.47058      78.68000     -78.68000
      -6.43558      99.69000     -99.69000
      -6.40058     100.40000    -100.40000
      -6.36558      79.95000     -79.95000
      -6.33058      60.24000     -60.24000
      -6.29458      59.25000     -59.25000
      -6.25958      64.77000     -64.77000
      -6.22458      70.97000     -70.97000
      -6.18958      80.08000     -80.08000
      -6.15458      86.59000     -86.59000
      -6.11858      80.58000     -80.58000
      -6.08358      70.05000     -70.05000
      -6.04858      63.54000     -63.54000
      -6.01358      60.77000     -60.77000
      -5.97858      74.46000     -74.46000
      -5.94258     100.30000    -100.30000
      -5.90758     118.50000    -118.50000
      -5.87258     119.90000    -119.90000
      -5.83758     106.20000    -106.20000
      -5.80258      81.96000     -81.96000
      -5.76658      60.51000     -60.51000
      -5.73158      59.18000     -59.18000
      -5.69658      62.90000     -62.90000
      -5.66158      60.78000     -60.78000
      -5.62658      64.35000     -64.35000
      -5.59158      65.65000     -65.65000
      -5.55558      55.62000     -55.62000
      -5.52058      44.72000     -44.72000
      -5.48558      43.71000     -43.71000
      -5.45058      51.44000     -51.44000
      -5.41558      68.65000     -68.65000
      -5.37958      86.43000     -86.43000
      -5.34458      96.24000     -96.24000
      -5.30958     120.90000    -120.90000
      -5.27458     124.40000    -124.40000
      -5.23958      96.76000     -96.76000
      -5.20358      83.38000     -83.38000
      -5.16858      91.12000     -91.12000
      -5.13358     123.50000    -123.50000
      -5.09858     130.70000    -130.70000
      -5.06358      85.87000     -85.87000
      -5.02758      49.46000     -49.46000
      -4.99258      41.93000     -41.93000
      -4.95758      52.01000     -52.01000
      -4.92258      67.23000     -67.23000
      -4.88758      67.53000     -67.53000
      -4.85258      53.58000     -53.58000
      -4.81658      39.35000     -39.35000
      -4.78158      29.16000     -29.16000
      -4.74658      26.51000     -26.51000
      -4.71158      26.94000     -26.94000
      -4.67658      25.23000     -25.23000
      -4.64058      27.70000     -27.70000
      -4.60558      33.93000     -33.93000
      -4.57058      40.06000     -40.06000
      -4.53558      43.33000     -43.33000
      -4.50058      47.40000     -47.40000
      -4.46458      50.69000     -50.69000
      -4.42958      50.52000     -50.52000
      -4.39458      48.01000     -48.01000
      -4.35958      43.95000     -43.95000
      -4.32458      50.66000     -50.66000
      -4.28858      62.57000     -62.57000
      -4.25358      64.67000     -64.67000
      -4.21858      67.33000     -67.33000
      -4.18358      63.41000     -63.41000
      -4.14858      45.45000     -45.45000
      -4.11258      43.14000     -43.14000
      -4.07758      51.25000     -51.25000
      -4.04258      47.63000     -47.63000
      -4.00758      46.97000     -46.97000
      -3.97258      53.00000     -53.00000
      -3.93758      65.54000     -65.54000
      -3.90158      87.37000     -87.37000
      -3.86658     101.40000    -101.40000
      -3.83158     106.00000    -106.00000
      -3.79658     119.10000    -119.10000
      -3.76158     124.40000    -124.40000
      -3.72558      99.38000     -99.38000
      -3.69058      78.36000     -78.36000
      -3.65558      86.39000     -86.39000
      -3.62058     103.20000    -103.20000
      -3.58558     132.70000    -132.70000
      -3.54958     165.40000    -165.40000
      -3.51458     143.80000    -143.80000
      -3.47958      77.80000     -77.80000
      -3.44458      35.51000     -35.51000
      -3.40958      18.28000     -18.28000
      -3.37358       7.26300      -7.26300
      -3.33858       8.93100      -8.93100
      -3.30358      28.38000     -28.38000
      -3.26858      47.63000     -47.63000
      -3.23358      43.15000     -43.15000
      -3.19858      26.03000     -26.03000
      -3.16258      13.09000     -13.09000
      -3.12758       9.90400      -9.90400
      -3.09258      18.41000     -18.41000
      -3.05758      40.98000     -40.98000
      -3.02258      56.13000     -56.13000
      -2.98658      46.51000     -46.51000
      -2.95158      31.82000     -31.82000
      -2.91658      24.81000     -24.81000
      -2.88158      26.51000     -26.51000
      -2.84658      35.87000     -35.87000
      -2.81058      45.66000     -45.66000
      -2.77558      42.42000     -42.42000
      -2.74058      31.56000     -31.56000
      -2.70558      33.77000     -33.77000
      -2.67058      46.11000     -46.11000
      -2.63458      47.35000     -47.35000
      -2.59958      36.59000     -36.59000
      -2.56458      27.10000     -27.10000
      -2.52958      20.25000     -20.25000
      -2.49458      12.67000     -12.67000
      -2.45958       7.29600      -7.29600
      -2.42358       5.61100      -5.61100
      -2.38858       6.06300      -6.06300
      -2.35358      10.06000     -10.06000
      -2.31858      21.27000     -21.27000
      -2.28358      38.16000     -38.16000
      -2.24758      47.26000     -47.26000
      -2.21258      39.83000     -39.83000
      -2.17758      29.73000     -29.73000
      -2.14258      25.96000     -25.96000
      -2.10758      26.91000     -26.91000
      -2.07158      29.59000     -29.59000
      -2.03658      29.80000     -29.80000
      -2.00158      25.80000     -25.80000
      -1.96658      21.33000     -21.33000
      -1.93158      20.49000     -20.49000
      -1.89558      22.36000     -22.36000
      -1.86058      24.36000     -24.36000
      -1.82558      25.73000     -25.73000
      -1.79058      26.57000     -26.57000
      -1.75558      26.68000     -26.68000
      -1.71958      25.87000     -25.87000
      -1.68458      25.38000     -25.38000
      -1.64958      28.70000     -28.70000
      -1.61458      37.78000     -37.78000
      -1.57958      43.76000     -43.76000
      -1.54458      36.03000     -36.03000
      -1.50858      18.67000     -18.67000
      -1.47358       5.38000      -5.38000
      -1.43858       1.99700      -1.99700
      -1.40358       5.20400      -5.20400
      -1.36858      13.83000     -13.83000
      -1.33258      22.23000     -22.23000
      -1.29758      20.58000     -20.58000
      -1.26258      17.55000     -17.55000
      -1.22758      18.72000     -18.72000
      -1.19258      15.87000     -15.87000
      -1.15658      14.94000     -14.94000
      -1.12158      21.78000     -21.78000
      -1.08658      29.58000     -29.58000
      -1.05158      27.14000     -27.14000
      -1.01658      15.81000     -15.81000
      -0.98058       8.48800      -8.48800
      -0.94558       7.19100      -7.19100
      -0.91058       8.13100      -8.13100
      -0.87558      10.68000     -10.68000
      -0.84058      18.03000     -18.03000
      -0.80558      32.09000     -32.09000
      -0.76958      47.68000     -47.68000
      -0.73458      54.95000     -54.95000
      -0.69958      48.18000     -48.18000
      -0.66458      35.22000     -35.22000
      -0.62958      27.11000     -27.11000
      -0.59358      24.50000     -24.50000
      -0.55858      20.72000     -20.72000
      -0.52358      19.39000     -19.39000
      -0.48858      23.31000     -23.31000
      -0.45358      24.42000     -24.42000
      -0.41758      27.30000     -27.30000
      -0.38258      32.81000     -32.81000
      -0.34758      25.46000     -25.46000
      -0.31258      11.30000     -11.30000
      -0.27758       9.14500      -9.14500
      -0.24158      18.77000     -18.77000
      -0.20658      22.66000     -22.66000
      -0.17158      13.22000     -13.22000
      -0.13658       5.91800      -5.91800
      -0.10158       4.86900      -4.86900
      -0.06558       6.68400      -6.68400
      -0.03058      14.87000     -14.87000
       0.00442      28.82000     -28.82000
       0.03942      38.85000     -38.85000
       0.07442      44.97000     -44.97000
       0.10942      45.14000     -45.14000
       0.14542      38.57000     -38.57000
       0.18042      31.02000     -31.02000
       0.21542      27.09000     -27.09000
       0.25042      26.88000     -26.88000
       0.28542      19.30000     -19.30000
       0.32142       6.95100      -6.95100
       0.35642       1.10600      -1.10600
       0.39142       0.07417      -0.07417
       0.42642       0.00204      -0.00204
       0.46142       0.00002      -0.00002
       0.49742       0.00000      -0.00000
       0.53242       0.00000      -0.00000
       0.56742       0.00000      -0.00000
       0.60242       0.00000       0.00000
       0.63742       0.00000       0.00000
       0.67342       0.00000       0.00000
       0.70842       0.00000       0.00000
       0.74342       0.00000       0.00000
       0.77842       0.00000       0.00000
       0.81342       0.00000       0.00000
       0.84842       0.00000       0.00000
       0.88442       0.00000       0.00000
       0.91942       0.00000       0.00000
       0.95442       0.00000       0.00000
       0.98942       0.00000       0.00000
       1.02442       0.00000       0.00000
       1.06042       0.00000       0.00000
       1.09542       0.00000       0.00000
       1.13042       0.00000      -0.00000
       1.16542       0.00000      -0.00000
       1.20042       0.00000      -0.00000
       1.23642       0.00001      -0.00001
       1.27142       0.00090      -0.00090
       1.30642       0.02885      -0.02885
       1.34142       0.40060      -0.40060
       1.37642       2.64400      -2.64400
       1.41242       9.11400      -9.11400
       1.44742      16.92000     -16.92000
       1.48242      17.08000     -17.08000
       1.51742      11.72000     -11.72000
       1.55242      11.02000     -11.02000
       1.58742      14.54000     -14.54000
       1.62342      13.63000     -13.63000
       1.65842       9.14100      -9.14100
       1.69342      11.41000     -11.41000
       1.72842      22.49000     -22.49000
       1.76342      31.54000     -31.54000
       1.79942      29.59000     -29.59000
       1.83442      23.72000     -23.72000
       1.86942      27.24000     -27.24000
       1.90442      38.38000     -38.38000
       1.93942      40.58000     -40.58000
       1.97542      35.07000     -35.07000
       2.01042      36.75000     -36.75000
       2.04542      39.70000     -39.70000
       2.08042      32.23000     -32.23000
       2.11542      21.45000     -21.45000
       2.15142      14.65000     -14.65000
       2.18642      11.76000     -11.76000
       2.22142      15.66000     -15.66000
       2.25642      24.12000     -24.12000
       2.29142      29.92000     -29.92000
       2.32742      34.50000     -34.50000
       2.36242      40.62000     -40.62000
       2.39742      39.92000     -39.92000
       2.43242      28.93000     -28.93000
       2.46742      17.99000     -17.99000
       2.50242      17.76000     -17.76000
       2.53842      24.78000     -24.78000
       2.57342      25.49000     -25.49000
       2.60842      21.06000     -21.06000
       2.64342      22.52000     -22.52000
       2.67842      27.78000     -27.78000
       2.71442      35.78000     -35.78000
       2.74942      42.79000     -42.79000
       2.78442      38.99000     -38.99000
       2.81942      29.33000     -29.33000
       2.85442      22.00000     -22.00000
       2.89042      16.75000     -16.75000
       2.92542      11.17000     -11.17000
       2.96042      12.56000     -12.56000
       2.99542      26.13000     -26.13000
       3.03042      38.52000     -38.52000
       3.06642      32.54000     -32.54000
       3.10142      18.11000     -18.11000
       3.13642      13.54000     -13.54000
       3.17142      20.20000     -20.20000
       3.20642      24.73000     -24.73000
       3.24142      18.26000     -18.27000
       3.27742       8.82300      -8.82300
       3.31242       3.39200      -3.39200
       3.34742       6.11400      -6.11400
       3.38242      20.98000     -20.98000
       3.41742      37.20000     -37.20000
       3.45342      32.38000     -32.38000
       3.48842      13.91000     -13.92000
       3.52342       4.89400      -4.89400
       3.55842      10.01000     -10.01000
       3.59342      22.19000     -22.19000
       3.62942      28.92000     -28.93000
       3.66442      27.55000     -27.56000
       3.69942      35.97000     -35.97000
       3.73442      64.05000     -64.05000
       3.76942      78.85000     -78.84000
       3.80542      70.66000     -70.66000
       3.84042      74.65000     -74.64000
       3.87542      82.13000     -82.13000
       3.91042      64.41000     -64.41000
       3.94542      42.78000     -42.78000
       3.98042      40.57000     -40.56000
       4.01642      58.26000     -58.26000
       4.05142      75.33000     -75.34000
       4.08642      64.14000     -64.15000
       4.12142      43.86000     -43.85000
       4.15642      33.47000     -33.43000
       4.19242      26.70000     -26.68000
       4.22742      25.92000     -25.94000
       4.26242      34.23000     -34.26000
       4.29742      45.79000     -45.77000
       4.33242      48.82000     -48.81000
       4.36842      46.70000     -46.70000
       4.40342      53.30000     -53.30000
       4.43842      54.54000     -54.57000
       4.47342      43.53000     -43.57000
       4.50842      42.34000     -42.38000
       4.54442      52.98000     -52.91000
       4.57942      63.22000     -62.89000
       4.61442      75.96000     -75.65000
       4.64942      79.74000     -79.73000
       4.68442      64.29000     -64.01000
       4.72042      55.98000     -55.20000
       4.75542      74.22000     -73.13000
       4.79042      99.93000     -99.35000
       4.82542     104.20000    -105.10000
       4.86042      90.63000     -92.01000
       4.89542      74.84000     -74.92000
       4.93142      60.31000     -59.02000
       4.96642      53.85000     -52.37000
       5.00142      66.29000     -65.42000
       5.03642      81.57000     -81.75000
       5.07142      85.56000     -84.95000
       5.10742      81.22000     -80.70000
       5.14242      68.84000     -70.40000
       5.17742      63.32000     -64.51000
       5.21242      81.10000     -80.64000
       5.24742     102.00000    -101.60000
       5.28342     101.80000    -102.60000
       5.31842      91.09000     -91.97000
       5.35342      84.28000     -84.99000
       5.38842      86.88000     -88.34000
       5.42342      92.32000     -93.14000
       5.45942      89.17000     -88.59000
       5.49442      79.58000     -77.09000
       5.52942      72.00000     -69.19000
       5.56442      69.29000     -68.51000
       5.59942      71.56000     -72.12000
       5.63442      77.35000     -77.67000
       5.67042      81.99000     -81.24000
       5.70542      84.12000     -83.90000
       5.74042      82.51000     -82.92000
       5.77542      74.95000     -75.47000
       5.81042      67.78000     -68.81000
       5.84642      68.97000     -71.15000
       5.88142      75.17000     -76.40000
       5.91642      80.97000     -79.82000
       5.95142      89.81000     -88.24000
       5.98642      97.28000     -96.83000
       6.02242      93.39000     -93.25000
       6.05742      82.38000     -82.98000
       6.09242      77.92000     -79.50000
       6.12742      77.72000     -79.89000
       6.16242      77.08000     -78.26000
       6.19842      76.58000     -75.55000
       6.23342      74.73000     -74.31000
       6.26842      73.68000     -74.56000
       6.30342      75.59000     -74.98000
       6.33842      75.53000     -76.11000
       6.37342      74.48000     -77.07000
       6.40942      76.41000     -76.60000
       6.44442      79.45000     -75.45000
       6.47942      80.18000     -74.38000
       6.51442      77.07000     -75.11000
       6.54942      73.89000     -75.18000
       6.58542      70.04000     -71.77000
       6.62042      65.30000     -68.21000
       6.65542      64.27000     -66.23000
       6.69042      66.73000     -65.46000
       6.72542      68.29000     -65.83000
       6.76142      67.78000     -66.70000
       6.79642      67.73000     -70.03000
       6.83142      69.21000     -71.95000
       6.86642      70.66000     -68.64000
       6.90142      72.10000     -67.78000
       6.93742      72.20000     -71.98000
       6.97242      72.56000     -73.66000
       7.00742      74.21000     -72.12000
       7.04242      75.08000     -73.95000
       7.07742      75.56000     -76.38000
       7.11342      73.14000     -74.58000
       7.14842      70.89000     -71.35000
       7.18342      70.38000     -68.92000
       7.21842      66.42000     -67.13000
       7.25342      60.71000     -65.71000
       7.28842      57.62000     -62.95000
       7.32442      56.16000     -58.49000
       7.35942      55.37000     -55.50000
       7.39442      54.20000     -53.13000
       7.42942      53.09000     -51.20000
       7.46442      51.96000     -50.13000
       7.50042      50.06000     -49.02000
       7.53542      47.93000     -47.87000
       7.57042      45.35000     -46.59000
       7.60542      42.63000     -44.13000
       7.64042      40.51000     -41.64000
       7.67642      38.63000     -38.80000
       7.71142      37.07000     -36.64000
       7.74642      35.69000     -35.21000
       7.78142      32.84000     -32.68000
       7.81642      29.63000     -30.06000
       7.85242      28.14000     -27.56000
       7.88742      27.19000     -25.22000
       7.92242      26.73000     -24.18000
       7.95742      24.96000     -23.81000
       7.99242      21.93000     -23.02000
       8.02742      20.52000     -22.94000
       8.06342      20.52000     -22.75000
       8.09842      19.59000     -21.68000
       8.13342      17.56000     -19.12000
       8.16842      16.43000     -15.72000
       8.20342      15.71000     -12.57000
       8.23942      13.43000     -10.63000
       8.27442      10.47000      -9.61100
       8.30942       8.04800      -8.71800
       8.34442       5.96800      -7.02200
       8.37942       4.19700      -4.64400
       8.41542       2.72200      -2.78400
       8.45042       1.68800      -1.66000
       8.48542       0.98860      -0.85110
       8.52042       0.75120      -0.26140
       8.55542       0.69230      -0.03707
       8.59142       0.36310      -0.00218
       8.62642       0.08518      -0.00005
       8.66142       0.00846      -0.00000
       8.69642       0.00034      -0.00000
       8.73142       0.00001      -0.00000
       8.76642       0.00000      -0.00000
       8.80242       0.00000       0.00000
       8.83742       0.00000       0.00000
       8.87242       0.00000       0.00000
       8.90742       0.00000       0.00000
       8.94242       0.00000       0.00000
       8.97842       0.00000       0.00000
       9.01342       0.00000       0.00000
       9.04842       0.00000       0.00000
       9.08342       0.00000       0.00000
       9.11842       0.00000       0.00000
       9.15442       0.00000       0.00000
       9.18942       0.00000       0.00000
       9.22442       0.00000       0.00000
       9.25942       0.00000       0.00000
       9.29442       0.00000       0.00000
       9.33042       0.00000       0.00000
       9.36542       0.00000       0.00000
       9.40042       0.00000       0.00000
       9.43542       0.00000       0.00000
       9.47042       0.00000       0.00000
       9.50642       0.00000       0.00000
       9.54142       0.00000       0.00000
       9.57642       0.00000       0.00000
       9.61142       0.00000       0.00000
       9.64642       0.00000       0.00000
       9.68142       0.00000       0.00000
       9.71742       0.00000       0.00000
       9.75242       0.00000       0.00000
       9.78742       0.00000       0.00000
       9.82242       0.00000       0.00000
       9.85742       0.00000       0.00000
       9.89342       0.00000       0.00000
       9.92842       0.00000       0.00000
       9.96342       0.00000       0.00000
       9.99842       0.00000       0.00000
      10.03342       0.00000       0.00000
      10.06942       0.00000       0.00000
      10.10442       0.00000       0.00000
      10.13942       0.00000       0.00000
