      #Energy        TDOS-UP        TDOS-DOWN
     -23.70600       0.00000       0.00000
     -23.67600       0.00000       0.00000
     -23.64500       0.00000       0.00000
     -23.61400       0.00000       0.00000
     -23.58400       0.00000       0.00000
     -23.55300       0.00000       0.00000
     -23.52200       0.00000       0.00000
     -23.49200       0.00000       0.00000
     -23.46100       0.00000       0.00000
     -23.43000       0.00000       0.00000
     -23.40000       0.00000       0.00000
     -23.36900       0.00000       0.00000
     -23.33800       0.00000       0.00000
     -23.30800       0.00000       0.00000
     -23.27700       0.00000       0.00000
     -23.24600       0.00000       0.00000
     -23.21600       0.00000       0.00000
     -23.18500       0.00000       0.00000
     -23.15400       0.00000       0.00000
     -23.12300       0.00000       0.00000
     -23.09300       0.00000       0.00000
     -23.06200       0.00000       0.00000
     -23.03100       0.00000       0.00000
     -23.00100       0.00000       0.00000
     -22.97000       0.00000       0.00000
     -22.93900       0.00000       0.00000
     -22.90900       0.00000       0.00000
     -22.87800       0.00000       0.00000
     -22.84700       0.00000       0.00000
     -22.81700       0.00000       0.00000
     -22.78600       0.00000       0.00000
     -22.75500       0.00000       0.00000
     -22.72500       0.00000       0.00000
     -22.69400       0.00000       0.00000
     -22.66300       0.00000       0.00000
     -22.63300       0.00000       0.00000
     -22.60200       0.00000      -0.00000
     -22.57100       0.00000      -0.00000
     -22.54100       0.00000      -0.00000
     -22.51000       0.00000      -0.00000
     -22.47900       0.00014      -0.00014
     -22.44900       0.00707      -0.00707
     -22.41800       0.17060      -0.17060
     -22.38700       2.02500      -2.02500
     -22.35700      12.07000     -12.07000
     -22.32600      37.73000     -37.73000
     -22.29500      66.50000     -66.50000
     -22.26500      71.66000     -71.66000
     -22.23400      48.41000     -48.41000
     -22.20300      23.24000     -23.24000
     -22.17300      23.37000     -23.37000
     -22.14200      40.41000     -40.41000
     -22.11100      41.71000     -41.71000
     -22.08100      30.43000     -30.43000
     -22.05000      43.04000     -43.04000
     -22.01900      74.54000     -74.54000
     -21.98800      77.44000     -77.44000
     -21.95800      43.80000     -43.80000
     -21.92700      13.20000     -13.20000
     -21.89600       2.06800      -2.06800
     -21.86600       0.16430      -0.16430
     -21.83500       0.00649      -0.00649
     -21.80400       0.00013      -0.00013
     -21.77400       0.00000      -0.00000
     -21.74300       0.00000      -0.00000
     -21.71200       0.00000      -0.00000
     -21.68200       0.00000      -0.00000
     -21.65100       0.00000       0.00000
     -21.62000       0.00000      -0.00000
     -21.59000       0.00000      -0.00000
     -21.55900       0.00000      -0.00000
     -21.52800       0.00000      -0.00000
     -21.49800       0.00014      -0.00014
     -21.46700       0.00688      -0.00688
     -21.43600       0.16590      -0.16590
     -21.40600       1.95000      -1.95000
     -21.37500      11.27000     -11.27000
     -21.34400      32.59000     -32.59000
     -21.31400      50.19000     -50.19000
     -21.28300      50.42000     -50.42000
     -21.25200      46.45000     -46.45000
     -21.22200      38.40000     -38.40000
     -21.19100      21.40000     -21.40000
     -21.16000       8.70700      -8.70700
     -21.13000      12.03000     -12.03000
     -21.09900      30.76000     -30.76000
     -21.06800      43.29000     -43.29000
     -21.03800      30.61000     -30.61000
     -21.00700      10.86000     -10.86000
     -20.97600       1.94400      -1.94400
     -20.94600       0.39340      -0.39340
     -20.91500       1.87500      -1.87500
     -20.88400       8.59000      -8.59000
     -20.85400      22.66000     -22.66000
     -20.82300      35.62000     -35.62000
     -20.79200      34.16000     -34.16000
     -20.76100      21.83000     -21.83000
     -20.73100      18.77000     -18.77000
     -20.70000      33.44000     -33.44000
     -20.66900      43.13000     -43.13000
     -20.63900      28.95000     -28.95000
     -20.60800       9.76300      -9.76300
     -20.57700       1.63900      -1.63900
     -20.54700       0.13610      -0.13610
     -20.51600       0.00554      -0.00554
     -20.48500       0.00011      -0.00011
     -20.45500       0.00000      -0.00000
     -20.42400       0.00000      -0.00000
     -20.39300       0.00000      -0.00000
     -20.36300       0.00000      -0.00000
     -20.33200       0.00000      -0.00000
     -20.30100       0.00000      -0.00000
     -20.27100       0.00004      -0.00004
     -20.24000       0.00238      -0.00238
     -20.20900       0.06907      -0.06907
     -20.17900       0.98280      -0.98280
     -20.14800       6.90300      -6.90300
     -20.11700      24.08000     -24.08000
     -20.08700      41.93000     -41.93000
     -20.05600      36.56000     -36.56000
     -20.02500      15.98000     -15.98000
     -19.99500       3.49200      -3.49200
     -19.96400       0.38030      -0.38030
     -19.93300       0.02053      -0.02053
     -19.90300       0.00055      -0.00055
     -19.87200       0.00002      -0.00002
     -19.84100       0.00052      -0.00052
     -19.81100       0.01462      -0.01462
     -19.78000       0.20380      -0.20380
     -19.74900       1.45600      -1.45600
     -19.71900       5.68200      -5.68200
     -19.68800      13.92000     -13.92000
     -19.65700      25.90000     -25.90000
     -19.62700      38.56000     -38.56000
     -19.59600      45.61000     -45.61000
     -19.56500      48.02000     -48.02000
     -19.53400      42.41000     -42.41000
     -19.50400      25.84000     -25.84000
     -19.47300      10.20000     -10.20000
     -19.44200       2.56400      -2.56400
     -19.41200       0.38680      -0.38680
     -19.38100       0.12960      -0.12960
     -19.35000       1.36100      -1.36100
     -19.32000       9.76400      -9.76400
     -19.28900      36.91000     -36.91000
     -19.25800      74.09000     -74.09000
     -19.22800      79.33000     -79.33000
     -19.19700      47.97000     -47.97000
     -19.16600      30.84000     -30.84000
     -19.13600      50.66000     -50.66000
     -19.10500      78.85000     -78.85000
     -19.07400      85.59000     -85.59000
     -19.04400      73.23000     -73.23000
     -19.01300      50.95000     -50.95000
     -18.98200      24.68000     -24.68000
     -18.95200       9.07500      -9.07500
     -18.92100      12.66000     -12.66000
     -18.89000      30.84000     -30.84000
     -18.86000      42.02000     -42.02000
     -18.82900      30.01000     -30.01000
     -18.79800      11.99000     -11.99000
     -18.76800       5.71400      -5.71400
     -18.73700       8.67600      -8.67600
     -18.70600      14.14000     -14.14000
     -18.67600      21.64000     -21.64000
     -18.64500      29.06000     -29.06000
     -18.61400      27.57000     -27.57000
     -18.58400      16.94000     -16.94000
     -18.55300       6.48300      -6.48300
     -18.52200       1.44800      -1.44800
     -18.49200       0.17620      -0.17620
     -18.46100       0.01420      -0.01420
     -18.43000       0.07690      -0.07690
     -18.39900       0.92540      -0.92540
     -18.36900       5.56800      -5.56800
     -18.33800      16.99000     -16.99000
     -18.30700      27.38000     -27.38000
     -18.27700      25.93000     -25.93000
     -18.24600      19.08000     -19.08000
     -18.21500      16.19000     -16.19000
     -18.18500      17.54000     -17.54000
     -18.15400      23.46000     -23.46000
     -18.12300      34.30000     -34.30000
     -18.09300      42.03000     -42.03000
     -18.06200      36.28000     -36.28000
     -18.03100      26.56000     -26.56000
     -18.00100      29.36000     -29.36000
     -17.97000      37.07000     -37.07000
     -17.93900      40.19000     -40.19000
     -17.90900      44.59000     -44.59000
     -17.87800      43.46000     -43.46000
     -17.84700      34.37000     -34.37000
     -17.81700      30.81000     -30.81000
     -17.78600      31.30000     -31.30000
     -17.75500      28.81000     -28.81000
     -17.72500      24.15000     -24.15000
     -17.69400      18.82000     -18.82000
     -17.66300      17.98000     -17.98000
     -17.63300      26.17000     -26.17000
     -17.60200      38.25000     -38.25000
     -17.57100      44.39000     -44.39000
     -17.54100      45.19000     -45.19000
     -17.51000      44.32000     -44.32000
     -17.47900      38.25000     -38.25000
     -17.44900      31.24000     -31.24000
     -17.41800      32.57000     -32.57000
     -17.38700      37.48000     -37.48000
     -17.35700      35.31000     -35.31000
     -17.32600      30.20000     -30.20000
     -17.29500      30.32000     -30.32000
     -17.26500      32.27000     -32.27000
     -17.23400      31.61000     -31.61000
     -17.20300      32.86000     -32.86000
     -17.17200      35.22000     -35.22000
     -17.14200      30.10000     -30.10000
     -17.11100      20.96000     -20.96000
     -17.08000      17.30000     -17.30000
     -17.05000      23.36000     -23.36000
     -17.01900      34.50000     -34.50000
     -16.98800      35.65000     -35.65000
     -16.95800      23.28000     -23.28000
     -16.92700      12.95000     -12.95000
     -16.89600      17.14000     -17.14000
     -16.86600      32.41000     -32.41000
     -16.83500      39.67000     -39.67000
     -16.80400      26.98000     -26.98000
     -16.77400       9.66000      -9.66000
     -16.74300       1.76200      -1.76200
     -16.71200       0.16030      -0.16030
     -16.68200       0.00719      -0.00719
     -16.65100       0.00018      -0.00018
     -16.62000       0.00113      -0.00113
     -16.59000       0.03320      -0.03320
     -16.55900       0.48220      -0.48220
     -16.52800       3.48800      -3.48800
     -16.49800      12.79000     -12.79000
     -16.46700      24.60000     -24.60000
     -16.43600      27.14000     -27.14000
     -16.40600      21.65000     -21.65000
     -16.37500      19.75000     -19.75000
     -16.34400      26.94000     -26.94000
     -16.31400      35.58000     -35.58000
     -16.28300      33.19000     -33.19000
     -16.25200      23.84000     -23.84000
     -16.22200      16.04000     -16.04000
     -16.19100       9.72300      -9.72300
     -16.16000       4.36400      -4.36400
     -16.13000       1.95000      -1.95000
     -16.09900       3.49300      -3.49300
     -16.06800       8.40600      -8.40600
     -16.03800      15.30000     -15.30000
     -16.00700      23.82000     -23.82000
     -15.97600      33.41000     -33.41000
     -15.94500      39.79000     -39.79000
     -15.91500      44.03000     -44.03000
     -15.88400      47.65000     -47.65000
     -15.85300      40.47000     -40.47000
     -15.82300      30.32000     -30.32000
     -15.79200      40.49000     -40.49000
     -15.76100      68.04000     -68.04000
     -15.73100      85.87000     -85.87000
     -15.70000      80.08000     -80.08000
     -15.66900      55.82000     -55.82000
     -15.63900      26.03000     -26.03000
     -15.60800       7.09600      -7.09600
     -15.57700       1.04600      -1.04600
     -15.54700       0.21810      -0.21810
     -15.51600       1.65300      -1.65300
     -15.48500       9.68200      -9.68200
     -15.45500      28.47000     -28.47000
     -15.42400      42.42000     -42.42000
     -15.39300      32.36000     -32.36000
     -15.36300      12.75000     -12.75000
     -15.33200       2.61500      -2.61500
     -15.30100       0.29030      -0.29030
     -15.27100       0.17710      -0.17710
     -15.24000       1.19300      -1.19300
     -15.20900       4.55000      -4.55000
     -15.17900       9.48700      -9.48700
     -15.14800      12.65000     -12.65000
     -15.11700      15.15000     -15.15000
     -15.08700      19.75000     -19.75000
     -15.05600      23.14000     -23.14000
     -15.02500      22.52000     -22.52000
     -14.99500      20.55000     -20.55000
     -14.96400      22.29000     -22.29000
     -14.93300      28.02000     -28.02000
     -14.90300      30.23000     -30.23000
     -14.87200      24.14000     -24.14000
     -14.84100      14.45000     -14.45000
     -14.81000       7.55800      -7.55800
     -14.78000       3.70700      -3.70700
     -14.74900       2.43300      -2.43300
     -14.71800       6.05100      -6.05100
     -14.68800      15.19000     -15.19000
     -14.65700      23.43000     -23.43000
     -14.62600      23.17000     -23.17000
     -14.59600      17.04000     -17.04000
     -14.56500      12.41000     -12.41000
     -14.53400      12.65000     -12.65000
     -14.50400      16.97000     -16.97000
     -14.47300      23.05000     -23.05000
     -14.44200      29.96000     -29.96000
     -14.41200      32.53000     -32.53000
     -14.38100      28.73000     -28.73000
     -14.35000      24.19000     -24.19000
     -14.32000      20.58000     -20.58000
     -14.28900      18.34000     -18.34000
     -14.25800      19.31000     -19.31000
     -14.22800      28.64000     -28.64000
     -14.19700      48.88000     -48.88000
     -14.16600      61.29000     -61.29000
     -14.13600      49.95000     -49.95000
     -14.10500      34.36000     -34.36000
     -14.07400      33.16000     -33.16000
     -14.04400      38.13000     -38.13000
     -14.01300      40.52000     -40.52000
     -13.98200      39.09000     -39.09000
     -13.95200      33.00000     -33.00000
     -13.92100      26.65000     -26.65000
     -13.89000      21.10000     -21.10000
     -13.86000      15.06000     -15.06000
     -13.82900      11.72000     -11.72000
     -13.79800      18.14000     -18.14000
     -13.76800      34.61000     -34.61000
     -13.73700      42.59000     -42.59000
     -13.70600      31.44000     -31.44000
     -13.67600      20.14000     -20.14000
     -13.64500      22.42000     -22.42000
     -13.61400      28.13000     -28.13000
     -13.58300      25.34000     -25.34000
     -13.55300      20.42000     -20.42000
     -13.52200      22.99000     -22.99000
     -13.49100      24.71000     -24.71000
     -13.46100      18.81000     -18.81000
     -13.43000      13.01000     -13.01000
     -13.39900      11.29000     -11.29000
     -13.36900      11.98000     -11.98000
     -13.33800      14.81000     -14.81000
     -13.30700      18.57000     -18.57000
     -13.27700      22.53000     -22.53000
     -13.24600      30.09000     -30.09000
     -13.21500      39.21000     -39.21000
     -13.18500      42.38000     -42.38000
     -13.15400      40.01000     -40.01000
     -13.12300      35.84000     -35.84000
     -13.09300      26.97000     -26.97000
     -13.06200      18.32000     -18.32000
     -13.03100      21.86000     -21.86000
     -13.00100      36.36000     -36.36000
     -12.97000      48.76000     -48.76000
     -12.93900      48.06000     -48.06000
     -12.90900      36.05000     -36.05000
     -12.87800      22.97000     -22.97000
     -12.84700      14.00000     -14.00000
     -12.81700      10.60000     -10.60000
     -12.78600      16.67000     -16.67000
     -12.75500      31.53000     -31.53000
     -12.72500      43.82000     -43.82000
     -12.69400      47.63000     -47.63000
     -12.66300      47.87000     -47.87000
     -12.63300      40.28000     -40.28000
     -12.60200      25.28000     -25.28000
     -12.57100      15.90000     -15.90000
     -12.54100      17.43000     -17.43000
     -12.51000      28.29000     -28.29000
     -12.47900      41.94000     -41.94000
     -12.44900      43.65000     -43.65000
     -12.41800      31.74000     -31.74000
     -12.38700      23.53000     -23.53000
     -12.35600      27.35000     -27.35000
     -12.32600      34.92000     -34.92000
     -12.29500      33.99000     -33.99000
     -12.26400      28.89000     -28.89000
     -12.23400      32.58000     -32.58000
     -12.20300      36.08000     -36.08000
     -12.17200      27.61000     -27.61000
     -12.14200      19.49000     -19.49000
     -12.11100      23.56000     -23.56000
     -12.08000      31.81000     -31.81000
     -12.05000      28.20000     -28.20000
     -12.01900      13.81000     -13.81000
     -11.98800       3.61800      -3.61800
     -11.95800       1.42300      -1.42300
     -11.92700       4.42300      -4.42300
     -11.89600      12.19000     -12.19000
     -11.86600      22.88000     -22.88000
     -11.83500      30.68000     -30.68000
     -11.80400      29.47000     -29.47000
     -11.77400      21.10000     -21.10000
     -11.74300      16.39000     -16.39000
     -11.71200      22.03000     -22.03000
     -11.68200      31.70000     -31.70000
     -11.65100      38.01000     -38.01000
     -11.62000      43.81000     -43.81000
     -11.59000      50.03000     -50.03000
     -11.55900      53.16000     -53.16000
     -11.52800      54.03000     -54.03000
     -11.49800      52.51000     -52.51000
     -11.46700      50.54000     -50.54000
     -11.43600      46.67000     -46.67000
     -11.40600      38.69000     -38.69000
     -11.37500      32.75000     -32.75000
     -11.34400      35.17000     -35.17000
     -11.31400      45.19000     -45.19000
     -11.28300      53.20000     -53.20000
     -11.25200      48.22000     -48.22000
     -11.22100      36.80000     -36.80000
     -11.19100      34.84000     -34.84000
     -11.16000      43.63000     -43.63000
     -11.12900      46.45000     -46.45000
     -11.09900      32.84000     -32.84000
     -11.06800      17.05000     -17.05000
     -11.03700      11.68000     -11.68000
     -11.00700      15.72000     -15.72000
     -10.97600      25.60000     -25.60000
     -10.94500      34.19000     -34.19000
     -10.91500      31.63000     -31.63000
     -10.88400      20.87000     -20.87000
     -10.85300      16.51000     -16.51000
     -10.82300      25.24000     -25.24000
     -10.79200      42.67000     -42.67000
     -10.76100      55.84000     -55.84000
     -10.73100      58.26000     -58.26000
     -10.70000      60.49000     -60.49000
     -10.66900      64.08000     -64.08000
     -10.63900      59.55000     -59.55000
     -10.60800      53.05000     -53.05000
     -10.57700      53.35000     -53.35000
     -10.54700      53.41000     -53.41000
     -10.51600      49.11000     -49.11000
     -10.48500      40.47000     -40.47000
     -10.45500      31.62000     -31.62000
     -10.42400      29.83000     -29.83000
     -10.39300      31.22000     -31.22000
     -10.36300      26.51000     -26.51000
     -10.33200      17.99000     -17.99000
     -10.30100      21.29000     -21.29000
     -10.27100      44.60000     -44.60000
     -10.24000      70.68000     -70.68000
     -10.20900      76.93000     -76.93000
     -10.17900      64.15000     -64.15000
     -10.14800      45.66000     -45.66000
     -10.11700      32.38000     -32.38000
     -10.08700      27.00000     -27.00000
     -10.05600      30.11000     -30.11000
     -10.02500      44.39000     -44.39000
      -9.99400      59.19000     -59.19000
      -9.96400      57.19000     -57.19000
      -9.93300      41.93000     -41.93000
      -9.90200      34.01000     -34.01000
      -9.87200      40.19000     -40.19000
      -9.84100      42.49000     -42.49000
      -9.81000      30.49000     -30.49000
      -9.78000      15.41000     -15.41000
      -9.74900       7.46000      -7.46000
      -9.71800      10.40000     -10.40000
      -9.68800      23.78000     -23.78000
      -9.65700      37.81000     -37.81000
      -9.62600      36.74000     -36.74000
      -9.59600      26.38000     -26.38000
      -9.56500      32.40000     -32.40000
      -9.53400      66.03000     -66.03000
      -9.50400     110.40000    -110.40000
      -9.47300     136.20000    -136.20000
      -9.44200     136.40000    -136.40000
      -9.41200     124.00000    -124.00000
      -9.38100     103.40000    -103.40000
      -9.35000      79.78000     -79.78000
      -9.32000      72.84000     -72.84000
      -9.28900      75.61000     -75.61000
      -9.25800      70.61000     -70.61000
      -9.22800      68.55000     -68.55000
      -9.19700      76.97000     -76.97000
      -9.16600      81.57000     -81.57000
      -9.13600      73.88000     -73.88000
      -9.10500      66.79000     -66.79000
      -9.07400      68.91000     -68.91000
      -9.04400      65.69000     -65.69000
      -9.01300      46.12000     -46.12000
      -8.98200      25.33000     -25.33000
      -8.95200      21.20000     -21.20000
      -8.92100      32.88000     -32.88000
      -8.89000      48.68000     -48.68000
      -8.85900      61.85000     -61.85000
      -8.82900      70.50000     -70.50000
      -8.79800      70.13000     -70.13000
      -8.76700      65.35000     -65.35000
      -8.73700      61.60000     -61.60000
      -8.70600      53.98000     -53.98000
      -8.67500      50.79000     -50.79000
      -8.64500      70.14000     -70.14000
      -8.61400     108.70000    -108.70000
      -8.58300     142.70000    -142.70000
      -8.55300     146.90000    -146.90000
      -8.52200     122.40000    -122.40000
      -8.49100      92.39000     -92.39000
      -8.46100      70.19000     -70.19000
      -8.43000      65.08000     -65.08000
      -8.39900      71.36000     -71.36000
      -8.36900      69.21000     -69.21000
      -8.33800      49.41000     -49.41000
      -8.30700      31.14000     -31.14000
      -8.27700      38.82000     -38.82000
      -8.24600      70.08000     -70.08000
      -8.21500      97.93000     -97.93000
      -8.18500      91.61000     -91.61000
      -8.15400      54.27000     -54.27000
      -8.12300      23.06000     -23.06000
      -8.09300      17.23000     -17.23000
      -8.06200      28.73000     -28.73000
      -8.03100      41.13000     -41.13000
      -8.00100      44.72000     -44.72000
      -7.97000      43.41000     -43.41000
      -7.93900      40.67000     -40.67000
      -7.90900      41.37000     -41.37000
      -7.87800      50.53000     -50.53000
      -7.84700      61.39000     -61.39000
      -7.81700      69.73000     -69.73000
      -7.78600      70.24000     -70.24000
      -7.75500      58.46000     -58.46000
      -7.72500      50.70000     -50.70000
      -7.69400      58.83000     -58.83000
      -7.66300      68.85000     -68.85000
      -7.63200      64.07000     -64.07000
      -7.60200      47.37000     -47.37000
      -7.57100      35.16000     -35.16000
      -7.54000      32.08000     -32.08000
      -7.51000      33.40000     -33.40000
      -7.47900      34.03000     -34.03000
      -7.44800      29.27000     -29.27000
      -7.41800      26.30000     -26.30000
      -7.38700      32.52000     -32.52000
      -7.35600      42.37000     -42.37000
      -7.32600      43.73000     -43.73000
      -7.29500      33.76000     -33.76000
      -7.26400      26.78000     -26.78000
      -7.23400      32.93000     -32.93000
      -7.20300      47.22000     -47.22000
      -7.17200      61.99000     -61.99000
      -7.14200      69.84000     -69.84000
      -7.11100      62.80000     -62.80000
      -7.08000      54.63000     -54.63000
      -7.05000      71.66000     -71.66000
      -7.01900     100.00000    -100.00000
      -6.98800     106.70000    -106.70000
      -6.95800      95.40000     -95.40000
      -6.92700      90.05000     -90.05000
      -6.89600      87.10000     -87.10000
      -6.86600      71.98000     -71.98000
      -6.83500      67.60000     -67.60000
      -6.80400      90.77000     -90.77000
      -6.77400     118.50000    -118.50000
      -6.74300     133.50000    -133.50000
      -6.71200     132.30000    -132.30000
      -6.68200     116.00000    -116.00000
      -6.65100     104.30000    -104.30000
      -6.62000      98.04000     -98.04000
      -6.59000      81.62000     -81.62000
      -6.55900      56.04000     -56.04000
      -6.52800      34.10000     -34.10000
      -6.49800      30.17000     -30.17000
      -6.46700      40.19000     -40.19000
      -6.43600      40.42000     -40.42000
      -6.40500      25.85000     -25.85000
      -6.37500      13.73000     -13.73000
      -6.34400      10.21000     -10.21000
      -6.31300      13.19000     -13.19000
      -6.28300      22.92000     -22.92000
      -6.25200      34.07000     -34.07000
      -6.22100      34.45000     -34.45000
      -6.19100      24.37000     -24.37000
      -6.16000      17.75000     -17.75000
      -6.12900      19.59000     -19.59000
      -6.09900      29.42000     -29.42000
      -6.06800      42.02000     -42.02000
      -6.03700      41.27000     -41.27000
      -6.00700      27.42000     -27.42000
      -5.97600      21.46000     -21.46000
      -5.94500      30.66000     -30.66000
      -5.91500      41.40000     -41.40000
      -5.88400      42.85000     -42.85000
      -5.85300      36.18000     -36.18000
      -5.82300      25.79000     -25.79000
      -5.79200      23.86000     -23.86000
      -5.76100      32.54000     -32.54000
      -5.73100      35.96000     -35.96000
      -5.70000      31.56000     -31.56000
      -5.66900      28.74000     -28.74000
      -5.63900      27.13000     -27.13000
      -5.60800      25.89000     -25.89000
      -5.57700      30.12000     -30.12000
      -5.54700      36.89000     -36.89000
      -5.51600      34.87000     -34.87000
      -5.48500      26.64000     -26.64000
      -5.45500      21.58000     -21.58000
      -5.42400      19.33000     -19.33000
      -5.39300      17.88000     -17.88000
      -5.36300      19.02000     -19.02000
      -5.33200      23.12000     -23.12000
      -5.30100      26.49000     -26.49000
      -5.27000      25.53000     -25.53000
      -5.24000      22.06000     -22.06000
      -5.20900      19.68000     -19.68000
      -5.17800      18.28000     -18.28000
      -5.14800      18.82000     -18.82000
      -5.11700      26.18000     -26.18000
      -5.08600      35.85000     -35.85000
      -5.05600      32.04000     -32.04000
      -5.02500      17.82000     -17.82000
      -4.99400      12.00000     -12.00000
      -4.96400      20.91000     -20.91000
      -4.93300      34.24000     -34.24000
      -4.90200      34.27000     -34.27000
      -4.87200      20.74000     -20.74000
      -4.84100       9.03000      -9.03000
      -4.81000       5.66200      -5.66200
      -4.78000       7.78100      -7.78100
      -4.74900      10.83000     -10.83000
      -4.71800      13.61000     -13.61000
      -4.68800      23.87000     -23.87000
      -4.65700      44.30000     -44.30000
      -4.62600      53.58000     -53.58000
      -4.59600      42.87000     -42.87000
      -4.56500      28.93000     -28.93000
      -4.53400      17.77000     -17.77000
      -4.50400      13.11000     -13.11000
      -4.47300      24.75000     -24.75000
      -4.44200      59.09000     -59.09000
      -4.41200      90.64000     -90.64000
      -4.38100      86.99000     -86.99000
      -4.35000      72.86000     -72.86000
      -4.32000      68.22000     -68.22000
      -4.28900      54.58000     -54.58000
      -4.25800      32.76000     -32.76000
      -4.22800      16.20000     -16.20000
      -4.19700      12.23000     -12.23000
      -4.16600      19.08000     -19.08000
      -4.13600      24.46000     -24.46000
      -4.10500      23.00000     -23.00000
      -4.07400      22.79000     -22.79000
      -4.04300      40.70000     -40.70000
      -4.01300      77.84000     -77.84000
      -3.98200      94.55000     -94.55000
      -3.95100      73.27000     -73.27000
      -3.92100      44.45000     -44.45000
      -3.89000      25.95000     -25.95000
      -3.85900      15.61000     -15.61000
      -3.82900      10.54000     -10.54000
      -3.79800      13.10000     -13.10000
      -3.76700      25.77000     -25.77000
      -3.73700      39.96000     -39.96000
      -3.70600      46.77000     -46.77000
      -3.67500      51.30000     -51.30000
      -3.64500      50.17000     -50.17000
      -3.61400      37.53000     -37.53000
      -3.58300      21.88000     -21.88000
      -3.55300      11.80000     -11.80000
      -3.52200       8.87700      -8.87700
      -3.49100       9.37300      -9.37300
      -3.46100       9.70700      -9.70700
      -3.43000      13.04000     -13.04000
      -3.39900      24.84000     -24.84000
      -3.36900      38.37000     -38.37000
      -3.33800      36.09000     -36.09000
      -3.30700      20.88000     -20.88000
      -3.27700      10.22000     -10.22000
      -3.24600       8.03800      -8.03800
      -3.21500      11.79000     -11.79000
      -3.18500      21.03000     -21.03000
      -3.15400      35.00000     -35.00000
      -3.12300      49.25000     -49.25000
      -3.09300      53.55000     -53.55000
      -3.06200      46.59000     -46.59000
      -3.03100      40.13000     -40.13000
      -3.00100      35.31000     -35.31000
      -2.97000      24.99000     -24.99000
      -2.93900      14.43000     -14.43000
      -2.90900       8.13200      -8.13200
      -2.87800       5.39300      -5.39300
      -2.84700      10.03000     -10.03000
      -2.81600      22.31000     -22.31000
      -2.78600      30.64000     -30.64000
      -2.75500      27.83000     -27.83000
      -2.72400      19.63000     -19.63000
      -2.69400      11.51000     -11.51000
      -2.66300       5.28100      -5.28100
      -2.63200       1.61900      -1.61900
      -2.60200       0.28560      -0.28560
      -2.57100       0.02650      -0.02650
      -2.54000       0.00124      -0.00124
      -2.51000       0.00003      -0.00003
      -2.47900       0.00000      -0.00000
      -2.44800       0.00000      -0.00000
      -2.41800       0.00000      -0.00000
      -2.38700       0.00000      -0.00000
      -2.35600       0.00000       0.00000
      -2.32600       0.00000       0.00000
      -2.29500       0.00000       0.00000
      -2.26400       0.00000       0.00000
      -2.23400       0.00000       0.00000
      -2.20300       0.00000       0.00000
      -2.17200       0.00000       0.00000
      -2.14200       0.00000       0.00000
      -2.11100       0.00000       0.00000
      -2.08000       0.00000       0.00000
      -2.05000       0.00000       0.00000
      -2.01900       0.00000       0.00000
      -1.98800       0.00000       0.00000
      -1.95800       0.00000       0.00000
      -1.92700       0.00000       0.00000
      -1.89600       0.00000       0.00000
      -1.86600       0.00000       0.00000
      -1.83500       0.00000       0.00000
      -1.80400       0.00000      -0.00000
      -1.77400       0.00000      -0.00000
      -1.74300       0.00000      -0.00000
      -1.71200       0.00000      -0.00000
      -1.68100       0.00010      -0.00010
      -1.65100       0.00349      -0.00349
      -1.62000       0.06018      -0.06018
      -1.58900       0.52020      -0.52020
      -1.55900       2.30600      -2.30600
      -1.52800       5.45500      -5.45500
      -1.49700       7.45600      -7.45600
      -1.46700       6.93800      -6.93800
      -1.43600       5.81000      -5.81000
      -1.40500       6.17600      -6.17600
      -1.37500       9.62900      -9.62900
      -1.34400      15.44000     -15.44000
      -1.31300      18.83000     -18.83000
      -1.28300      18.67000     -18.67000
      -1.25200      21.12000     -21.12000
      -1.22100      30.10000     -30.10000
      -1.19100      38.66000     -38.66000
      -1.16000      34.70000     -34.70000
      -1.12900      25.54000     -25.54000
      -1.09900      27.45000     -27.45000
      -1.06800      41.91000     -41.91000
      -1.03700      55.66000     -55.66000
      -1.00700      53.74000     -53.74000
      -0.97600      40.59000     -40.59000
      -0.94500      25.98000     -25.98000
      -0.91500      13.66000     -13.66000
      -0.88400       7.19000      -7.19000
      -0.85300       4.85700      -4.85700
      -0.82300       3.97700      -3.97700
      -0.79200       6.44000      -6.44000
      -0.76100      13.59000     -13.59000
      -0.73100      22.57000     -22.57000
      -0.70000      30.82000     -30.82000
      -0.66900      39.19000     -39.19000
      -0.63900      45.24000     -45.24000
      -0.60800      42.87000     -42.87000
      -0.57700      31.94000     -31.94000
      -0.54700      19.13000     -19.13000
      -0.51600      11.47000     -11.47000
      -0.48500      11.95000     -11.95000
      -0.45400      16.43000     -16.43000
      -0.42400      19.90000     -19.90000
      -0.39300      24.10000     -24.10000
      -0.36200      33.31000     -33.31000
      -0.33200      43.40000     -43.40000
      -0.30100      44.88000     -44.88000
      -0.27000      35.20000     -35.20000
      -0.24000      21.79000     -21.79000
      -0.20900      14.74000     -14.74000
      -0.17800      13.98000     -13.98000
      -0.14800      13.90000     -13.90000
      -0.11700      15.34000     -15.34000
      -0.08600      19.20000     -19.20000
      -0.05600      22.35000     -22.35000
      -0.02500      27.64000     -27.64000
       0.00600      37.88000     -37.88000
       0.03600      47.19000     -47.19000
       0.06700      52.28000     -52.28000
       0.09800      48.04000     -48.04000
       0.12800      32.24000     -32.24000
       0.15900      18.71000     -18.71000
       0.19000      14.11000     -14.11000
       0.22000      11.30000     -11.30000
       0.25100       6.97300      -6.97300
       0.28200       6.06300      -6.06400
       0.31200      13.85000     -13.86000
       0.34300      28.99000     -28.99000
       0.37400      44.39000     -44.39000
       0.40400      49.96000     -49.96000
       0.43500      39.70000     -39.70000
       0.46600      25.71000     -25.71000
       0.49600      18.04000     -18.04000
       0.52700      12.51000     -12.51000
       0.55800       8.22600      -8.22800
       0.58800       6.55000      -6.54800
       0.61900       6.40600      -6.40700
       0.65000       6.27100      -6.27100
       0.68000       5.77900      -5.77900
       0.71100       7.32800      -7.32900
       0.74200      17.50000     -17.50000
       0.77300      41.65000     -41.64000
       0.80300      66.60000     -66.59000
       0.83400      70.51000     -70.50000
       0.86500      63.96000     -63.96000
       0.89500      71.95000     -71.95000
       0.92600      79.47000     -79.46000
       0.95700      68.12000     -68.11000
       0.98700      55.17000     -55.16000
       1.01800      51.00000     -51.00000
       1.04900      48.46000     -48.46000
       1.07900      44.55000     -44.55000
       1.11000      35.24000     -35.25000
       1.14100      20.62000     -20.63000
       1.17100      13.45000     -13.45000
       1.20200      20.53000     -20.52000
       1.23300      29.55000     -29.55000
       1.26300      27.51000     -27.53000
       1.29400      24.64000     -24.68000
       1.32500      31.95000     -31.97000
       1.35500      46.55000     -46.51000
       1.38600      62.35000     -62.30000
       1.41700      68.07000     -68.02000
       1.44700      67.60000     -67.51000
       1.47800      82.97000     -82.97000
       1.50900     101.40000    -101.60000
       1.53900      92.77000     -92.82000
       1.57000      71.73000     -71.74000
       1.60100      69.24000     -69.38000
       1.63100      80.23000     -80.54000
       1.66200      80.50000     -80.67000
       1.69300      65.12000     -64.71000
       1.72300      48.06000     -47.75000
       1.75400      35.31000     -35.95000
       1.78500      28.17000     -28.42000
       1.81500      30.36000     -29.08000
       1.84600      37.38000     -35.75000
       1.87700      40.85000     -39.59000
       1.90800      44.36000     -42.98000
       1.93800      52.71000     -52.32000
       1.96900      59.27000     -60.27000
       2.00000      59.65000     -59.96000
       2.03000      62.12000     -61.18000
       2.06100      77.60000     -76.72000
       2.09200      98.24000     -98.14000
       2.12200     102.00000    -102.30000
       2.15300      90.49000     -89.52000
       2.18400      86.04000     -83.82000
       2.21400      87.92000     -87.28000
       2.24500      82.47000     -84.26000
       2.27600      74.55000     -76.95000
       2.30600      73.95000     -75.81000
       2.33700      78.84000     -80.11000
       2.36800      83.30000     -84.09000
       2.39800      85.03000     -84.70000
       2.42900      87.08000     -85.93000
       2.46000      91.30000     -90.66000
       2.49000      94.46000     -94.85000
       2.52100      92.49000     -93.33000
       2.55200      82.57000     -82.82000
       2.58200      70.57000     -70.21000
       2.61300      65.47000     -65.98000
       2.64400      62.73000     -64.55000
       2.67400      57.31000     -58.74000
       2.70500      55.12000     -54.51000
       2.73600      56.79000     -54.18000
       2.76600      57.29000     -54.55000
       2.79700      57.03000     -55.15000
       2.82800      57.55000     -55.97000
       2.85800      58.79000     -58.01000
       2.88900      63.45000     -63.23000
       2.92000      69.84000     -69.89000
       2.95000      71.29000     -72.43000
       2.98100      67.10000     -69.56000
       3.01200      65.00000     -67.61000
       3.04200      71.21000     -71.18000
       3.07300      80.86000     -78.25000
       3.10400      86.50000     -84.24000
       3.13500      85.99000     -86.05000
       3.16500      80.73000     -83.65000
       3.19600      76.50000     -78.92000
       3.22700      76.05000     -75.06000
       3.25700      75.32000     -73.83000
       3.28800      72.94000     -72.69000
       3.31900      71.89000     -71.22000
       3.34900      71.22000     -71.82000
       3.38000      70.17000     -73.34000
       3.41100      71.36000     -72.89000
       3.44100      73.88000     -71.98000
       3.47200      75.72000     -73.16000
       3.50300      76.52000     -74.54000
       3.53300      74.76000     -75.11000
       3.56400      70.23000     -74.21000
       3.59500      65.62000     -69.90000
       3.62500      62.63000     -64.42000
       3.65600      60.41000     -62.19000
       3.68700      60.23000     -63.58000
       3.71700      63.21000     -64.77000
       3.74800      66.64000     -64.20000
       3.77900      67.17000     -62.59000
       3.80900      64.95000     -60.36000
       3.84000      62.02000     -58.71000
       3.87100      59.23000     -58.26000
       3.90100      57.17000     -59.30000
       3.93200      56.77000     -61.61000
       3.96300      59.07000     -62.08000
       3.99300      62.35000     -60.10000
       4.02400      63.38000     -59.76000
       4.05500      62.42000     -62.69000
       4.08500      62.44000     -65.22000
       4.11600      63.91000     -65.13000
       4.14700      65.09000     -65.05000
       4.17700      65.94000     -66.28000
       4.20800      66.20000     -66.34000
       4.23900      64.11000     -63.34000
       4.27000      60.57000     -58.51000
       4.30000      58.37000     -55.86000
       4.33100      57.07000     -56.93000
       4.36200      54.32000     -56.98000
       4.39200      51.52000     -53.19000
       4.42300      50.61000     -48.72000
       4.45400      50.38000     -46.21000
       4.48400      49.05000     -46.56000
       4.51500      46.38000     -47.82000
       4.54600      43.29000     -47.19000
       4.57600      40.74000     -44.86000
       4.60700      38.48000     -41.65000
       4.63800      35.74000     -38.26000
       4.66800      33.96000     -35.46000
       4.69900      34.31000     -34.06000
       4.73000      35.21000     -33.10000
       4.76000      35.35000     -31.17000
       4.79100      34.71000     -29.72000
       4.82200      33.42000     -30.12000
       4.85200      31.24000     -30.64000
       4.88300      28.22000     -30.02000
       4.91400      25.33000     -28.61000
       4.94400      23.52000     -27.01000
       4.97500      22.60000     -25.25000
       5.00600      22.11000     -22.92000
       5.03600      21.35000     -20.93000
       5.06700      19.42000     -20.27000
       5.09800      17.76000     -19.27000
       5.12800      18.12000     -17.74000
       5.15900      18.21000     -16.76000
       5.19000      15.91000     -15.69000
       5.22000      13.35000     -14.31000
       5.25100      12.06000     -12.29000
       5.28200      10.72000      -9.62200
       5.31200       9.15000      -7.16000
       5.34300       7.51800      -5.49300
       5.37400       5.54800      -4.30000
       5.40400       3.82900      -2.92000
       5.43500       2.46200      -1.50100
       5.46600       1.17100      -0.54380
       5.49700       0.33270      -0.19330
       5.52700       0.05111      -0.25330
       5.55800       0.00405      -0.36440
       5.58900       0.00016      -0.27230
       5.61900       0.00000      -0.10050
       5.65000       0.00000      -0.01820
       5.68100       0.00000      -0.00161
       5.71100       0.00000      -0.00007
       5.74200       0.00000      -0.00000
       5.77300       0.00000      -0.00000
       5.80300       0.00000      -0.00000
       5.83400       0.00000      -0.00000
       5.86500       0.00000      -0.00000
       5.89500       0.00000       0.00000
       5.92600       0.00000       0.00000
       5.95700       0.00000       0.00000
       5.98700       0.00000       0.00000
       6.01800       0.00000       0.00000
       6.04900       0.00000       0.00000
       6.07900       0.00000       0.00000
       6.11000       0.00000       0.00000
       6.14100       0.00000       0.00000
       6.17100       0.00000       0.00000
       6.20200       0.00000       0.00000
       6.23300       0.00000       0.00000
       6.26300       0.00000       0.00000
       6.29400       0.00000       0.00000
       6.32500       0.00000       0.00000
       6.35500       0.00000       0.00000
       6.38600       0.00000       0.00000
       6.41700       0.00000       0.00000
       6.44700       0.00000       0.00000
       6.47800       0.00000       0.00000
       6.50900       0.00000       0.00000
       6.53900       0.00000       0.00000
       6.57000       0.00000       0.00000
       6.60100       0.00000       0.00000
       6.63100       0.00000       0.00000
       6.66200       0.00000       0.00000
       6.69300       0.00000       0.00000
       6.72400       0.00000       0.00000
       6.75400       0.00000       0.00000
       6.78500       0.00000       0.00000
       6.81600       0.00000       0.00000
       6.84600       0.00000       0.00000
       6.87700       0.00000       0.00000
       6.90800       0.00000       0.00000
       6.93800       0.00000       0.00000
