      #Energy        TDOS-UP        TDOS-DOWN
     -23.38000       0.00000       0.00000
     -23.34900       0.00000       0.00000
     -23.31800       0.00000       0.00000
     -23.28800       0.00000       0.00000
     -23.25700       0.00000       0.00000
     -23.22700       0.00000       0.00000
     -23.19600       0.00000       0.00000
     -23.16500       0.00000       0.00000
     -23.13500       0.00000       0.00000
     -23.10400       0.00000       0.00000
     -23.07400       0.00000       0.00000
     -23.04300       0.00000       0.00000
     -23.01200       0.00000       0.00000
     -22.98200       0.00000       0.00000
     -22.95100       0.00000       0.00000
     -22.92100       0.00000       0.00000
     -22.89000       0.00000       0.00000
     -22.85900       0.00000       0.00000
     -22.82900       0.00000       0.00000
     -22.79800       0.00000       0.00000
     -22.76800       0.00000       0.00000
     -22.73700       0.00000       0.00000
     -22.70600       0.00000       0.00000
     -22.67600       0.00000       0.00000
     -22.64500       0.00000       0.00000
     -22.61500       0.00000       0.00000
     -22.58400       0.00000       0.00000
     -22.55300       0.00000       0.00000
     -22.52300       0.00000       0.00000
     -22.49200       0.00000       0.00000
     -22.46200       0.00000       0.00000
     -22.43100       0.00000       0.00000
     -22.40000       0.00000       0.00000
     -22.37000       0.00000       0.00000
     -22.33900       0.00000       0.00000
     -22.30900       0.00000       0.00000
     -22.27800       0.00000      -0.00000
     -22.24700       0.00000      -0.00000
     -22.21700       0.00000      -0.00000
     -22.18600       0.00000      -0.00000
     -22.15600       0.00000      -0.00000
     -22.12500       0.00007      -0.00007
     -22.09400       0.00165      -0.00165
     -22.06400       0.02011      -0.02011
     -22.03300       0.12981      -0.12981
     -22.00300       0.47289      -0.47289
     -21.97200       1.05705      -1.05705
     -21.94100       1.61123      -1.61123
     -21.91100       1.90336      -1.90336
     -21.88000       1.98669      -1.98669
     -21.85000       1.99912      -1.99912
     -21.81900       2.00006      -2.00006
     -21.78800       2.00010      -2.00010
     -21.75800       2.00010      -2.00010
     -21.72700       2.00010      -2.00010
     -21.69700       2.00010      -2.00010
     -21.66600       2.00010      -2.00010
     -21.63500       2.00010      -2.00010
     -21.60500       2.00010      -2.00010
     -21.57400       2.00010      -2.00010
     -21.54300       2.00010      -2.00010
     -21.51300       2.00010      -2.00010
     -21.48200       2.00010      -2.00010
     -21.45200       2.00010      -2.00010
     -21.42100       2.00010      -2.00010
     -21.39000       2.00010      -2.00010
     -21.36000       2.00020      -2.00020
     -21.32900       2.00218      -2.00218
     -21.29900       2.02389      -2.02389
     -21.26800       2.15809      -2.15809
     -21.23700       2.65374      -2.65374
     -21.20700       3.81458      -3.81458
     -21.17600       5.63791      -5.63791
     -21.14600       7.67102      -7.67102
     -21.11500       9.44034      -9.44034
     -21.08400      10.88439     -10.88439
     -21.05400      12.15446     -12.15446
     -21.02300      13.25226     -13.25226
     -20.99300      14.13631     -14.13631
     -20.96200      14.94172     -14.94172
     -20.93100      15.85851     -15.85851
     -20.90100      16.85625     -16.85625
     -20.87000      17.75254     -17.75254
     -20.84000      18.56544     -18.56544
     -20.80900      19.41843     -19.41843
     -20.77800      20.23271     -20.23271
     -20.74800      20.94479     -20.94479
     -20.71700      21.74484     -21.74484
     -20.68700      22.80347     -22.80347
     -20.65600      23.97104     -23.97104
     -20.62500      24.93526     -24.93526
     -20.59500      25.54727     -25.54727
     -20.56400      25.85372     -25.85372
     -20.53400      25.96886     -25.96886
     -20.50300      26.01487     -26.01487
     -20.47200      26.15711     -26.15711
     -20.44200      26.73081     -26.73081
     -20.41100      28.09743     -28.09743
     -20.38100      30.08479     -30.08479
     -20.35000      31.96596     -31.96596
     -20.31900      33.23114     -33.23114
     -20.28900      33.96495     -33.96495
     -20.25800      34.55370     -34.55370
     -20.22800      35.34717     -35.34717
     -20.19700      36.44206     -36.44206
     -20.16600      37.58347     -37.58347
     -20.13600      38.44074     -38.44074
     -20.10500      39.02720     -39.02720
     -20.07500      39.61489     -39.61489
     -20.04400      40.41463     -40.41463
     -20.01300      41.44985     -41.44985
     -19.98300      42.50649     -42.50649
     -19.95200      43.30517     -43.30517
     -19.92200      43.77366     -43.77366
     -19.89100      44.06437     -44.06437
     -19.86000      44.39302     -44.39302
     -19.83000      44.83627     -44.83627
     -19.79900      45.29589     -45.29589
     -19.76900      45.65905     -45.65905
     -19.73800      45.87938     -45.87938
     -19.70700      45.97224     -45.97224
     -19.67700      45.99615     -45.99615
     -19.64600      45.99959     -45.99959
     -19.61600      45.99985     -45.99985
     -19.58500      45.99987     -45.99987
     -19.55400      46.00014     -46.00014
     -19.52400      46.00361     -46.00361
     -19.49300      46.02669     -46.02669
     -19.46300      46.11119     -46.11119
     -19.43200      46.29290     -46.29290
     -19.40100      46.54625     -46.54625
     -19.37100      46.82900     -46.82900
     -19.34000      47.19029     -47.19029
     -19.31000      47.72504     -47.72504
     -19.27900      48.38830     -48.38830
     -19.24800      49.01164     -49.01164
     -19.21800      49.49513     -49.49513
     -19.18700      49.83524     -49.83524
     -19.15700      50.15270     -50.15270
     -19.12600      50.74253     -50.74253
     -19.09500      51.74302     -51.74302
     -19.06500      52.82153     -52.82153
     -19.03400      53.55503     -53.55503
     -19.00400      53.88261     -53.88261
     -18.97300      53.98333     -53.98333
     -18.94200      54.03211     -54.03211
     -18.91200      54.18731     -54.18731
     -18.88100      54.63912     -54.63912
     -18.85100      55.47314     -55.47314
     -18.82000      56.54798     -56.54798
     -18.78900      57.70208     -57.70208
     -18.75900      58.94906     -58.94906
     -18.72800      60.25968     -60.25968
     -18.69800      61.40124     -61.40124
     -18.66700      62.35659     -62.35659
     -18.63600      63.44061     -63.44061
     -18.60600      64.63511     -64.63511
     -18.57500      65.52329     -65.52329
     -18.54500      66.01045     -66.01045
     -18.51400      66.47665     -66.47665
     -18.48300      67.26615     -67.26615
     -18.45300      68.34834     -68.34834
     -18.42200      69.44261     -69.44261
     -18.39200      70.31703     -70.31703
     -18.36100      70.99896     -70.99896
     -18.33000      71.72098     -71.72098
     -18.30000      72.60840     -72.60840
     -18.26900      73.58670     -73.58670
     -18.23900      74.54679     -74.54679
     -18.20800      75.36995     -75.36995
     -18.17700      76.00155     -76.00155
     -18.14700      76.58617     -76.58617
     -18.11600      77.26229     -77.26229
     -18.08600      77.97620     -77.97620
     -18.05500      78.72393     -78.72393
     -18.02400      79.66520     -79.66520
     -17.99400      80.78870     -80.78870
     -17.96300      81.79363     -81.79363
     -17.93300      82.46653     -82.46653
     -17.90200      82.90703     -82.90703
     -17.87100      83.37721     -83.37721
     -17.84100      84.14819     -84.14819
     -17.81000      85.44489     -85.44489
     -17.78000      87.24512     -87.24512
     -17.74900      89.10747     -89.10747
     -17.71800      90.64913     -90.64913
     -17.68800      91.96771     -91.96771
     -17.65700      93.27084     -93.27084
     -17.62700      94.55606     -94.55606
     -17.59600      95.75821     -95.75821
     -17.56500      96.92271     -96.92271
     -17.53500      98.11981     -98.11981
     -17.50400      99.36755     -99.36755
     -17.47400     100.70877    -100.70877
     -17.44300     102.11548    -102.11548
     -17.41200     103.39275    -103.39275
     -17.38200     104.38451    -104.38451
     -17.35100     105.11878    -105.11878
     -17.32100     105.66056    -105.66056
     -17.29000     106.06571    -106.06571
     -17.25900     106.49381    -106.49381
     -17.22900     107.13490    -107.13490
     -17.19800     108.07617    -108.07617
     -17.16800     109.29836    -109.29836
     -17.13700     110.67890    -110.67890
     -17.10600     112.08515    -112.08515
     -17.07600     113.53853    -113.53853
     -17.04500     115.07835    -115.07835
     -17.01500     116.52484    -116.52484
     -16.98400     117.58439    -117.58439
     -16.95300     118.15998    -118.15998
     -16.92300     118.45699    -118.45699
     -16.89200     118.76762    -118.76762
     -16.86200     119.26136    -119.26136
     -16.83100     119.98461    -119.98461
     -16.80000     120.93812    -120.93812
     -16.77000     122.08319    -122.08319
     -16.73900     123.35740    -123.35740
     -16.70900     124.71561    -124.71561
     -16.67800     126.11895    -126.11895
     -16.64700     127.48022    -127.48022
     -16.61700     128.65865    -128.65865
     -16.58600     129.58814    -129.58814
     -16.55600     130.28966    -130.28966
     -16.52500     130.76596    -130.76596
     -16.49400     131.03930    -131.03930
     -16.46400     131.19763    -131.19763
     -16.43300     131.32864    -131.32864
     -16.40300     131.46988    -131.46988
     -16.37200     131.61387    -131.61387
     -16.34100     131.73846    -131.73846
     -16.31100     131.83955    -131.83955
     -16.28000     131.92047    -131.92047
     -16.25000     131.97272    -131.97272
     -16.21900     131.99472    -131.99472
     -16.18800     132.00008    -132.00008
     -16.15800     132.00080    -132.00080
     -16.12700     132.00084    -132.00084
     -16.09700     132.00085    -132.00085
     -16.06600     132.00086    -132.00086
     -16.03500     132.00126    -132.00126
     -16.00500     132.00778    -132.00778
     -15.97400     132.06216    -132.06216
     -15.94400     132.30609    -132.30609
     -15.91300     132.93799    -132.93799
     -15.88200     133.98361    -133.98361
     -15.85200     135.24053    -135.24053
     -15.82100     136.48980    -136.48980
     -15.79100     137.63702    -137.63702
     -15.76000     138.69213    -138.69213
     -15.72900     139.66048    -139.66048
     -15.69900     140.51822    -140.51822
     -15.66800     141.22739    -141.22739
     -15.63800     141.79136    -141.79136
     -15.60700     142.43198    -142.43198
     -15.57600     143.45373    -143.45373
     -15.54600     144.85463    -144.85463
     -15.51500     146.36354    -146.36354
     -15.48500     147.76566    -147.76566
     -15.45400     148.96980    -148.96980
     -15.42300     149.89806    -149.89806
     -15.39300     150.51405    -150.51405
     -15.36200     150.93971    -150.93971
     -15.33200     151.41218    -151.41218
     -15.30100     152.07805    -152.07805
     -15.27000     152.89111    -152.89111
     -15.24000     153.77700    -153.77700
     -15.20900     154.70496    -154.70496
     -15.17900     155.61624    -155.61624
     -15.14800     156.56471    -156.56471
     -15.11700     157.69357    -157.69357
     -15.08700     158.92096    -158.92096
     -15.05600     159.94944    -159.94944
     -15.02600     160.63168    -160.63168
     -14.99500     161.15511    -161.15511
     -14.96400     161.86657    -161.86657
     -14.93400     162.91602    -162.91602
     -14.90300     164.06675    -164.06675
     -14.87300     164.97773    -164.97773
     -14.84200     165.58974    -165.58974
     -14.81100     166.16503    -166.16503
     -14.78100     167.06760    -167.06760
     -14.75000     168.36812    -168.36812
     -14.72000     169.70920    -169.70920
     -14.68900     170.77685    -170.77685
     -14.65800     171.62892    -171.62892
     -14.62800     172.48207    -172.48207
     -14.59700     173.39121    -173.39121
     -14.56700     174.19677    -174.19677
     -14.53600     174.76135    -174.76135
     -14.50500     175.10322    -175.10322
     -14.47500     175.31848    -175.31848
     -14.44400     175.52054    -175.52054
     -14.41400     175.83620    -175.83620
     -14.38300     176.33376    -176.33376
     -14.35200     176.90171    -176.90171
     -14.32200     177.34649    -177.34649
     -14.29100     177.63481    -177.63481
     -14.26100     177.89029    -177.89029
     -14.23000     178.27087    -178.27087
     -14.19900     178.92343    -178.92343
     -14.16900     179.84329    -179.84329
     -14.13800     180.85754    -180.85754
     -14.10800     181.84181    -181.84181
     -14.07700     182.73290    -182.73290
     -14.04600     183.48919    -183.48919
     -14.01600     184.20815    -184.20815
     -13.98500     184.99612    -184.99612
     -13.95500     185.76756    -185.76756
     -13.92400     186.43022    -186.43022
     -13.89300     187.08186    -187.08186
     -13.86300     187.87671    -187.87671
     -13.83200     188.84369    -188.84369
     -13.80200     189.88334    -189.88334
     -13.77100     190.88214    -190.88214
     -13.74000     191.79251    -191.79251
     -13.71000     192.62087    -192.62087
     -13.67900     193.41281    -193.41281
     -13.64900     194.25096    -194.25096
     -13.61800     195.13517    -195.13517
     -13.58700     195.99091    -195.99091
     -13.55700     196.87665    -196.87665
     -13.52600     197.90192    -197.90192
     -13.49600     199.08127    -199.08127
     -13.46500     200.40153    -200.40153
     -13.43400     201.85016    -201.85016
     -13.40400     203.35556    -203.35556
     -13.37300     204.75079    -204.75079
     -13.34300     205.95860    -205.95860
     -13.31200     207.08654    -207.08654
     -13.28100     208.16980    -208.16980
     -13.25100     209.06257    -209.06257
     -13.22000     209.64582    -209.64582
     -13.19000     209.97280    -209.97280
     -13.15900     210.22694    -210.22694
     -13.12800     210.65870    -210.65870
     -13.09800     211.47573    -211.47573
     -13.06700     212.55196    -212.55196
     -13.03700     213.48971    -213.48971
     -13.00600     214.19582    -214.19582
     -12.97500     214.93804    -214.93804
     -12.94500     215.81918    -215.81918
     -12.91400     216.70889    -216.70889
     -12.88400     217.59218    -217.59218
     -12.85300     218.52060    -218.52060
     -12.82200     219.32983    -219.32983
     -12.79200     219.80261    -219.80261
     -12.76100     219.98689    -219.98689
     -12.73100     220.14133    -220.14133
     -12.70000     220.56867    -220.56867
     -12.66900     221.47980    -221.47980
     -12.63900     222.81169    -222.81169
     -12.60800     224.26461    -224.26461
     -12.57800     225.55213    -225.55213
     -12.54700     226.60203    -226.60203
     -12.51600     227.55310    -227.55310
     -12.48600     228.53140    -228.53140
     -12.45500     229.62201    -229.62201
     -12.42500     231.01892    -231.01892
     -12.39400     232.75199    -232.75199
     -12.36300     234.45950    -234.45950
     -12.33300     235.83423    -235.83423
     -12.30200     236.95330    -236.95330
     -12.27200     238.02707    -238.02707
     -12.24100     239.15379    -239.15379
     -12.21000     240.28356    -240.28356
     -12.18000     241.32031    -241.32031
     -12.14900     242.25607    -242.25607
     -12.11900     243.15956    -243.15956
     -12.08800     244.11246    -244.11246
     -12.05700     245.19235    -245.19235
     -12.02700     246.43657    -246.43657
     -11.99600     247.78499    -247.78499
     -11.96600     249.12591    -249.12591
     -11.93500     250.39736    -250.39736
     -11.90400     251.55605    -251.55605
     -11.87400     252.52456    -252.52456
     -11.84300     253.25240    -253.25240
     -11.81300     253.73252    -253.73252
     -11.78200     254.00031    -254.00031
     -11.75100     254.15190    -254.15190
     -11.72100     254.31133    -254.31133
     -11.69000     254.62107    -254.62107
     -11.66000     255.18473    -255.18473
     -11.62900     255.95357    -255.95357
     -11.59800     256.76847    -256.76847
     -11.56800     257.49202    -257.49202
     -11.53700     258.08139    -258.08139
     -11.50700     258.61674    -258.61674
     -11.47600     259.23686    -259.23686
     -11.44500     260.01856    -260.01856
     -11.41500     260.91225    -260.91225
     -11.38400     261.83332    -261.83332
     -11.35400     262.87665    -262.87665
     -11.32300     264.25108    -264.25108
     -11.29200     265.96532    -265.96532
     -11.26200     267.76831    -267.76831
     -11.23100     269.37851    -269.37851
     -11.20000     270.71989    -270.71989
     -11.17000     271.87782    -271.87782
     -11.13900     272.91135    -272.91135
     -11.10900     273.84023    -273.84023
     -11.07800     274.71449    -274.71449
     -11.04700     275.62746    -275.62746
     -11.01700     276.64738    -276.64738
     -10.98600     277.78190    -277.78190
     -10.95600     279.02688    -279.02688
     -10.92500     280.32113    -280.32113
     -10.89400     281.54806    -281.54806
     -10.86400     282.71456    -282.71456
     -10.83300     283.93139    -283.93139
     -10.80300     285.27858    -285.27858
     -10.77200     286.90776    -286.90776
     -10.74100     289.01140    -289.01140
     -10.71100     291.56823    -291.56823
     -10.68000     294.25710    -294.25710
     -10.65000     296.63462    -296.63462
     -10.61900     298.48656    -298.48656
     -10.58800     299.96916    -299.96916
     -10.55800     301.33854    -301.33854
     -10.52700     302.65972    -302.65972
     -10.49700     303.80479    -303.80479
     -10.46600     304.70445    -304.70445
     -10.43500     305.51399    -305.51399
     -10.40500     306.42604    -306.42604
     -10.37400     307.47564    -307.47564
     -10.34400     308.68987    -308.68987
     -10.31300     310.15885    -310.15885
     -10.28200     311.75009    -311.75009
     -10.25200     313.07892    -313.07892
     -10.22100     314.02616    -314.02616
     -10.19100     314.98380    -314.98380
     -10.16000     316.19406    -316.19406
     -10.12900     317.28604    -317.28604
     -10.09900     317.96063    -317.96063
     -10.06800     318.48466    -318.48466
     -10.03800     319.15130    -319.15130
     -10.00700     319.89872    -319.89872
      -9.97600     320.67475    -320.67475
      -9.94600     321.66345    -321.66345
      -9.91500     322.95801    -322.95801
      -9.88500     324.41399    -324.41399
      -9.85400     325.98686    -325.98686
      -9.82300     327.80209    -327.80209
      -9.79300     329.68157    -329.68157
      -9.76200     331.09593    -331.09593
      -9.73200     331.82040    -331.82040
      -9.70100     332.17950    -332.17950
      -9.67000     332.59888    -332.59888
      -9.64000     333.25878    -333.25878
      -9.60900     334.13182    -334.13182
      -9.57900     335.19458    -335.19458
      -9.54800     336.45792    -336.45792
      -9.51700     337.77666    -337.77666
      -9.48700     338.92571    -338.92571
      -9.45600     339.89957    -339.89957
      -9.42600     340.88874    -340.88874
      -9.39500     342.00046    -342.00046
      -9.36400     343.25585    -343.25585
      -9.33400     344.74196    -344.74196
      -9.30300     346.59651    -346.59651
      -9.27300     348.93792    -348.93792
      -9.24200     351.68065    -351.68065
      -9.21100     354.60224    -354.60224
      -9.18100     357.58197    -357.58197
      -9.15000     360.54304    -360.54304
      -9.12000     363.52491    -363.52491
      -9.08900     366.65214    -366.65214
      -9.05800     369.77799    -369.77799
      -9.02800     372.56464    -372.56464
      -8.99700     374.81561    -374.81561
      -8.96700     376.52894    -376.52894
      -8.93600     377.96457    -377.96457
      -8.90500     379.54815    -379.54815
      -8.87500     381.47966    -381.47966
      -8.84400     383.62859    -383.62859
      -8.81400     385.82831    -385.82831
      -8.78300     387.98366    -387.98366
      -8.75200     389.97546    -389.97546
      -8.72200     391.96235    -391.96235
      -8.69100     394.48675    -394.48675
      -8.66100     397.74326    -397.74326
      -8.63000     401.24856    -401.24856
      -8.59900     404.47754    -404.47754
      -8.56900     407.39393    -407.39393
      -8.53800     410.30389    -410.30389
      -8.50800     413.23833    -413.23833
      -8.47700     415.78140    -415.78140
      -8.44600     417.72790    -417.72790
      -8.41600     419.40588    -419.40588
      -8.38500     421.20856    -421.20856
      -8.35500     423.29323    -423.29323
      -8.32400     425.72338    -425.72338
      -8.29300     428.40628    -428.40628
      -8.26300     430.98790    -430.98790
      -8.23200     433.20017    -433.20017
      -8.20200     435.20543    -435.20543
      -8.17100     437.33217    -437.33217
      -8.14000     439.74487    -439.74487
      -8.11000     442.73532    -442.73532
      -8.07900     446.46400    -446.46400
      -8.04900     450.20492    -450.20492
      -8.01800     453.02461    -453.02461
      -7.98700     454.85744    -454.85744
      -7.95700     456.42296    -456.42296
      -7.92600     458.84684    -458.84684
      -7.89600     462.78207    -462.78207
      -7.86500     467.25129    -467.25129
      -7.83400     470.60205    -470.60205
      -7.80400     472.53525    -472.53525
      -7.77300     473.92620    -473.92620
      -7.74300     475.33872    -475.33872
      -7.71200     476.72891    -476.72891
      -7.68100     478.01413    -478.01413
      -7.65100     479.23356    -479.23356
      -7.62000     480.51435    -480.51435
      -7.59000     482.10053    -482.10053
      -7.55900     484.05897    -484.05897
      -7.52800     486.00410    -486.00410
      -7.49800     487.46222    -487.46222
      -7.46700     488.43195    -488.43195
      -7.43700     489.29718    -489.29718
      -7.40600     490.37738    -490.37738
      -7.37500     491.71080    -491.71080
      -7.34500     493.14505    -493.14505
      -7.31400     494.55574    -494.55574
      -7.28400     495.92099    -495.92099
      -7.25300     497.30015    -497.30015
      -7.22200     498.75537    -498.75537
      -7.19200     500.25097    -500.25097
      -7.16100     501.67665    -501.67665
      -7.13100     502.95423    -502.95423
      -7.10000     504.12501    -504.12501
      -7.06900     505.27436    -505.27436
      -7.03900     506.45111    -506.45111
      -7.00800     507.71063    -507.71063
      -6.97800     509.04910    -509.04910
      -6.94700     510.48855    -510.48855
      -6.91600     512.17725    -512.17725
      -6.88600     514.02246    -514.02246
      -6.85500     515.64980    -515.64980
      -6.82500     516.95813    -516.95813
      -6.79400     518.22530    -518.22530
      -6.76300     519.67592    -519.67592
      -6.73300     521.24145    -521.24145
      -6.70200     522.86925    -522.86925
      -6.67200     524.90587    -524.90587
      -6.64100     527.80375    -527.80375
      -6.61000     531.58904    -531.58904
      -6.58000     535.81651    -535.81651
      -6.54900     539.89404    -539.89404
      -6.51900     543.47584    -543.47584
      -6.48800     546.58731    -546.58731
      -6.45700     549.41404    -549.41404
      -6.42700     552.14177    -552.14177
      -6.39600     554.83799    -554.83799
      -6.36600     557.55548    -557.55548
      -6.33500     560.74681    -560.74681
      -6.30400     564.70500    -564.70500
      -6.27400     568.56221    -568.56221
      -6.24300     571.22538    -571.22538
      -6.21300     572.78111    -572.78111
      -6.18200     573.90874    -573.90874
      -6.15100     574.91305    -574.91305
      -6.12100     575.83689    -575.83689
      -6.09000     576.79300    -576.79300
      -6.06000     577.87075    -577.87075
      -6.02900     578.92709    -578.92709
      -5.99800     579.76264    -579.76264
      -5.96800     580.44840    -580.44840
      -5.93700     581.25640    -581.25640
      -5.90700     582.30539    -582.30539
      -5.87600     583.47908    -583.47908
      -5.84500     584.79597    -584.79597
      -5.81500     586.49523    -586.49523
      -5.78400     588.42628    -588.42628
      -5.75400     589.96885    -589.96885
      -5.72300     590.85749    -590.85749
      -5.69200     591.42376    -591.42376
      -5.66200     592.04464    -592.04464
      -5.63100     592.86520    -592.86520
      -5.60100     593.90118    -593.90118
      -5.57000     595.04167    -595.04167
      -5.53900     596.10014    -596.10014
      -5.50900     597.05809    -597.05809
      -5.47800     598.04052    -598.04052
      -5.44800     599.07697    -599.07697
      -5.41700     600.11188    -600.11188
      -5.38600     601.14159    -601.14159
      -5.35600     602.22271    -602.22271
      -5.32500     603.38369    -603.38369
      -5.29500     604.51928    -604.51928
      -5.26400     605.44235    -605.44235
      -5.23300     606.10347    -606.10347
      -5.20300     606.63837    -606.63837
      -5.17200     607.17985    -607.17985
      -5.14200     607.74703    -607.74703
      -5.11100     608.30962    -608.30962
      -5.08000     608.89073    -608.89073
      -5.05000     609.57435    -609.57435
      -5.01900     610.40454    -610.40454
      -4.98900     611.36448    -611.36448
      -4.95800     612.44621    -612.44621
      -4.92700     613.59312    -613.59312
      -4.89700     614.64073    -614.64073
      -4.86600     615.49281    -615.49281
      -4.83600     616.24849    -616.24849
      -4.80500     616.98749    -616.98749
      -4.77400     617.61221    -617.61221
      -4.74400     618.05362    -618.05362
      -4.71300     618.44087    -618.44087
      -4.68300     618.99612    -618.99612
      -4.65200     619.81881    -619.81881
      -4.62100     620.79910    -620.79910
      -4.59100     621.77511    -621.77511
      -4.56000     622.66651    -622.66651
      -4.53000     623.45263    -623.45263
      -4.49900     624.13947    -624.13947
      -4.46800     624.72241    -624.72241
      -4.43800     625.17591    -625.17591
      -4.40700     625.53179    -625.53179
      -4.37700     625.94062    -625.94062
      -4.34600     626.62683    -626.62683
      -4.31500     627.68393    -627.68393
      -4.28500     628.82855    -628.82855
      -4.25400     629.62707    -629.62707
      -4.22400     630.03539    -630.03539
      -4.19300     630.40362    -630.40362
      -4.16200     631.06000    -631.06000
      -4.13200     632.02163    -632.02163
      -4.10100     632.99274    -632.99274
      -4.07100     633.73465    -633.73465
      -4.04000     634.30948    -634.30948
      -4.00900     634.84545    -634.84545
      -3.97900     635.36857    -635.36857
      -3.94800     635.89474    -635.89474
      -3.91800     636.46269    -636.46269
      -3.88700     637.06965    -637.06965
      -3.85600     637.67019    -637.67019
      -3.82600     638.21779    -638.21779
      -3.79500     638.65140    -638.65140
      -3.76500     638.93222    -638.93222
      -3.73400     639.12347    -639.12347
      -3.70300     639.40173    -639.40173
      -3.67300     639.97120    -639.97120
      -3.64200     640.83980    -640.83980
      -3.61200     641.80219    -641.80219
      -3.58100     642.79564    -642.79564
      -3.55000     643.95035    -643.95035
      -3.52000     645.29448    -645.29448
      -3.48900     646.77555    -646.77555
      -3.45900     648.34842    -648.34842
      -3.42800     649.83439    -649.83439
      -3.39700     651.03072    -651.03072
      -3.36700     651.94644    -651.94644
      -3.33600     652.67994    -652.67994
      -3.30600     653.29088    -653.29088
      -3.27500     653.88147    -653.88147
      -3.24400     654.53785    -654.53785
      -3.21400     655.19867    -655.19867
      -3.18300     655.75820    -655.75820
      -3.15300     656.24567    -656.24567
      -3.12200     656.78883    -656.78883
      -3.09100     657.42731    -657.42731
      -3.06100     658.01561    -658.01561
      -3.03000     658.40038    -658.40038
      -3.00000     658.62346    -658.62346
      -2.96900     658.84052    -658.84052
      -2.93800     659.16803    -659.16803
      -2.90800     659.62520    -659.62520
      -2.87700     660.11741    -660.11741
      -2.84700     660.54153    -660.54153
      -2.81600     660.96229    -660.96229
      -2.78500     661.57476    -661.57476
      -2.75500     662.47289    -662.47289
      -2.72400     663.56931    -663.56931
      -2.69400     664.72173    -664.72173
      -2.66300     665.83054    -665.83054
      -2.63200     666.84847    -666.84847
      -2.60200     667.74170    -667.74170
      -2.57100     668.48514    -668.48514
      -2.54100     669.10419    -669.10419
      -2.51000     669.61186    -669.61186
      -2.47900     670.03766    -670.03766
      -2.44900     670.57501    -670.57501
      -2.41800     671.38042    -671.38042
      -2.38800     672.28895    -672.28895
      -2.35700     673.01770    -673.01770
      -2.32600     673.48237    -673.48237
      -2.29600     673.75920    -673.75920
      -2.26500     673.91372    -673.91372
      -2.23500     673.97888    -673.97888
      -2.20400     673.99589    -673.99589
      -2.17300     673.99837    -673.99837
      -2.14300     673.99856    -673.99856
      -2.11200     673.99856    -673.99856
      -2.08200     673.99856    -673.99856
      -2.05100     673.99856    -673.99856
      -2.02000     673.99856    -673.99856
      -1.99000     673.99856    -673.99856
      -1.95900     673.99856    -673.99856
      -1.92900     673.99856    -673.99856
      -1.89800     673.99856    -673.99856
      -1.86700     673.99856    -673.99856
      -1.83700     673.99856    -673.99856
      -1.80600     673.99856    -673.99856
      -1.77600     673.99856    -673.99856
      -1.74500     673.99856    -673.99856
      -1.71400     673.99856    -673.99856
      -1.68400     673.99856    -673.99856
      -1.65300     673.99856    -673.99856
      -1.62300     673.99856    -673.99856
      -1.59200     673.99856    -673.99856
      -1.56100     673.99856    -673.99856
      -1.53100     673.99857    -673.99857
      -1.50000     673.99874    -673.99874
      -1.47000     674.00066    -674.00066
      -1.43900     674.01243    -674.01243
      -1.40800     674.05337    -674.05337
      -1.37800     674.14302    -674.14302
      -1.34700     674.28731    -674.28731
      -1.31700     674.49218    -674.49218
      -1.28600     674.78697    -674.78697
      -1.25500     675.20161    -675.20161
      -1.22500     675.68709    -675.68709
      -1.19400     676.13187    -676.13187
      -1.16400     676.49831    -676.49831
      -1.13300     676.85374    -676.85374
      -1.10200     677.25384    -677.25384
      -1.07200     677.68363    -677.68363
      -1.04100     678.15839    -678.15839
      -1.01100     678.77331    -678.77331
      -0.98000     679.61911    -679.61911
      -0.94900     680.70681    -680.70681
      -0.91900     681.93328    -681.93328
      -0.88800     683.14706    -683.14706
      -0.85700     684.29198    -684.29198
      -0.82700     685.42435    -685.42435
      -0.79600     686.56927    -686.56927
      -0.76600     687.67594    -687.67594
      -0.73500     688.71147    -688.71147
      -0.70400     689.69421    -689.69421
      -0.67400     690.61590    -690.61590
      -0.64300     691.39346    -691.39346
      -0.61300     692.01511    -692.01511
      -0.58200     692.61534    -692.61534
      -0.55100     693.23653    -693.23653
      -0.52100     693.73915    -693.73915
      -0.49000     694.12196    -694.12196
      -0.46000     694.66283    -694.66283
      -0.42900     695.57029    -695.57029
      -0.39800     696.66946    -696.66946
      -0.36800     697.61854    -697.61854
      -0.33700     698.33643    -698.33643
      -0.30700     699.03489    -699.03489
      -0.27600     699.93500    -699.93500
      -0.24500     701.03418    -701.03418
      -0.21500     702.09816    -702.09816
      -0.18400     702.90678    -702.90678
      -0.15400     703.47595    -703.47595
      -0.12300     704.00978    -704.00978
      -0.09200     704.72629    -704.72629
      -0.06200     705.75141    -705.75141
      -0.03100     707.04979    -707.04979
      -0.00100     708.37801    -708.37801
       0.03000     709.48606    -709.48606
       0.06100     710.35649    -710.35649
       0.09100     711.07607    -711.07607
       0.12200     711.68502    -711.68502
       0.15200     712.20523    -712.20523
       0.18300     712.66194    -712.66194
       0.21400     713.15201    -713.15201
       0.24400     713.81023    -713.81023
       0.27500     714.61946    -714.61946
       0.30500     715.43818    -715.43818
       0.33600     716.17214    -716.17214
       0.36700     716.80190    -716.80190
       0.39700     717.38438    -717.38438
       0.42800     717.98017    -717.98017
       0.45800     718.55332    -718.55332
       0.48900     719.04798    -719.04798
       0.52000     719.45068    -719.45068
       0.55000     719.77917    -719.77926
       0.58100     720.14636    -720.14685
       0.61100     720.79647    -720.79772
       0.64200     721.85662    -721.85834
       0.67300     723.09059    -723.09124
       0.70300     724.19742    -724.19607
       0.73400     725.08040    -725.07813
       0.76400     725.66441    -725.66291
       0.79500     725.92321    -725.92286
       0.82600     725.99549    -725.99555
       0.85600     726.05289    -726.05273
       0.88700     726.26286    -726.26200
       0.91700     726.86294    -726.86131
       0.94800     728.14954    -728.14776
       0.97900     730.24323    -730.24191
       1.00900     732.81108    -732.81052
       1.04000     735.43692    -735.43728
       1.07000     738.07408    -738.07505
       1.10100     740.69945    -740.70058
       1.13200     743.00582    -743.00679
       1.16200     744.71303    -744.71354
       1.19300     745.93644    -745.93634
       1.22300     747.06989    -747.06933
       1.25400     748.32681    -748.32625
       1.28500     749.58770    -749.58730
       1.31500     750.71778    -750.71707
       1.34600     751.74596    -751.74464
       1.37600     752.68311    -752.68148
       1.40700     753.46541    -753.46394
       1.43800     754.14184    -754.14052
       1.46800     754.94128    -754.94011
       1.49900     756.06279    -756.06193
       1.52900     757.44838    -757.44783
       1.56000     758.86993    -758.86938
       1.59100     760.22998    -760.22881
       1.62100     761.63087    -761.62925
       1.65200     763.17957    -763.17840
       1.68200     764.89106    -764.89050
       1.71300     766.80650    -766.80625
       1.74400     769.03102    -769.03092
       1.77400     771.51257    -771.51048
       1.80500     774.10062    -774.09363
       1.83500     776.79286    -776.78251
       1.86600     779.43032    -779.42104
       1.89700     781.58537    -781.57563
       1.92700     783.24469    -783.22072
       1.95800     785.06710    -785.01208
       1.98800     787.65790    -787.57335
       2.01900     790.88933    -790.79406
       2.05000     794.16818    -794.06373
       2.08000     797.15373    -797.01669
       2.11100     799.84872    -799.67389
       2.14100     802.28162    -802.09256
       2.17200     804.46788    -804.28479
       2.20300     806.46641    -806.30550
       2.23300     808.31682    -808.19065
       2.26400     810.06641    -809.96778
       2.29400     811.91989    -811.83457
       2.32500     814.12053    -814.03735
       2.35600     816.62366    -816.53100
       2.38600     819.19610    -819.09456
       2.41700     821.78338    -821.68628
       2.44700     824.50087    -824.40147
       2.47800     827.33280    -827.19806
       2.50900     830.06298    -829.88831
       2.53900     832.58983    -832.43106
       2.57000     835.12233    -835.01789
       2.60000     837.88373    -837.78617
       2.63100     840.82950    -840.68129
       2.66200     843.77067    -843.57855
       2.69200     846.52824    -846.34133
       2.72300     849.02464    -848.88087
       2.75300     851.38058    -851.26497
       2.78400     853.80093    -853.67262
       2.81500     856.32900    -856.18753
       2.84500     858.78317    -858.66036
       2.87600     861.02589    -860.91915
       2.90600     863.14146    -863.01192
       2.93700     865.23867    -865.05543
       2.96800     867.30574    -867.05610
       2.99800     869.33211    -869.03198
       3.02900     871.41188    -871.13317
       3.05900     873.61972    -873.45055
       3.09000     875.93985    -875.88957
       3.12100     878.38423    -878.38000
       3.15100     880.98298    -880.95978
       3.18200     883.69863    -883.64361
       3.21200     886.48849    -886.41204
       3.24300     889.30711    -889.22837
       3.27400     892.02949    -891.97768
       3.30400     894.55848    -894.55058
       3.33500     896.95420    -896.99327
       3.36500     899.34747    -899.42602
       3.39600     901.76660    -901.85448
       3.42700     904.11397    -904.17446
       3.45700     906.33573    -906.33930
       3.48800     908.50194    -908.44049
       3.51800     910.68055    -910.59952
       3.54900     912.88548    -912.84530
       3.58000     915.14334    -915.15411
       3.61000     917.49745    -917.53208
       3.64100     919.95559    -919.98197
       3.67100     922.46331    -922.45679
       3.70200     924.92972    -924.88892
       3.73300     927.29224    -927.23721
       3.76300     929.55026    -929.51344
       3.79400     931.74998    -931.74759
       3.82400     933.93991    -933.93125
       3.85500     936.11225    -936.03121
       3.88600     938.22828    -938.04060
       3.91600     940.29749    -940.01449
       3.94700     942.38721    -942.04239
       3.97700     944.53476    -944.15934
       4.00800     946.69042    -946.33045
       4.03900     948.78518    -948.50356
       4.06900     950.80895    -950.62311
       4.10000     952.81650    -952.67809
       4.13000     954.86644    -954.74348
       4.16100     956.98935    -956.90021
       4.19200     959.22580    -959.15379
       4.22200     961.58082    -961.45312
       4.25300     963.97654    -963.74877
       4.28300     966.34655    -966.00404
       4.31400     968.66761    -968.19504
       4.34500     970.91140    -970.34442
       4.37500     973.06629    -972.48631
       4.40600     975.13703    -974.60862
       4.43600     977.10603    -976.67936
       4.46700     978.95568    -978.66626
       4.49800     980.71766    -980.54819
       4.52800     982.46496    -982.34904
       4.55900     984.21914    -984.11898
       4.58900     985.92527    -985.87193
       4.62000     987.55430    -987.57195
       4.65100     989.12518    -989.19041
       4.68100     990.65429    -990.75012
       4.71200     992.15479    -992.28689
       4.74200     993.63678    -993.78907
       4.77300     995.08694    -995.22347
       4.80400     996.48125    -996.59591
       4.83400     997.81804    -997.92367
       4.86500     999.10633    -999.17921
       4.89500    1000.32346   -1000.33530
       4.92600    1001.44054   -1001.41107
       4.95700    1002.47545   -1002.43557
       4.98700    1003.46416   -1003.42841
       5.01800    1004.43144   -1004.39661
       5.04800    1005.39016   -1005.34079
       5.07900    1006.32011   -1006.27595
       5.11000    1007.18167   -1007.19810
       5.14000    1007.96229   -1008.06440
       5.17100    1008.69181   -1008.83921
       5.20100    1009.41613   -1009.52956
       5.23200    1010.15238   -1010.17630
       5.26300    1010.86981   -1010.80912
       5.29300    1011.53063   -1011.41884
       5.32400    1012.13453   -1011.98235
       5.35400    1012.68825   -1012.50317
       5.38500    1013.17923   -1013.00318
       5.41600    1013.60994   -1013.48484
       5.44600    1013.99856   -1013.93115
       5.47700    1014.35537   -1014.32819
       5.50700    1014.68386   -1014.67994
       5.53800    1014.98341   -1014.99891
       5.56900    1015.25660   -1015.28417
       5.59900    1015.50176   -1015.52524
       5.63000    1015.69425   -1015.71652
       5.66000    1015.81589   -1015.85615
       5.69100    1015.88205   -1015.94258
       5.72200    1015.91723   -1015.98235
       5.75200    1015.93804   -1015.99422
       5.78300    1015.95659   -1015.99628
       5.81300    1015.97640   -1015.99647
       5.84400    1015.99197   -1015.99648
       5.87500    1015.99953   -1015.99648
       5.90500    1016.00167   -1015.99648
       5.93600    1016.00200   -1015.99648
       5.96600    1016.00203   -1015.99648
       5.99700    1016.00203   -1015.99648
       6.02800    1016.00203   -1015.99648
       6.05800    1016.00203   -1015.99648
       6.08900    1016.00203   -1015.99648
       6.11900    1016.00203   -1015.99648
       6.15000    1016.00203   -1015.99648
       6.18100    1016.00203   -1015.99648
       6.21100    1016.00203   -1015.99648
       6.24200    1016.00203   -1015.99648
       6.27200    1016.00203   -1015.99648
       6.30300    1016.00203   -1015.99648
       6.33400    1016.00203   -1015.99648
       6.36400    1016.00203   -1015.99648
       6.39500    1016.00203   -1015.99648
       6.42500    1016.00203   -1015.99648
       6.45600    1016.00203   -1015.99648
       6.48700    1016.00203   -1015.99648
       6.51700    1016.00203   -1015.99648
       6.54800    1016.00203   -1015.99648
       6.57800    1016.00203   -1015.99648
       6.60900    1016.00203   -1015.99648
       6.64000    1016.00203   -1015.99648
       6.67000    1016.00203   -1015.99648
       6.70100    1016.00203   -1015.99648
       6.73100    1016.00203   -1015.99648
       6.76200    1016.00203   -1015.99648
       6.79300    1016.00203   -1015.99648
       6.82300    1016.00203   -1015.99648
       6.85400    1016.00203   -1015.99648
       6.88400    1016.00203   -1015.99648
       6.91500    1016.00203   -1015.99648
       6.94600    1016.00203   -1015.99648
       6.97600    1016.00203   -1015.99648
       7.00700    1016.00203   -1015.99648
       7.03700    1016.00203   -1015.99648
       7.06800    1016.00203   -1015.99648
       7.09900    1016.00203   -1015.99648
       7.12900    1016.00203   -1015.99648
       7.16000    1016.00203   -1015.99648
       7.19000    1016.00203   -1015.99648
