      #Energy        TDOS-UP        TDOS-DOWN
     -23.38000       0.00000       0.00000
     -23.34900       0.00000       0.00000
     -23.31800       0.00000       0.00000
     -23.28800       0.00000       0.00000
     -23.25700       0.00000       0.00000
     -23.22700       0.00000       0.00000
     -23.19600       0.00000       0.00000
     -23.16500       0.00000       0.00000
     -23.13500       0.00000       0.00000
     -23.10400       0.00000       0.00000
     -23.07400       0.00000       0.00000
     -23.04300       0.00000       0.00000
     -23.01200       0.00000       0.00000
     -22.98200       0.00000       0.00000
     -22.95100       0.00000       0.00000
     -22.92100       0.00000       0.00000
     -22.89000       0.00000       0.00000
     -22.85900       0.00000       0.00000
     -22.82900       0.00000       0.00000
     -22.79800       0.00000       0.00000
     -22.76800       0.00000       0.00000
     -22.73700       0.00000       0.00000
     -22.70600       0.00000       0.00000
     -22.67600       0.00000       0.00000
     -22.64500       0.00000       0.00000
     -22.61500       0.00000       0.00000
     -22.58400       0.00000       0.00000
     -22.55300       0.00000       0.00000
     -22.52300       0.00000       0.00000
     -22.49200       0.00000       0.00000
     -22.46200       0.00000       0.00000
     -22.43100       0.00000       0.00000
     -22.40000       0.00000       0.00000
     -22.37000       0.00000       0.00000
     -22.33900       0.00000       0.00000
     -22.30900       0.00000       0.00000
     -22.27800       0.00000      -0.00000
     -22.24700       0.00000      -0.00000
     -22.21700       0.00000      -0.00000
     -22.18600       0.00000      -0.00000
     -22.15600       0.00009      -0.00009
     -22.12500       0.00434      -0.00434
     -22.09400       0.09918      -0.09918
     -22.06400       1.10700      -1.10700
     -22.03300       6.06300      -6.06300
     -22.00300      16.36000     -16.36000
     -21.97200      21.82000     -21.82000
     -21.94100      14.40000     -14.40000
     -21.91100       4.69300      -4.69300
     -21.88000       0.75330      -0.75330
     -21.85000       0.05926      -0.05926
     -21.81900       0.00227      -0.00227
     -21.78800       0.00004      -0.00004
     -21.75800       0.00000      -0.00000
     -21.72700       0.00000      -0.00000
     -21.69700       0.00000      -0.00000
     -21.66600       0.00000       0.00000
     -21.63500       0.00000       0.00000
     -21.60500       0.00000       0.00000
     -21.57400       0.00000       0.00000
     -21.54300       0.00000       0.00000
     -21.51300       0.00000      -0.00000
     -21.48200       0.00000      -0.00000
     -21.45200       0.00000      -0.00000
     -21.42100       0.00000      -0.00000
     -21.39000       0.00016      -0.00016
     -21.36000       0.00615      -0.00615
     -21.32900       0.12320      -0.12320
     -21.29900       1.29600      -1.29600
     -21.26800       7.47500      -7.47500
     -21.23700      24.92000     -24.92000
     -21.20700      50.95000     -50.95000
     -21.17600      68.22000     -68.22000
     -21.14600      64.66000     -64.66000
     -21.11500      50.98000     -50.98000
     -21.08400      43.40000     -43.40000
     -21.05400      39.61000     -39.61000
     -21.02300      32.14000     -32.14000
     -20.99300      25.64000     -25.64000
     -20.96200      27.00000     -27.00000
     -20.93100      32.92000     -32.92000
     -20.90100      32.29000     -32.29000
     -20.87000      26.29000     -26.29000
     -20.84000      26.84000     -26.84000
     -20.80900      28.91000     -28.91000
     -20.77800      24.31000     -24.31000
     -20.74800      22.23000     -22.23000
     -20.71700      30.06000     -30.06000
     -20.68700      39.13000     -39.13000
     -20.65600      37.18000     -37.18000
     -20.62500      25.84000     -25.84000
     -20.59500      14.16000     -14.16000
     -20.56400       5.86900      -5.86900
     -20.53400       1.65600      -1.65600
     -20.50300       1.35100      -1.35100
     -20.47200       7.94600      -7.94600
     -20.44200      29.55000     -29.55000
     -20.41100      59.77000     -59.77000
     -20.38100      70.12000     -70.12000
     -20.35000      52.83000     -52.83000
     -20.31900      29.86000     -29.86000
     -20.28900      18.10000     -18.10000
     -20.25800      20.38000     -20.38000
     -20.22800      31.48000     -31.48000
     -20.19700      40.08000     -40.08000
     -20.16600      34.52000     -34.52000
     -20.13600      21.51000     -21.51000
     -20.10500      16.82000     -16.82000
     -20.07500      21.59000     -21.59000
     -20.04400      30.68000     -30.68000
     -20.01300      36.98000     -36.98000
     -19.98300      32.08000     -32.08000
     -19.95200      20.12000     -20.12000
     -19.92200      10.50000     -10.50000
     -19.89100       8.50000      -8.50000
     -19.86000      12.98000     -12.98000
     -19.83000      15.99000     -15.99000
     -19.79900      14.05000     -14.05000
     -19.76900       9.68600      -9.68600
     -19.73800       4.71400      -4.71400
     -19.70700       1.35500      -1.35500
     -19.67700       0.20810      -0.20810
     -19.64600       0.01634      -0.01634
     -19.61600       0.00066      -0.00066
     -19.58500       0.00072      -0.00072
     -19.55400       0.01718      -0.01718
     -19.52400       0.20940      -0.20940
     -19.49300       1.29900      -1.29900
     -19.46300       4.22400      -4.22400
     -19.43200       7.65200      -7.65200
     -19.40100       8.90700      -8.90700
     -19.37100       9.57300      -9.57300
     -19.34000      14.04000     -14.04000
     -19.31000      20.91000     -20.91000
     -19.27900      22.44000     -22.44000
     -19.24800      18.30000     -18.30000
     -19.21800      13.30000     -13.30000
     -19.18700       8.92900      -8.92900
     -19.15700      11.82000     -11.82000
     -19.12600      26.73000     -26.73000
     -19.09500      38.66000     -38.66000
     -19.06500      31.83000     -31.83000
     -19.03400      16.11000     -16.11000
     -19.00400       5.30000      -5.30000
     -18.97300       1.28300      -1.28300
     -18.94200       1.90500      -1.90500
     -18.91200       8.23900      -8.23900
     -18.88100      21.29000     -21.29000
     -18.85100      33.22000     -33.22000
     -18.82000      37.03000     -37.03000
     -18.78900      38.40000     -38.40000
     -18.75900      43.10000     -43.10000
     -18.72800      42.56000     -42.56000
     -18.69800      32.05000     -32.05000
     -18.66700      30.39000     -30.39000
     -18.63600      40.46000     -40.46000
     -18.60600      37.61000     -37.61000
     -18.57500      20.44000     -20.44000
     -18.54500      11.40000     -11.40000
     -18.51400      19.07000     -19.07000
     -18.48300      32.53000     -32.53000
     -18.45300      38.20000     -38.20000
     -18.42200      33.32000     -33.32000
     -18.39200      23.83000     -23.83000
     -18.36100      20.74000     -20.74000
     -18.33000      26.45000     -26.45000
     -18.30000      31.55000     -31.55000
     -18.26900      32.39000     -32.39000
     -18.23900      30.36000     -30.36000
     -18.20800      23.44000     -23.44000
     -18.17700      17.84000     -17.84000
     -18.14700      20.37000     -20.37000
     -18.11600      23.82000     -23.82000
     -18.08600      22.84000     -22.84000
     -18.05500      26.03000     -26.03000
     -18.02400      35.49000     -35.49000
     -17.99400      37.94000     -37.94000
     -17.96300      27.74000     -27.74000
     -17.93300      16.24000     -16.24000
     -17.90200      12.55000     -12.55000
     -17.87100      18.18000     -18.18000
     -17.84100      32.21000     -32.21000
     -17.81000      52.54000     -52.54000
     -17.78000      65.12000     -65.12000
     -17.74900      56.60000     -56.60000
     -17.71800      44.16000     -44.16000
     -17.68800      42.02000     -42.02000
     -17.65700      43.15000     -43.15000
     -17.62700      40.85000     -40.85000
     -17.59600      37.72000     -37.72000
     -17.56500      38.39000     -38.39000
     -17.53500      39.85000     -39.85000
     -17.50400      41.70000     -41.70000
     -17.47400      45.96000     -45.96000
     -17.44300      45.98000     -45.98000
     -17.41200      37.50000     -37.50000
     -17.38200      27.32000     -27.32000
     -17.35100      20.67000     -20.67000
     -17.32100      14.74000     -14.74000
     -17.29000      11.74000     -11.74000
     -17.25900      16.24000     -16.24000
     -17.22900      25.66000     -25.66000
     -17.19800      35.86000     -35.86000
     -17.16800      44.02000     -44.02000
     -17.13700      46.21000     -46.21000
     -17.10600      45.70000     -45.70000
     -17.07600      49.29000     -49.29000
     -17.04500      51.35000     -51.35000
     -17.01500      43.19000     -43.19000
     -16.98400      26.06000     -26.06000
     -16.95300      11.56000     -11.56000
     -16.92300       7.85200      -7.85200
     -16.89200      12.45000     -12.45000
     -16.86200      19.82000     -19.82000
     -16.83100      27.45000     -27.45000
     -16.80000      34.87000     -34.87000
     -16.77000      39.97000     -39.97000
     -16.73900      43.31000     -43.31000
     -16.70900      45.46000     -45.46000
     -16.67800      46.26000     -46.26000
     -16.64700      42.71000     -42.71000
     -16.61700      34.31000     -34.31000
     -16.58600      26.44000     -26.44000
     -16.55600      19.41000     -19.41000
     -16.52500      11.72000     -11.72000
     -16.49400       6.14500      -6.14500
     -16.46400       4.20300      -4.20300
     -16.43300       4.36000      -4.36000
     -16.40300       4.87100      -4.87100
     -16.37200       4.54000      -4.54000
     -16.34100       3.60300      -3.60300
     -16.31100       3.00400      -3.00400
     -16.28000       2.28500      -2.28500
     -16.25000       1.13000      -1.13000
     -16.21900       0.30740      -0.30740
     -16.18800       0.04339      -0.04339
     -16.15800       0.00309      -0.00309
     -16.12700       0.00011      -0.00011
     -16.09700       0.00001      -0.00001
     -16.06600       0.00080      -0.00080
     -16.03500       0.02553      -0.02553
     -16.00500       0.40070      -0.40070
     -15.97400       3.15300      -3.15300
     -15.94400      12.79000     -12.79000
     -15.91300      28.51000     -28.51000
     -15.88200      39.83000     -39.83000
     -15.85200      42.32000     -42.32000
     -15.82100      39.33000     -39.33000
     -15.79100      35.65000     -35.65000
     -15.76000      33.31000     -33.31000
     -15.72900      29.98000     -29.98000
     -15.69900      26.08000     -26.08000
     -15.66800      20.27000     -20.27000
     -15.63800      16.59000     -16.59000
     -15.60700      25.28000     -25.28000
     -15.57600      41.50000     -41.50000
     -15.54600      50.06000     -50.06000
     -15.51500      48.56000     -48.56000
     -15.48500      43.08000     -43.08000
     -15.45400      35.62000     -35.62000
     -15.42300      25.05000     -25.05000
     -15.39300      15.21000     -15.21000
     -15.36200      12.61000     -12.61000
     -15.33200      18.27000     -18.27000
     -15.30100      25.25000     -25.25000
     -15.27000      27.89000     -27.89000
     -15.24000      30.01000     -30.01000
     -15.20900      30.64000     -30.64000
     -15.17900      28.92000     -28.92000
     -15.14800      33.07000     -33.07000
     -15.11700      40.71000     -40.71000
     -15.08700      39.51000     -39.51000
     -15.05600      27.71000     -27.71000
     -15.02600      16.88000     -16.88000
     -14.99500      17.33000     -17.33000
     -14.96400      29.17000     -29.17000
     -14.93400      39.42000     -39.42000
     -14.90300      35.79000     -35.79000
     -14.87300      23.75000     -23.75000
     -14.84200      16.25000     -16.25000
     -14.81100      21.35000     -21.35000
     -14.78100      37.64000     -37.64000
     -14.75000      47.36000     -47.36000
     -14.72000      40.29000     -40.29000
     -14.68900      29.49000     -29.49000
     -14.65800      26.20000     -26.20000
     -14.62800      29.56000     -29.56000
     -14.59700      29.86000     -29.86000
     -14.56700      22.79000     -22.79000
     -14.53600      14.11000     -14.11000
     -14.50500       8.23400      -8.23400
     -14.47500       5.83500      -5.83500
     -14.44400       7.37100      -7.37100
     -14.41400      13.26000     -13.26000
     -14.38300      19.26000     -19.26000
     -14.35200      17.86000     -17.86000
     -14.32200      11.21000     -11.21000
     -14.29100       7.63400      -7.63400
     -14.26100       9.06400      -9.06400
     -14.23000      15.81000     -15.81000
     -14.19900      26.84000     -26.84000
     -14.16900      33.28000     -33.28000
     -14.13800      33.01000     -33.01000
     -14.10800      31.32000     -31.32000
     -14.07700      26.92000     -26.92000
     -14.04600      22.51000     -22.51000
     -14.01600      24.48000     -24.48000
     -13.98500      27.02000     -27.02000
     -13.95500      23.40000     -23.40000
     -13.92400      19.91000     -19.91000
     -13.89300      22.68000     -22.68000
     -13.86300      29.27000     -29.27000
     -13.83200      33.93000     -33.93000
     -13.80200      34.02000     -34.02000
     -13.77100      31.26000     -31.26000
     -13.74000      28.24000     -28.24000
     -13.71000      25.90000     -25.90000
     -13.67900      25.86000     -25.86000
     -13.64900      28.92000     -28.92000
     -13.61800      28.87000     -28.87000
     -13.58700      27.06000     -27.06000
     -13.55700      30.83000     -30.83000
     -13.52600      36.18000     -36.18000
     -13.49600      40.90000     -40.90000
     -13.46500      45.39000     -45.39000
     -13.43400      49.29000     -49.29000
     -13.40400      49.10000     -49.10000
     -13.37300      42.09000     -42.09000
     -13.34300      36.85000     -36.85000
     -13.31200      36.87000     -36.87000
     -13.28100      33.93000     -33.93000
     -13.25100      24.42000     -24.42000
     -13.22000      13.70000     -13.70000
     -13.19000       7.67100      -7.67100
     -13.15900       8.93900      -8.93900
     -13.12800      19.28000     -19.28000
     -13.09800      34.12000     -34.12000
     -13.06700      36.22000     -36.22000
     -13.03700      25.07000     -25.07000
     -13.00600      21.08000     -21.08000
     -12.97500      27.43000     -27.43000
     -12.94500      30.16000     -30.16000
     -12.91400      27.99000     -27.99000
     -12.88400      29.74000     -29.74000
     -12.85300      30.94000     -30.94000
     -12.82200      21.95000     -21.95000
     -12.79200       8.95000      -8.95000
     -12.76100       3.09400      -3.09400
     -12.73100       7.00000      -7.00000
     -12.70000      20.93000     -20.93000
     -12.66900      38.62000     -38.62000
     -12.63900      48.43000     -48.43000
     -12.60800      46.53000     -46.53000
     -12.57800      37.62000     -37.62000
     -12.54700      31.00000     -31.00000
     -12.51600      31.16000     -31.16000
     -12.48600      32.78000     -32.78000
     -12.45500      38.50000     -38.50000
     -12.42500      52.80000     -52.80000
     -12.39400      60.47000     -60.47000
     -12.36300      51.13000     -51.13000
     -12.33300      38.72000     -38.72000
     -12.30200      34.42000     -34.42000
     -12.27200      35.76000     -35.76000
     -12.24100      37.88000     -37.88000
     -12.21000      35.96000     -35.96000
     -12.18000      31.80000     -31.80000
     -12.14900      29.36000     -29.36000
     -12.11900      29.69000     -29.69000
     -12.08800      32.59000     -32.59000
     -12.05700      37.99000     -37.99000
     -12.02700      43.33000     -43.33000
     -11.99600      44.80000     -44.80000
     -11.96600      42.84000     -42.84000
     -11.93500      40.26000     -40.26000
     -11.90400      35.47000     -35.47000
     -11.87400      27.83000     -27.83000
     -11.84300      19.74000     -19.74000
     -11.81300      11.64000     -11.64000
     -11.78200       5.86200      -5.86200
     -11.75100       4.04600      -4.04600
     -11.72100       6.37400      -6.37400
     -11.69000      13.87000     -13.87000
     -11.66000      22.97000     -22.97000
     -11.62900      27.28000     -27.28000
     -11.59800      25.98000     -25.98000
     -11.56800      21.31000     -21.31000
     -11.53700      17.21000     -17.21000
     -11.50700      17.78000     -17.78000
     -11.47600      22.75000     -22.75000
     -11.44500      28.34000     -28.34000
     -11.41500      30.07000     -30.07000
     -11.38400      30.13000     -30.13000
     -11.35400      38.06000     -38.06000
     -11.32300      51.77000     -51.77000
     -11.29200      60.27000     -60.27000
     -11.26200      57.57000     -57.57000
     -11.23100      47.67000     -47.67000
     -11.20000      40.00000     -40.00000
     -11.17000      35.68000     -35.68000
     -11.13900      31.87000     -31.87000
     -11.10900      28.84000     -28.84000
     -11.07800      28.30000     -28.30000
     -11.04700      31.37000     -31.37000
     -11.01700      35.29000     -35.29000
     -10.98600      38.86000     -38.86000
     -10.95600      42.51000     -42.51000
     -10.92500      42.08000     -42.08000
     -10.89400      38.11000     -38.11000
     -10.86400      38.13000     -38.13000
     -10.83300      41.40000     -41.40000
     -10.80300      46.65000     -46.65000
     -10.77200      59.83000     -59.83000
     -10.74100      77.66000     -77.66000
     -10.71100      89.45000     -89.45000
     -10.68000      86.29000     -86.29000
     -10.65000      69.10000     -69.10000
     -10.61900      51.94000     -51.94000
     -10.58800      44.96000     -44.96000
     -10.55800      44.54000     -44.54000
     -10.52700      41.81000     -41.81000
     -10.49700      33.03000     -33.03000
     -10.46600      25.77000     -25.77000
     -10.43500      27.14000     -27.14000
     -10.40500      32.47000     -32.47000
     -10.37400      36.13000     -36.13000
     -10.34400      43.23000     -43.23000
     -10.31300      52.78000     -52.78000
     -10.28200      51.22000     -51.22000
     -10.25200      35.63000     -35.63000
     -10.22100      26.28000     -26.28000
     -10.19100      36.31000     -36.31000
     -10.16000      42.79000     -42.79000
     -10.12900      28.58000     -28.58000
     -10.09900      15.51000     -15.51000
     -10.06800      18.74000     -18.74000
     -10.03800      24.83000     -24.83000
     -10.00700      24.02000     -24.02000
      -9.97600      26.70000     -26.70000
      -9.94600      37.92000     -37.92000
      -9.91500      46.69000     -46.69000
      -9.88500      48.47000     -48.47000
      -9.85400      54.33000     -54.33000
      -9.82300      64.31000     -64.31000
      -9.79300      58.53000     -58.53000
      -9.76200      33.91000     -33.91000
      -9.73200      13.44000     -13.44000
      -9.70100      10.03000     -10.03000
      -9.67000      17.38000     -17.38000
      -9.64000      25.75000     -25.75000
      -9.60900      31.31000     -31.31000
      -9.57900      38.15000     -38.15000
      -9.54800      44.42000     -44.42000
      -9.51700      41.77000     -41.77000
      -9.48700      33.33000     -33.33000
      -9.45600      30.32000     -30.32000
      -9.42600      34.33000     -34.33000
      -9.39500      38.33000     -38.33000
      -9.36400      43.72000     -43.72000
      -9.33400      53.41000     -53.41000
      -9.30300      67.80000     -67.80000
      -9.27300      85.23000     -85.23000
      -9.24200      94.03000     -94.03000
      -9.21100      96.92000     -96.92000
      -9.18100      97.83000     -97.83000
      -9.15000      95.70000     -95.70000
      -9.12000      99.19000     -99.19000
      -9.08900     105.20000    -105.20000
      -9.05800      99.10000     -99.10000
      -9.02800      83.03000     -83.03000
      -8.99700      64.09000     -64.09000
      -8.96700      47.89000     -47.89000
      -8.93600      45.94000     -45.94000
      -8.90500      57.56000     -57.56000
      -8.87500      68.68000     -68.68000
      -8.84400      71.77000     -71.77000
      -8.81400      72.00000     -72.00000
      -8.78300      68.87000     -68.87000
      -8.75200      61.31000     -61.31000
      -8.72200      68.55000     -68.55000
      -8.69100      96.44000     -96.44000
      -8.66100     116.40000    -116.40000
      -8.63000     112.70000    -112.70000
      -8.59900      98.34000     -98.34000
      -8.56900      92.27000     -92.27000
      -8.53800      97.92000     -97.92000
      -8.50800      93.87000     -93.87000
      -8.47700      72.34000     -72.34000
      -8.44600      54.88000     -54.88000
      -8.41600      54.79000     -54.79000
      -8.38500      63.03000     -63.03000
      -8.35500      73.22000     -73.22000
      -8.32400      85.61000     -85.61000
      -8.29300      89.74000     -89.74000
      -8.26300      78.99000     -78.99000
      -8.23200      65.60000     -65.60000
      -8.20200      65.46000     -65.46000
      -8.17100      73.54000     -73.54000
      -8.14000      84.15000     -84.15000
      -8.11000     111.30000    -111.30000
      -8.07900     132.40000    -132.40000
      -8.04900     112.10000    -112.10000
      -8.01800      72.19000     -72.19000
      -7.98700      47.60000     -47.60000
      -7.95700      54.72000     -54.72000
      -7.92600     103.70000    -103.70000
      -7.89600     153.50000    -153.50000
      -7.86500     138.60000    -138.60000
      -7.83400      80.40000     -80.40000
      -7.80400      45.95000     -45.95000
      -7.77300      44.96000     -44.96000
      -7.74300      47.36000     -47.36000
      -7.71200      43.50000     -43.50000
      -7.68100      40.50000     -40.50000
      -7.65100      39.20000     -39.20000
      -7.62000      44.51000     -44.51000
      -7.59000      59.16000     -59.16000
      -7.55900      68.84000     -68.84000
      -7.52800      58.29000     -58.29000
      -7.49800      37.01000     -37.01000
      -7.46700      26.37000     -26.37000
      -7.43700      30.18000     -30.18000
      -7.40600      40.42000     -40.42000
      -7.37500      46.73000     -46.73000
      -7.34500      47.01000     -47.01000
      -7.31400      45.19000     -45.19000
      -7.28400      44.04000     -44.04000
      -7.25300      46.10000     -46.10000
      -7.22200      49.01000     -49.01000
      -7.19200      48.74000     -48.74000
      -7.16100      44.44000     -44.44000
      -7.13100      39.06000     -39.06000
      -7.10000      37.46000     -37.46000
      -7.06900      37.66000     -37.66000
      -7.03900      39.25000     -39.25000
      -7.00800      43.07000     -43.07000
      -6.97800      44.41000     -44.41000
      -6.94700      49.67000     -49.67000
      -6.91600      60.70000     -60.70000
      -6.88600      59.90000     -59.90000
      -6.85500      46.46000     -46.46000
      -6.82500      39.05000     -39.05000
      -6.79400      43.77000     -43.77000
      -6.76300      51.04000     -51.04000
      -6.73300      51.28000     -51.28000
      -6.70200      55.11000     -55.11000
      -6.67200      78.00000     -78.00000
      -6.64100     111.40000    -111.40000
      -6.61000     136.00000    -136.00000
      -6.58000     140.30000    -140.30000
      -6.54900     126.20000    -126.20000
      -6.51900     107.90000    -107.90000
      -6.48800      95.46000     -95.46000
      -6.45700      89.29000     -89.29000
      -6.42700      88.99000     -88.99000
      -6.39600      87.23000     -87.23000
      -6.36600      90.38000     -90.38000
      -6.33500     118.20000    -118.20000
      -6.30400     140.50000    -140.50000
      -6.27400     111.60000    -111.60000
      -6.24300      62.46000     -62.46000
      -6.21300      39.22000     -39.22000
      -6.18200      34.48000     -34.48000
      -6.15100      31.16000     -31.16000
      -6.12100      29.22000     -29.22000
      -6.09000      33.27000     -33.27000
      -6.06000      37.17000     -37.17000
      -6.02900      31.87000     -31.87000
      -5.99800      22.74000     -22.74000
      -5.96800      22.08000     -22.08000
      -5.93700      30.73000     -30.73000
      -5.90700      37.83000     -37.83000
      -5.87600      38.88000     -38.88000
      -5.84500      47.19000     -47.19000
      -5.81500      63.87000     -63.87000
      -5.78400      62.34000     -62.34000
      -5.75400      38.48000     -38.48000
      -5.72300      19.60000     -19.60000
      -5.69200      17.41000     -17.41000
      -5.66200      23.17000     -23.17000
      -5.63100      30.46000     -30.46000
      -5.60100      37.25000     -37.25000
      -5.57000      37.29000     -37.29000
      -5.53900      31.89000     -31.89000
      -5.50900      30.72000     -30.72000
      -5.47800      33.49000     -33.49000
      -5.44800      34.25000     -34.25000
      -5.41700      33.39000     -33.39000
      -5.38600      33.91000     -33.91000
      -5.35600      36.75000     -36.75000
      -5.32500      39.13000     -39.13000
      -5.29500      35.09000     -35.09000
      -5.26400      25.24000     -25.24000
      -5.23300      17.97000     -17.97000
      -5.20300      16.99000     -16.99000
      -5.17200      18.40000     -18.40000
      -5.14200      18.67000     -18.67000
      -5.11100      18.10000     -18.10000
      -5.08000      19.88000     -19.88000
      -5.05000      24.80000     -24.80000
      -5.01900      29.46000     -29.46000
      -4.98900      33.28000     -33.28000
      -4.95800      37.42000     -37.42000
      -4.92700      37.54000     -37.54000
      -4.89700      30.93000     -30.93000
      -4.86600      24.76000     -24.76000
      -4.83600      24.63000     -24.63000
      -4.80500      23.67000     -23.67000
      -4.77400      17.16000     -17.16000
      -4.74400      11.69000     -11.69000
      -4.71300      13.62000     -13.62000
      -4.68300      22.67000     -22.67000
      -4.65200      31.10000     -31.10000
      -4.62100      32.97000     -32.97000
      -4.59100      30.82000     -30.82000
      -4.56000      27.44000     -27.44000
      -4.53000      23.94000     -23.94000
      -4.49900      20.95000     -20.95000
      -4.46800      17.15000     -17.15000
      -4.43800      12.49000     -12.49000
      -4.40700      10.77000     -10.77000
      -4.37700      15.95000     -15.95000
      -4.34600      28.90000     -28.90000
      -4.31500      40.19000     -40.19000
      -4.28500      34.62000     -34.62000
      -4.25400      17.57000     -17.57000
      -4.22400       9.11700      -9.11700
      -4.19300      14.95000     -14.95000
      -4.16200      27.95000     -27.95000
      -4.13200      34.90000     -34.90000
      -4.10100      28.57000     -28.57000
      -4.07100      19.92000     -19.92000
      -4.04000      17.65000     -17.65000
      -4.00900      17.38000     -17.38000
      -3.97900      16.81000     -16.81000
      -3.94800      17.58000     -17.58000
      -3.91800      19.54000     -19.54000
      -3.88700      20.13000     -20.13000
      -3.85600      19.12000     -19.12000
      -3.82600      16.67000     -16.67000
      -3.79500      11.67000     -11.67000
      -3.76500       6.68400      -6.68400
      -3.73400       5.81600      -5.81600
      -3.70300      12.37000     -12.37000
      -3.67300      24.85000     -24.85000
      -3.64200      31.92000     -31.92000
      -3.61200      30.98000     -30.98000
      -3.58100      33.95000     -33.95000
      -3.55000      41.52000     -41.52000
      -3.52000      46.33000     -46.33000
      -3.48900      50.47000     -50.47000
      -3.45900      52.33000     -52.33000
      -3.42800      44.79000     -44.79000
      -3.39700      33.40000     -33.40000
      -3.36700      26.45000     -26.45000
      -3.33600      21.49000     -21.49000
      -3.30600      18.44000     -18.44000
      -3.27500      20.16000     -20.16000
      -3.24400      22.74000     -22.74000
      -3.21400      20.45000     -20.45000
      -3.18300      16.12000     -16.12000
      -3.15300      15.74000     -15.74000
      -3.12200      19.76000     -19.76000
      -3.09100      21.97000     -21.97000
      -3.06100      16.48000     -16.48000
      -3.03000       8.66800      -8.66800
      -3.00000       5.91200      -5.91200
      -2.96900       8.27500      -8.27500
      -2.93800      13.13000     -13.13000
      -2.90800      16.75000     -16.75000
      -2.87700      15.42000     -15.42000
      -2.84700      12.30000     -12.30000
      -2.81600      15.20000     -15.20000
      -2.78500      24.83000     -24.83000
      -2.75500      33.87000     -33.87000
      -2.72400      37.79000     -37.79000
      -2.69400      37.53000     -37.53000
      -2.66300      34.94000     -34.94000
      -2.63200      31.59000     -31.59000
      -2.60200      26.79000     -26.79000
      -2.57100      21.80000     -21.80000
      -2.54100      18.66000     -18.66000
      -2.51000      14.52000     -14.52000
      -2.47900      13.31000     -13.31000
      -2.44900      21.81000     -21.81000
      -2.41800      30.83000     -30.83000
      -2.38800      28.55000     -28.55000
      -2.35700      19.08000     -19.08000
      -2.32600      11.29000     -11.29000
      -2.29600       6.80300      -6.80300
      -2.26500       3.29600      -3.29600
      -2.23500       0.96260      -0.96260
      -2.20400       0.14970      -0.14970
      -2.17300       0.01185      -0.01185
      -2.14300       0.00047      -0.00047
      -2.11200       0.00001      -0.00001
      -2.08200       0.00000      -0.00000
      -2.05100       0.00000      -0.00000
      -2.02000       0.00000      -0.00000
      -1.99000       0.00000      -0.00000
      -1.95900       0.00000       0.00000
      -1.92900       0.00000       0.00000
      -1.89800       0.00000       0.00000
      -1.86700       0.00000       0.00000
      -1.83700       0.00000       0.00000
      -1.80600       0.00000       0.00000
      -1.77600       0.00000       0.00000
      -1.74500       0.00000       0.00000
      -1.71400       0.00000       0.00000
      -1.68400       0.00000      -0.00000
      -1.65300       0.00000      -0.00000
      -1.62300       0.00000      -0.00000
      -1.59200       0.00000      -0.00000
      -1.56100       0.00001      -0.00001
      -1.53100       0.00047      -0.00047
      -1.50000       0.01041      -0.01041
      -1.47000       0.11510      -0.11510
      -1.43900       0.65460      -0.65460
      -1.40800       2.02100      -2.02100
      -1.37800       3.83800      -3.83800
      -1.34700       5.59300      -5.59300
      -1.31700       7.79700      -7.79700
      -1.28600      11.47000     -11.47000
      -1.25500      15.63000     -15.63000
      -1.22500      16.10000     -16.10000
      -1.19400      12.97000     -12.97000
      -1.16400      10.98000     -10.98000
      -1.13300      12.25000     -12.25000
      -1.10200      13.90000     -13.90000
      -1.07200      14.19000     -14.19000
      -1.04100      16.84000     -16.84000
      -1.01100      23.35000     -23.35000
      -0.98000      31.93000     -31.93000
      -0.94900      39.16000     -39.16000
      -0.91900      41.00000     -41.00000
      -0.88800      38.33000     -38.33000
      -0.85700      36.50000     -36.50000
      -0.82700      37.51000     -37.51000
      -0.79600      37.32000     -37.32000
      -0.76600      35.01000     -35.01000
      -0.73500      32.67000     -32.67000
      -0.70400      31.56000     -31.56000
      -0.67400      28.68000     -28.68000
      -0.64300      22.14000     -22.14000
      -0.61300      18.49000     -18.49000
      -0.58200      20.74000     -20.74000
      -0.55100      19.86000     -19.86000
      -0.52100      12.99000     -12.99000
      -0.49000      12.03000     -12.03000
      -0.46000      23.32000     -23.32000
      -0.42900      35.99000     -35.99000
      -0.39800      35.85000     -35.85000
      -0.36800      26.18000     -26.18000
      -0.33700      20.74000     -20.74000
      -0.30700      24.91000     -24.91000
      -0.27600      33.92000     -33.92000
      -0.24500      37.92000     -37.92000
      -0.21500      31.62000     -31.62000
      -0.18400      21.23000     -21.23000
      -0.15400      15.97000     -15.97000
      -0.12300      18.92000     -18.92000
      -0.09200      27.91000     -27.91000
      -0.06200      39.09000     -39.09000
      -0.03100      45.77000     -45.77000
      -0.00100      41.04000     -41.04000
       0.03000      31.38000     -31.38000
       0.06100      25.51000     -25.51000
       0.09100      21.52000     -21.52000
       0.12200      18.28000     -18.28000
       0.15200      15.72000     -15.72000
       0.18300      14.13000     -14.13000
       0.21400      17.90000     -17.90000
       0.24400      25.12000     -25.12000
       0.27500      27.77000     -27.77000
       0.30500      25.74000     -25.74000
       0.33600      22.23000     -22.23000
       0.36700      18.93000     -18.93000
       0.39700      19.14000     -19.14000
       0.42800      19.80000     -19.80000
       0.45800      17.66000     -17.66000
       0.48900      14.67000     -14.67000
       0.52000      11.65000     -11.65000
       0.55000       9.81900      -9.82500
       0.58100      14.18000     -14.20000
       0.61100      28.31000     -28.34000
       0.64200      40.98000     -40.98000
       0.67300      39.67000     -39.60000
       0.70300      32.67000     -32.61000
       0.73400      25.04000     -25.04000
       0.76400      13.13000     -13.18000
       0.79500       3.78500      -3.81000
       0.82600       0.93880      -0.94060
       0.85600       2.81300      -2.79700
       0.88700      10.91000     -10.88000
       0.91700      28.31000     -28.29000
       0.94800      55.78000     -55.79000
       0.97900      81.06000     -81.08000
       1.00900      86.77000     -86.80000
       1.04000      84.85000     -84.88000
       1.07000      87.51000     -87.52000
       1.10100      84.08000     -84.08000
       1.13200      66.66000     -66.65000
       1.16200      44.92000     -44.90000
       1.19300      35.04000     -35.02000
       1.22300      39.04000     -39.03000
       1.25400      43.11000     -43.12000
       1.28500      39.30000     -39.30000
       1.31500      34.56000     -34.54000
       1.34600      32.64000     -32.62000
       1.37600      28.61000     -28.61000
       1.40700      22.52000     -22.53000
       1.43800      21.69000     -21.69000
       1.46800      30.56000     -30.57000
       1.49900      42.74000     -42.75000
       1.52900      47.82000     -47.83000
       1.56000      45.09000     -45.08000
       1.59100      43.80000     -43.77000
       1.62100      47.76000     -47.76000
       1.65200      53.46000     -53.49000
       1.68200      58.40000     -58.41000
       1.71300      66.79000     -66.80000
       1.74400      78.60000     -78.60000
       1.77400      83.59000     -83.46000
       1.80500      85.56000     -85.37000
       1.83500      90.40000     -90.37000
       1.86600      81.98000     -82.08000
       1.89700      58.87000     -58.74000
       1.92700      49.58000     -48.78000
       1.95800      69.53000     -68.30000
       1.98800      99.80000     -99.10000
       2.01900     111.40000    -111.40000
       2.05000     102.90000    -102.30000
       2.08000      92.23000     -90.70000
       2.11100      83.91000     -82.97000
       2.14100      75.10000     -75.11000
       2.17200      67.79000     -68.17000
       2.20300      62.83000     -63.90000
       2.23300      58.11000     -59.31000
       2.26400      56.24000     -56.84000
       2.29400      64.90000     -65.17000
       2.32500      78.93000     -78.80000
       2.35600      84.67000     -84.18000
       2.38600      83.46000     -83.37000
       2.41700      85.64000     -86.02000
       2.44700      91.97000     -91.44000
       2.47800      93.12000     -91.34000
       2.50900      85.32000     -84.49000
       2.53900      79.83000     -81.70000
       2.57000      85.69000     -87.37000
       2.60000      94.79000     -93.56000
       2.63100      97.74000     -95.66000
       2.66200      94.49000     -93.70000
       2.69200      85.74000     -86.87000
       2.72300      77.42000     -79.11000
       2.75300      76.56000     -76.71000
       2.78400      81.63000     -80.65000
       2.81500      83.60000     -83.72000
       2.84500      76.80000     -77.90000
       2.87600      69.78000     -69.73000
       2.90600      68.49000     -67.05000
       2.93700      68.58000     -66.51000
       2.96800      66.52000     -64.25000
       2.99800      65.92000     -64.89000
       3.02900      70.01000     -72.44000
       3.05900      74.29000     -79.02000
       3.09000      77.35000     -80.39000
       3.12100      82.41000     -82.38000
       3.15100      87.44000     -86.23000
       3.18200      90.05000     -89.18000
       3.21200      92.29000     -91.76000
       3.24300      91.93000     -92.31000
       3.27400      86.00000     -87.38000
       3.30400      79.29000     -80.78000
       3.33500      77.29000     -78.87000
       3.36500      79.13000     -80.13000
       3.39600      78.98000     -78.59000
       3.42700      74.44000     -73.04000
       3.45700      70.77000     -68.45000
       3.48800      70.81000     -68.88000
       3.51800      71.58000     -72.23000
       3.54900      72.53000     -74.55000
       3.58000      75.04000     -76.35000
       3.61000      78.82000     -79.07000
       3.64100      81.84000     -81.05000
       3.67100      82.06000     -80.70000
       3.70200      79.14000     -78.26000
       3.73300      75.27000     -75.22000
       3.76300      72.31000     -73.55000
       3.79400      71.46000     -72.47000
       3.82400      71.67000     -70.25000
       3.85500      70.31000     -67.00000
       3.88600      67.99000     -64.33000
       3.91600      67.25000     -64.68000
       3.94700      69.33000     -67.86000
       3.97700      71.03000     -70.50000
       4.00800      69.86000     -71.40000
       4.03900      67.05000     -70.63000
       4.06900      65.22000     -67.90000
       4.10000      65.99000     -66.41000
       4.13000      67.99000     -68.58000
       4.16100      70.76000     -72.38000
       4.19200      75.41000     -74.91000
       4.22200      78.51000     -75.37000
       4.25300      78.07000     -74.67000
       4.28300      76.83000     -72.73000
       4.31400      74.87000     -70.47000
       4.34500      71.78000     -70.01000
       4.37500      69.06000     -69.98000
       4.40600      66.28000     -68.73000
       4.43600      62.41000     -66.61000
       4.46700      58.48000     -63.25000
       4.49800      56.68000     -59.75000
       4.52800      57.52000     -57.95000
       4.55900      57.13000     -57.73000
       4.58900      54.38000     -56.84000
       4.62000      52.09000     -54.27000
       4.65100      50.58000     -51.51000
       4.68100      49.36000     -50.43000
       4.71200      48.71000     -50.01000
       4.74200      48.15000     -48.17000
       4.77300      46.63000     -45.58000
       4.80400      44.50000     -44.12000
       4.83400      42.87000     -42.66000
       4.86500      41.33000     -39.40000
       4.89500      38.22000     -36.16000
       4.92600      34.79000     -34.15000
       4.95700      32.85000     -32.81000
       4.98700      31.77000     -32.08000
       5.01800      31.45000     -31.20000
       5.04800      31.21000     -30.51000
       5.07900      29.57000     -30.61000
       5.11000      26.74000     -29.66000
       5.14000      24.28000     -26.96000
       5.17100      23.40000     -23.68000
       5.20100      23.94000     -21.44000
       5.23200      24.18000     -20.83000
       5.26300      22.71000     -20.53000
       5.29300      20.48000     -19.32000
       5.32400      18.99000     -17.51000
       5.35400      17.20000     -16.53000
       5.38500      14.89000     -16.15000
       5.41600      13.26000     -15.33000
       5.44600      12.14000     -13.84000
       5.47700      11.18000     -12.11000
       5.50700      10.29000     -10.88000
       5.53800       9.28800      -9.96700
       5.56900       8.56700      -8.67700
       5.59900       7.45600      -7.07900
       5.63000       5.12500      -5.42300
       5.66000       2.82500      -3.70300
       5.69100       1.49900      -1.94600
       5.72200       0.80060      -0.65300
       5.75200       0.55940      -0.12270
       5.78300       0.65280      -0.01205
       5.81300       0.64250      -0.00060
       5.84400       0.37460      -0.00001
       5.87500       0.11970      -0.00000
       5.90500       0.02013      -0.00000
       5.93600       0.00173      -0.00000
       5.96600       0.00007      -0.00000
       5.99700       0.00000       0.00000
       6.02800       0.00000       0.00000
       6.05800       0.00000       0.00000
       6.08900       0.00000       0.00000
       6.11900       0.00000       0.00000
       6.15000       0.00000       0.00000
       6.18100       0.00000       0.00000
       6.21100       0.00000       0.00000
       6.24200       0.00000       0.00000
       6.27200       0.00000       0.00000
       6.30300       0.00000       0.00000
       6.33400       0.00000       0.00000
       6.36400       0.00000       0.00000
       6.39500       0.00000       0.00000
       6.42500       0.00000       0.00000
       6.45600       0.00000       0.00000
       6.48700       0.00000       0.00000
       6.51700       0.00000       0.00000
       6.54800       0.00000       0.00000
       6.57800       0.00000       0.00000
       6.60900       0.00000       0.00000
       6.64000       0.00000       0.00000
       6.67000       0.00000       0.00000
       6.70100       0.00000       0.00000
       6.73100       0.00000       0.00000
       6.76200       0.00000       0.00000
       6.79300       0.00000       0.00000
       6.82300       0.00000       0.00000
       6.85400       0.00000       0.00000
       6.88400       0.00000       0.00000
       6.91500       0.00000       0.00000
       6.94600       0.00000       0.00000
       6.97600       0.00000       0.00000
       7.00700       0.00000       0.00000
       7.03700       0.00000       0.00000
       7.06800       0.00000       0.00000
       7.09900       0.00000       0.00000
       7.12900       0.00000       0.00000
       7.16000       0.00000       0.00000
       7.19000       0.00000       0.00000
