      #Energy        TDOS-UP        TDOS-DOWN
     -25.67700       0.00000       0.00000
     -25.64400       0.00000       0.00000
     -25.61100       0.00000       0.00000
     -25.57800       0.00000       0.00000
     -25.54500       0.00000       0.00000
     -25.51200       0.00000       0.00000
     -25.47900       0.00000       0.00000
     -25.44600       0.00000       0.00000
     -25.41300       0.00000       0.00000
     -25.38000       0.00000       0.00000
     -25.34700       0.00000       0.00000
     -25.31400       0.00000       0.00000
     -25.28100       0.00000       0.00000
     -25.24800       0.00000       0.00000
     -25.21500       0.00000       0.00000
     -25.18200       0.00000       0.00000
     -25.14900       0.00000       0.00000
     -25.11600       0.00000       0.00000
     -25.08300       0.00000       0.00000
     -25.05000       0.00000       0.00000
     -25.01700       0.00000       0.00000
     -24.98400       0.00000       0.00000
     -24.95100       0.00000       0.00000
     -24.91800       0.00000       0.00000
     -24.88500       0.00000       0.00000
     -24.85200       0.00000       0.00000
     -24.81900       0.00000       0.00000
     -24.78600       0.00000       0.00000
     -24.75300       0.00000       0.00000
     -24.72000       0.00000       0.00000
     -24.68700       0.00000       0.00000
     -24.65400       0.00000       0.00000
     -24.62100       0.00000       0.00000
     -24.58800       0.00000       0.00000
     -24.55500       0.00000       0.00000
     -24.52200       0.00000       0.00000
     -24.48900       0.00000       0.00000
     -24.45600       0.00000      -0.00000
     -24.42300       0.00000      -0.00000
     -24.39000       0.00000      -0.00000
     -24.35700       0.00003      -0.00001
     -24.32400       0.00223      -0.00101
     -24.29100       0.08363      -0.04444
     -24.25800       1.36600      -0.85150
     -24.22500       9.78200      -7.14000
     -24.19200      30.93000     -26.41000
     -24.15900      43.43000     -43.33000
     -24.12600      27.13000     -31.63000
     -24.09300       7.51800     -10.25000
     -24.06000       0.91930      -1.46800
     -24.02700       0.04920      -0.09213
     -23.99400       0.00114      -0.00251
     -23.96100       0.00001      -0.00003
     -23.92800       0.00000      -0.00000
     -23.89500       0.00000      -0.00000
     -23.86200       0.00000      -0.00000
     -23.82900       0.00000       0.00000
     -23.79600       0.00000       0.00000
     -23.76300       0.00000       0.00000
     -23.73000       0.00000       0.00000
     -23.69700       0.00000       0.00000
     -23.66400       0.00000       0.00000
     -23.63100       0.00000       0.00000
     -23.59800       0.00000       0.00000
     -23.56500       0.00000       0.00000
     -23.53200       0.00000       0.00000
     -23.49900       0.00000       0.00000
     -23.46600       0.00000       0.00000
     -23.43300       0.00000       0.00000
     -23.40000       0.00000       0.00000
     -23.36700       0.00000       0.00000
     -23.33400       0.00000       0.00000
     -23.30100       0.00000       0.00000
     -23.26800       0.00000       0.00000
     -23.23500       0.00000       0.00000
     -23.20200       0.00000       0.00000
     -23.16900       0.00000       0.00000
     -23.13600       0.00000       0.00000
     -23.10300       0.00000       0.00000
     -23.07000       0.00000       0.00000
     -23.03700       0.00000       0.00000
     -23.00400       0.00000       0.00000
     -22.97100       0.00000       0.00000
     -22.93800       0.00000       0.00000
     -22.90500       0.00000       0.00000
     -22.87200       0.00000       0.00000
     -22.83900       0.00000       0.00000
     -22.80600       0.00000       0.00000
     -22.77300       0.00000       0.00000
     -22.74000       0.00000       0.00000
     -22.70700       0.00000       0.00000
     -22.67400       0.00000       0.00000
     -22.64100       0.00000       0.00000
     -22.60800       0.00000       0.00000
     -22.57500       0.00000       0.00000
     -22.54200       0.00000       0.00000
     -22.50900       0.00000       0.00000
     -22.47600       0.00000       0.00000
     -22.44300       0.00000       0.00000
     -22.41000       0.00000       0.00000
     -22.37700       0.00000       0.00000
     -22.34400       0.00000       0.00000
     -22.31100       0.00000       0.00000
     -22.27800       0.00000       0.00000
     -22.24500       0.00000       0.00000
     -22.21200       0.00000       0.00000
     -22.17900       0.00000       0.00000
     -22.14600       0.00000       0.00000
     -22.11300       0.00000       0.00000
     -22.08000       0.00000       0.00000
     -22.04700       0.00000       0.00000
     -22.01400       0.00000       0.00000
     -21.98100       0.00000       0.00000
     -21.94800       0.00000       0.00000
     -21.91500       0.00000       0.00000
     -21.88200       0.00000       0.00000
     -21.84900       0.00000       0.00000
     -21.81600       0.00000       0.00000
     -21.78300       0.00000       0.00000
     -21.75000       0.00000       0.00000
     -21.71700       0.00000       0.00000
     -21.68400       0.00000       0.00000
     -21.65100       0.00000       0.00000
     -21.61800       0.00000       0.00000
     -21.58500       0.00000       0.00000
     -21.55200       0.00000       0.00000
     -21.51900       0.00000       0.00000
     -21.48600       0.00000       0.00000
     -21.45300       0.00000      -0.00000
     -21.42000       0.00000      -0.00000
     -21.38700       0.00000      -0.00000
     -21.35400       0.00000      -0.00000
     -21.32100       0.00030      -0.00004
     -21.28800       0.01373      -0.00252
     -21.25500       0.28300      -0.07541
     -21.22200       2.64200      -1.01600
     -21.18900      11.53000      -6.33100
     -21.15600      25.62000     -19.26000
     -21.12300      36.44000     -33.09000
     -21.09000      47.12000     -43.25000
     -21.05700      59.69000     -54.90000
     -21.02400      62.07000     -62.05000
     -20.99100      51.34000     -55.80000
     -20.95800      39.00000     -43.63000
     -20.92500      32.97000     -34.95000
     -20.89200      35.24000     -34.59000
     -20.85900      35.40000     -36.70000
     -20.82600      30.71000     -32.47000
     -20.79300      26.50000     -27.51000
     -20.76000      24.62000     -24.96000
     -20.72700      26.24000     -26.21000
     -20.69400      23.08000     -25.75000
     -20.66100      16.26000     -18.95000
     -20.62800      17.27000     -15.94000
     -20.59500      27.10000     -23.21000
     -20.56200      34.86000     -32.62000
     -20.52900      32.64000     -33.97000
     -20.49600      20.36000     -25.44000
     -20.46300       7.04900     -11.58000
     -20.43000       1.60800      -2.84700
     -20.39700       3.64600      -1.95900
     -20.36400      14.24000      -8.47600
     -20.33100      32.85000     -22.40000
     -20.29800      56.52000     -40.52000
     -20.26500      75.23000     -63.19000
     -20.23200      67.63000     -74.53000
     -20.19900      40.24000     -58.17000
     -20.16600      18.39000     -30.82000
     -20.13300      11.65000     -14.55000
     -20.10000      15.17000     -12.51000
     -20.06700      22.40000     -18.75000
     -20.03400      27.10000     -25.65000
     -20.00100      30.11000     -28.98000
     -19.96800      31.62000     -31.15000
     -19.93500      27.22000     -29.89000
     -19.90200      23.17000     -25.16000
     -19.86900      23.46000     -23.88000
     -19.83600      16.92000     -20.82000
     -19.80300       6.29200     -10.85000
     -19.77000       1.14200      -2.92600
     -19.73700       0.41430      -0.51100
     -19.70400       2.45800      -1.27100
     -19.67100       8.68800      -5.88000
     -19.63800      15.13000     -13.22000
     -19.60500      15.17000     -15.89000
     -19.57200      10.97000     -12.75000
     -19.53900       5.77700      -7.77500
     -19.50600       1.78000      -3.04000
     -19.47300       0.27710      -0.62330
     -19.44000       0.10490      -0.09482
     -19.40700       0.96080      -0.48430
     -19.37400       5.33100      -3.30500
     -19.34100      14.96000     -11.46000
     -19.30800      21.89000     -20.56000
     -19.27500      20.00000     -21.05000
     -19.24200      19.50000     -18.88000
     -19.20900      24.11000     -22.29000
     -19.17600      28.59000     -27.24000
     -19.14300      30.94000     -30.23000
     -19.11000      32.27000     -31.95000
     -19.07700      28.29000     -30.45000
     -19.04400      17.92000     -21.44000
     -19.01100      10.40000     -12.22000
     -18.97800       9.16400      -8.80200
     -18.94500      12.75000     -10.96000
     -18.91200      14.43000     -14.59000
     -18.87900       9.77300     -12.11000
     -18.84600       8.49700      -8.03700
     -18.81300      17.50000     -13.18000
     -18.78000      28.75000     -24.81000
     -18.74700      33.20000     -32.11000
     -18.71400      32.60000     -32.73000
     -18.68100      33.26000     -32.29000
     -18.64800      34.99000     -34.36000
     -18.61500      33.20000     -34.27000
     -18.58200      29.79000     -30.62000
     -18.54900      30.12000     -28.96000
     -18.51600      33.96000     -32.41000
     -18.48300      33.37000     -34.75000
     -18.45000      27.65000     -29.84000
     -18.41700      25.39000     -25.89000
     -18.38400      22.53000     -23.97000
     -18.35100      21.02000     -20.62000
     -18.31800      21.54000     -21.22000
     -18.28500      18.59000     -20.04000
     -18.25200      17.80000     -17.23000
     -18.21900      21.86000     -19.64000
     -18.18600      25.14000     -23.45000
     -18.15300      28.12000     -24.99000
     -18.12000      33.56000     -29.48000
     -18.08700      37.70000     -35.62000
     -18.05400      38.45000     -38.30000
     -18.02100      38.51000     -39.44000
     -17.98800      37.48000     -40.75000
     -17.95500      31.70000     -36.90000
     -17.92200      23.06000     -27.61000
     -17.88900      19.19000     -19.89000
     -17.85600      25.11000     -21.29000
     -17.82300      32.12000     -29.46000
     -17.79000      32.34000     -33.10000
     -17.75700      29.49000     -30.43000
     -17.72400      31.77000     -26.92000
     -17.69100      44.47000     -34.76000
     -17.65800      50.06000     -50.17000
     -17.62500      42.16000     -50.61000
     -17.59200      33.83000     -39.17000
     -17.55900      30.51000     -30.99000
     -17.52600      32.00000     -29.30000
     -17.49300      36.87000     -33.16000
     -17.46000      41.49000     -38.39000
     -17.42700      48.15000     -43.91000
     -17.39400      54.97000     -52.00000
     -17.36100      52.30000     -55.45000
     -17.32800      40.48000     -47.25000
     -17.29500      31.79000     -36.09000
     -17.26200      27.10000     -30.01000
     -17.22900      23.36000     -24.87000
     -17.19600      22.88000     -22.68000
     -17.16300      20.66000     -22.23000
     -17.13000      18.01000     -19.24000
     -17.09700      21.85000     -20.01000
     -17.06400      30.99000     -27.27000
     -17.03100      41.23000     -36.88000
     -16.99800      44.70000     -44.16000
     -16.96500      35.73000     -40.53000
     -16.93200      24.70000     -28.57000
     -16.89900      22.02000     -21.75000
     -16.86600      23.50000     -22.56000
     -16.83300      23.03000     -23.48000
     -16.80000      25.71000     -23.95000
     -16.76700      34.71000     -30.93000
     -16.73400      40.37000     -39.75000
     -16.70100      35.77000     -39.72000
     -16.66800      25.89000     -30.00000
     -16.63500      24.75000     -23.80000
     -16.60200      31.91000     -28.23000
     -16.56900      35.94000     -33.76000
     -16.53600      30.65000     -32.55000
     -16.50300      19.91000     -24.88000
     -16.47000      11.27000     -15.37000
     -16.43700       6.44000      -8.71000
     -16.40400       3.85000      -4.98200
     -16.37100       4.19500      -3.77900
     -16.33800       9.70500      -7.12600
     -16.30500      19.15000     -16.11000
     -16.27200      21.19000     -22.26000
     -16.23900      11.80000     -15.78000
     -16.20600       4.44900      -5.86700
     -16.17300       7.90500      -4.73000
     -16.14000      18.40000     -13.52000
     -16.10700      20.32000     -21.24000
     -16.07400      10.25000     -15.43000
     -16.04100       2.46900      -5.24100
     -16.00800       1.32600      -1.38300
     -15.97500       5.35300      -3.57400
     -15.94200      13.99000     -11.14000
     -15.90900      21.45000     -19.40000
     -15.87600      23.20000     -21.25000
     -15.84300      24.94000     -21.53000
     -15.81000      31.63000     -28.29000
     -15.77700      34.45000     -35.20000
     -15.74400      26.34000     -30.90000
     -15.71100      18.17000     -20.71000
     -15.67800      17.81000     -15.59000
     -15.64500      24.10000     -17.49000
     -15.61200      27.93000     -24.62000
     -15.57900      22.12000     -27.25000
     -15.54600      18.77000     -22.01000
     -15.51300      25.06000     -22.37000
     -15.48000      26.68000     -27.52000
     -15.44700      21.93000     -24.74000
     -15.41400      25.95000     -22.73000
     -15.38100      37.27000     -32.99000
     -15.34800      40.11000     -41.88000
     -15.31500      32.93000     -36.05000
     -15.28200      29.40000     -28.10000
     -15.24900      30.26000     -28.37000
     -15.21600      25.15000     -27.90000
     -15.18300      17.81000     -20.81000
     -15.15000      21.03000     -16.63000
     -15.11700      33.34000     -24.74000
     -15.08400      37.05000     -36.10000
     -15.05100      29.87000     -33.88000
     -15.01800      27.22000     -26.08000
     -14.98500      29.53000     -28.41000
     -14.95200      32.35000     -34.69000
     -14.91900      32.19000     -35.56000
     -14.88600      28.88000     -32.22000
     -14.85300      30.66000     -31.11000
     -14.82000      33.49000     -31.57000
     -14.78700      30.99000     -27.01000
     -14.75400      24.80000     -24.55000
     -14.72100      16.13000     -22.41000
     -14.68800      17.71000     -17.67000
     -14.65500      28.78000     -23.69000
     -14.62200      35.25000     -35.04000
     -14.58900      37.19000     -39.39000
     -14.55600      38.19000     -40.00000
     -14.52300      36.32000     -38.24000
     -14.49000      31.95000     -34.48000
     -14.45700      26.26000     -29.35000
     -14.42400      21.79000     -23.90000
     -14.39100      20.50000     -21.22000
     -14.35800      19.53000     -20.03000
     -14.32500      16.51000     -17.09000
     -14.29200      13.86000     -14.32000
     -14.25900      12.52000     -12.74000
     -14.22600      13.41000     -12.92000
     -14.19300      17.58000     -16.30000
     -14.16000      20.98000     -20.69000
     -14.12700      16.45000     -18.16000
     -14.09400       9.10600     -10.49000
     -14.06100       7.07100      -6.71300
     -14.02800      12.66000      -9.70800
     -13.99500      25.45000     -20.84000
     -13.96200      34.99000     -33.28000
     -13.92900      32.89000     -34.90000
     -13.89600      24.85000     -27.12000
     -13.86300      22.11000     -21.05000
     -13.83000      26.79000     -24.13000
     -13.79700      30.27000     -30.06000
     -13.76400      33.00000     -33.65000
     -13.73100      34.96000     -35.34000
     -13.69800      32.83000     -33.07000
     -13.66500      28.00000     -28.73000
     -13.63200      23.49000     -23.36000
     -13.59900      28.14000     -23.91000
     -13.56600      39.89000     -34.71000
     -13.53300      45.27000     -43.62000
     -13.50000      48.92000     -45.38000
     -13.46700      55.32000     -50.76000
     -13.43400      49.66000     -53.40000
     -13.40100      37.43000     -42.15000
     -13.36800      34.27000     -33.03000
     -13.33500      32.82000     -33.66000
     -13.30200      25.02000     -31.39000
     -13.26900      18.25000     -23.00000
     -13.23600      21.88000     -20.02000
     -13.20300      32.41000     -28.45000
     -13.17000      38.20000     -37.80000
     -13.13700      35.21000     -37.92000
     -13.10400      29.78000     -32.43000
     -13.07100      25.68000     -26.96000
     -13.03800      25.22000     -24.88000
     -13.00500      26.11000     -26.08000
     -12.97200      26.31000     -26.72000
     -12.93900      26.17000     -26.37000
     -12.90600      25.75000     -25.82000
     -12.87300      24.72000     -25.31000
     -12.84000      23.92000     -24.55000
     -12.80700      23.59000     -24.35000
     -12.77400      20.00000     -21.47000
     -12.74100      14.90000     -15.72000
     -12.70800      13.60000     -12.92000
     -12.67500      16.41000     -14.78000
     -12.64200      21.22000     -19.39000
     -12.60900      23.53000     -23.27000
     -12.57600      22.73000     -23.24000
     -12.54300      25.45000     -24.04000
     -12.51000      36.30000     -32.37000
     -12.47700      49.27000     -46.36000
     -12.44400      51.55000     -52.96000
     -12.41100      42.93000     -46.06000
     -12.37800      36.59000     -37.11000
     -12.34500      36.40000     -35.39000
     -12.31200      35.20000     -34.91000
     -12.27900      34.66000     -33.96000
     -12.24600      34.79000     -35.19000
     -12.21300      32.57000     -33.62000
     -12.18000      32.75000     -31.90000
     -12.14700      35.94000     -34.33000
     -12.11400      36.69000     -36.00000
     -12.08100      37.62000     -35.82000
     -12.04800      40.53000     -38.49000
     -12.01500      40.77000     -41.09000
     -11.98200      37.52000     -39.87000
     -11.94900      33.28000     -35.38000
     -11.91600      30.49000     -31.11000
     -11.88300      27.31000     -28.72000
     -11.85000      23.23000     -25.36000
     -11.81700      21.28000     -22.65000
     -11.78400      19.03000     -20.73000
     -11.75100      18.66000     -19.33000
     -11.71800      21.05000     -20.75000
     -11.68500      24.07000     -22.75000
     -11.65200      30.33000     -28.44000
     -11.61900      32.03000     -33.00000
     -11.58600      27.70000     -29.22000
     -11.55300      29.95000     -28.68000
     -11.52000      34.32000     -33.63000
     -11.48700      28.12000     -30.48000
     -11.45400      17.40000     -19.95000
     -11.42100      16.31000     -15.61000
     -11.38800      28.75000     -25.26000
     -11.35500      42.07000     -39.81000
     -11.32200      42.49000     -43.47000
     -11.28900      34.61000     -36.09000
     -11.25600      34.40000     -33.27000
     -11.22300      42.97000     -41.20000
     -11.19000      47.06000     -47.10000
     -11.15700      40.56000     -42.57000
     -11.12400      27.45000     -30.70000
     -11.09100      18.53000     -20.02000
     -11.05800      21.26000     -20.36000
     -11.02500      27.77000     -26.90000
     -10.99200      33.15000     -31.95000
     -10.95900      42.65000     -40.19000
     -10.92600      50.92000     -49.65000
     -10.89300      49.52000     -49.91000
     -10.86000      49.49000     -48.15000
     -10.82700      57.52000     -55.30000
     -10.79400      63.01000     -62.46000
     -10.76100      59.12000     -60.12000
     -10.72800      52.85000     -52.46000
     -10.69500      54.64000     -51.20000
     -10.66200      61.62000     -57.51000
     -10.62900      67.07000     -65.33000
     -10.59600      62.87000     -66.28000
     -10.56300      50.25000     -54.68000
     -10.53000      42.46000     -44.12000
     -10.49700      38.23000     -40.10000
     -10.46400      35.16000     -36.88000
     -10.43100      34.85000     -35.81000
     -10.39800      34.31000     -35.30000
     -10.36500      34.99000     -35.21000
     -10.33200      38.03000     -37.79000
     -10.29900      39.65000     -39.41000
     -10.26600      44.78000     -41.84000
     -10.23300      64.51000     -54.17000
     -10.20000      92.98000     -80.77000
     -10.16700      96.77000    -100.20000
     -10.13400      73.19000     -86.32000
     -10.10100      54.67000     -61.56000
     -10.06800      45.29000     -48.09000
     -10.03500      37.43000     -39.43000
     -10.00200      32.60000     -33.36000
      -9.96900      34.76000     -34.06000
      -9.93600      39.43000     -38.93000
      -9.90300      38.44000     -38.60000
      -9.87000      36.76000     -36.31000
      -9.83700      41.12000     -39.61000
      -9.80400      47.89000     -46.58000
      -9.77100      52.05000     -51.33000
      -9.73800      50.31000     -50.94000
      -9.70500      43.47000     -44.74000
      -9.67200      38.27000     -38.91000
      -9.63900      36.24000     -36.30000
      -9.60600      34.22000     -34.67000
      -9.57300      31.40000     -31.62000
      -9.54000      29.49000     -29.56000
      -9.50700      23.66000     -25.02000
      -9.47400      16.24000     -17.48000
      -9.44100      15.91000     -15.24000
      -9.40800      23.60000     -21.74000
      -9.37500      29.51000     -28.57000
      -9.34200      33.80000     -31.84000
      -9.30900      43.79000     -41.18000
      -9.27600      50.66000     -50.80000
      -9.24300      52.33000     -52.28000
      -9.21000      56.07000     -54.34000
      -9.17700      57.12000     -56.32000
      -9.14400      63.49000     -57.81000
      -9.11100      87.10000     -71.88000
      -9.07800     104.90000     -88.13000
      -9.04500     101.50000     -91.17000
      -9.01200      93.94000     -87.11000
      -8.97900      89.68000     -88.36000
      -8.94600      81.74000     -90.63000
      -8.91300      66.15000     -80.72000
      -8.88000      49.47000     -60.66000
      -8.84700      37.50000     -43.87000
      -8.81400      34.99000     -39.28000
      -8.78100      52.23000     -48.17000
      -8.74800      74.49000     -67.50000
      -8.71500      82.61000     -83.16000
      -8.68200      91.35000     -92.33000
      -8.64900      98.22000     -95.01000
      -8.61600      89.42000     -88.48000
      -8.58300      89.03000     -89.74000
      -8.55000     109.30000    -108.90000
      -8.51700     119.40000    -124.20000
      -8.48400     103.70000    -112.40000
      -8.45100      80.45000     -84.45000
      -8.41800      65.39000     -61.60000
      -8.38500      57.87000     -53.83000
      -8.35200      56.20000     -58.22000
      -8.31900      63.03000     -63.62000
      -8.28600      69.50000     -65.73000
      -8.25300      68.59000     -71.45000
      -8.22000      59.84000     -70.92000
      -8.18700      46.02000     -52.92000
      -8.15400      46.37000     -41.43000
      -8.12100      69.53000     -53.38000
      -8.08800      92.84000     -77.07000
      -8.05500      96.58000     -89.25000
      -8.02200      96.24000     -83.79000
      -7.98900     102.60000     -85.87000
      -7.95600     104.40000    -102.60000
      -7.92300      98.99000    -112.00000
      -7.89000      91.08000    -106.60000
      -7.85700      94.11000    -105.50000
      -7.82400     112.70000    -111.90000
      -7.79100     121.70000    -120.00000
      -7.75800      91.57000    -104.50000
      -7.72500      49.88000     -60.98000
      -7.69200      38.99000     -34.69000
      -7.65900      51.19000     -40.80000
      -7.62600      57.86000     -55.47000
      -7.59300      49.86000     -56.37000
      -7.56000      36.24000     -43.77000
      -7.52700      24.69000     -30.77000
      -7.49400      24.15000     -27.10000
      -7.46100      39.41000     -35.44000
      -7.42800      61.38000     -54.21000
      -7.39500      73.34000     -74.38000
      -7.36200      67.20000     -76.68000
      -7.32900      50.64000     -58.47000
      -7.29600      37.98000     -40.56000
      -7.26300      34.18000     -33.64000
      -7.23000      38.54000     -35.83000
      -7.19700      51.73000     -46.15000
      -7.16400      60.21000     -55.57000
      -7.13100      54.85000     -55.04000
      -7.09800      47.74000     -50.03000
      -7.06500      46.29000     -47.46000
      -7.03200      46.81000     -45.31000
      -6.99900      45.21000     -42.77000
      -6.96600      38.55000     -41.47000
      -6.93300      29.50000     -32.29000
      -6.90000      36.79000     -25.39000
      -6.86700      67.77000     -45.08000
      -6.83400      90.31000     -80.23000
      -6.80100      79.53000     -89.67000
      -6.76800      54.83000     -69.60000
      -6.73500      42.49000     -51.22000
      -6.70200      47.01000     -47.64000
      -6.66900      56.82000     -55.65000
      -6.63600      60.85000     -64.80000
      -6.60300      65.34000     -65.20000
      -6.57000      78.72000     -63.54000
      -6.53700      96.51000     -74.87000
      -6.50400     108.40000    -101.60000
      -6.47100     109.90000    -122.00000
      -6.43800      97.67000    -116.40000
      -6.40500      86.33000     -94.19000
      -6.37200      85.64000     -82.39000
      -6.33900      80.64000     -83.84000
      -6.30600      74.77000     -83.76000
      -6.27300      86.09000     -84.93000
      -6.24000     105.90000     -92.41000
      -6.20700     116.50000    -100.90000
      -6.17400     106.20000     -97.52000
      -6.14100      71.67000     -75.67000
      -6.10800      34.38000     -52.51000
      -6.07500      17.29000     -31.55000
      -6.04200      21.41000     -15.40000
      -6.00900      32.10000     -14.69000
      -5.97600      37.15000     -27.73000
      -5.94300      35.39000     -39.16000
      -5.91000      31.92000     -39.73000
      -5.87700      33.46000     -35.11000
      -5.84400      37.98000     -34.34000
      -5.81100      41.14000     -36.87000
      -5.77800      42.57000     -37.80000
      -5.74500      44.54000     -35.92000
      -5.71200      42.21000     -37.13000
      -5.67900      30.89000     -43.42000
      -5.64600      21.66000     -39.50000
      -5.61300      23.28000     -27.32000
      -5.58000      29.78000     -23.65000
      -5.54700      31.21000     -28.75000
      -5.51400      30.12000     -30.87000
      -5.48100      31.79000     -29.80000
      -5.44800      35.36000     -31.08000
      -5.41500      38.56000     -33.49000
      -5.38200      40.66000     -36.41000
      -5.34900      42.88000     -39.82000
      -5.31600      43.98000     -43.14000
      -5.28300      37.76000     -45.42000
      -5.25000      28.80000     -40.79000
      -5.21700      23.35000     -30.64000
      -5.18400      19.82000     -24.30000
      -5.15100      21.34000     -21.23000
      -5.11800      27.52000     -21.07000
      -5.08500      29.34000     -26.00000
      -5.05200      25.77000     -29.73000
      -5.01900      24.44000     -26.92000
      -4.98600      24.94000     -24.64000
      -4.95300      23.38000     -25.77000
      -4.92000      21.57000     -25.19000
      -4.88700      20.13000     -23.50000
      -4.85400      21.65000     -21.61000
      -4.82100      30.34000     -21.63000
      -4.78800      36.86000     -28.87000
      -4.75500      34.03000     -35.85000
      -4.72200      29.87000     -33.40000
      -4.68900      26.13000     -28.27000
      -4.65600      20.77000     -25.42000
      -4.62300      18.60000     -20.70000
      -4.59000      18.16000     -17.80000
      -4.55700      14.58000     -18.53000
      -4.52400       9.98600     -17.09000
      -4.49100       8.88000     -12.17000
      -4.45800      10.24000      -9.04800
      -4.42500      10.38000      -9.53600
      -4.39200       8.78200     -10.45000
      -4.35900       7.96700      -9.52900
      -4.32600       9.83400      -8.56600
      -4.29300      15.84000     -10.19000
      -4.26000      22.41000     -15.68000
      -4.22700      22.18000     -21.62000
      -4.19400      19.55000     -22.39000
      -4.16100      24.72000     -20.47000
      -4.12800      32.18000     -24.40000
      -4.09500      32.93000     -31.81000
      -4.06200      26.34000     -33.62000
      -4.02900      16.67000     -27.28000
      -3.99600      14.57000     -17.34000
      -3.96300      20.41000     -15.08000
      -3.93000      25.48000     -20.65000
      -3.89700      28.45000     -25.60000
      -3.86400      29.58000     -28.47000
      -3.83100      23.44000     -29.40000
      -3.79800      11.14000     -23.11000
      -3.76500       4.91900     -10.73000
      -3.73200       9.17200      -4.36100
      -3.69900      18.10000      -8.79800
      -3.66600      24.75000     -17.96000
      -3.63300      32.40000     -23.83000
      -3.60000      43.32000     -32.31000
      -3.56700      47.69000     -43.44000
      -3.53400      40.48000     -45.11000
      -3.50100      32.26000     -38.01000
      -3.46800      28.45000     -30.85000
      -3.43500      24.67000     -28.18000
      -3.40200      21.21000     -26.10000
      -3.36900      20.78000     -23.93000
      -3.33600      24.78000     -25.20000
      -3.30300      27.93000     -28.37000
      -3.27000      26.86000     -24.77000
      -3.23700      23.48000     -17.31000
      -3.20400      17.91000     -17.71000
      -3.17100      14.86000     -20.25000
      -3.13800      19.69000     -16.83000
      -3.10500      24.86000     -15.24000
      -3.07200      19.74000     -20.95000
      -3.03900      11.31000     -24.01000
      -3.00600       8.47900     -16.39000
      -2.97300      10.16000      -8.36000
      -2.94000      14.46000      -7.24600
      -2.90700      16.91000      -9.45500
      -2.87400      15.14000     -13.46000
      -2.84100      14.08000     -15.59000
      -2.80800      17.72000     -12.10000
      -2.77500      25.66000      -9.37800
      -2.74200      32.30000     -13.97000
      -2.70900      32.92000     -20.71000
      -2.67600      32.83000     -22.00000
      -2.64300      32.96000     -21.87000
      -2.61000      27.41000     -26.14000
      -2.57700      19.24000     -30.85000
      -2.54400      16.19000     -30.90000
      -2.51100      16.71000     -28.19000
      -2.47800      12.82000     -24.84000
      -2.44500       7.41700     -20.59000
      -2.41200      11.37000     -20.34000
      -2.37900      23.11000     -24.70000
      -2.34600      28.61000     -29.04000
      -2.31300      24.93000     -29.30000
      -2.28000      18.10000     -24.61000
      -2.24700       9.74000     -18.75000
      -2.21400       3.19600     -12.33000
      -2.18100       0.56780      -5.95200
      -2.14800       0.05043      -1.79500
      -2.11500       0.00211      -0.29030
      -2.08200       0.00004      -0.02268
      -2.04900       0.00000      -0.00081
      -2.01600       0.00000      -0.00001
      -1.98300       0.00000      -0.00000
      -1.95000       0.00000      -0.00000
      -1.91700       0.00000      -0.00000
      -1.88400       0.00002      -0.00000
      -1.85100       0.00120      -0.00019
      -1.81800       0.02843      -0.00633
      -1.78500       0.31620      -0.09781
      -1.75200       1.73100      -0.72460
      -1.71900       5.03100      -2.76300
      -1.68600       8.98400      -6.02200
      -1.65300      12.65000      -8.98500
      -1.62000      15.03000     -12.05000
      -1.58700      11.47000     -14.37000
      -1.55400       4.48700     -10.76000
      -1.52100       0.93970      -4.06200
      -1.48800       1.40900      -0.86010
      -1.45500       6.86200      -1.60500
      -1.42200      16.65000      -7.37200
      -1.38900      19.79000     -16.84000
      -1.35600      11.78000     -19.28000
      -1.32300       3.51000     -11.39000
      -1.29000       0.51190      -3.45600
      -1.25700       0.03579      -0.52170
      -1.22400       0.02057      -0.03896
      -1.19100       0.36280      -0.05013
      -1.15800       3.07200      -0.72420
      -1.12500      12.33000      -4.92000
      -1.09200      25.58000     -16.14000
      -1.05900      32.29000     -28.13000
      -1.02600      32.87000     -31.22000
      -0.99300      33.06000     -30.37000
      -0.96000      26.79000     -31.14000
      -0.92700      16.08000     -25.46000
      -0.89400      16.81000     -16.62000
      -0.86100      26.76000     -19.12000
      -0.82800      29.12000     -26.83000
      -0.79500      23.83000     -26.67000
      -0.76200      23.80000     -22.45000
      -0.72900      30.35000     -23.58000
      -0.69600      30.61000     -29.84000
      -0.66300      26.52000     -29.69000
      -0.63000      26.31000     -26.07000
      -0.59700      25.71000     -26.32000
      -0.56400      24.72000     -25.05000
      -0.53100      24.40000     -23.39000
      -0.49800      20.21000     -24.13000
      -0.46500      19.18000     -21.24000
      -0.43200      26.56000     -19.49000
      -0.39900      32.91000     -25.52000
      -0.36600      32.71000     -31.81000
      -0.33300      30.00000     -32.56000
      -0.30000      28.35000     -30.20000
      -0.26700      27.97000     -28.02000
      -0.23400      26.35000     -27.30000
      -0.20100      24.07000     -26.18000
      -0.16800      26.04000     -23.60000
      -0.13500      31.84000     -23.12000
      -0.10200      35.29000     -27.43000
      -0.06900      32.56000     -33.09000
      -0.03600      25.47000     -34.33000
      -0.00300      22.02000     -28.95000
       0.03000      25.33000     -23.04000
       0.06300      30.15000     -23.14000
       0.09600      32.58000     -27.69000
       0.12900      31.57000     -31.73000
       0.16200      28.28000     -32.09000
       0.19500      23.48000     -30.38000
       0.22800      17.04000     -27.16000
       0.26100      11.93000     -20.14000
       0.29400       9.38600     -12.81000
       0.32700       6.73100      -9.53400
       0.36000       6.29400      -8.25200
       0.39300      11.84000      -9.28000
       0.42600      20.76000     -19.00000
       0.45900      28.89000     -31.50000
       0.49200      30.65000     -30.33000
       0.52500      33.84000     -25.04000
       0.55800      44.19000     -35.62000
       0.59100      40.47000     -45.11000
       0.62400      20.83000     -32.66000
       0.65700       5.86300     -14.02000
       0.69000       1.09800      -4.11100
       0.72300       2.00400      -2.51800
       0.75600       8.45500      -8.28600
       0.78900      18.52000     -18.32000
       0.82200      22.76000     -22.52000
       0.85500      23.21000     -22.44000
       0.88800      30.17000     -28.69000
       0.92100      39.45000     -35.37000
       0.95400      45.80000     -33.42000
       0.98700      51.63000     -34.40000
       1.02000      57.20000     -47.45000
       1.05300      71.41000     -56.60000
       1.08600      91.97000     -67.08000
       1.11900      95.58000     -89.64000
       1.15200      81.15000    -100.50000
       1.18500      56.79000     -84.93000
       1.21800      35.10000     -59.63000
       1.25100      32.48000     -44.12000
       1.28400      44.26000     -40.98000
       1.31700      62.28000     -44.36000
       1.35000      75.36000     -58.54000
       1.38300      64.32000     -72.71000
       1.41600      45.03000     -65.75000
       1.44900      37.25000     -48.03000
       1.48200      33.52000     -35.73000
       1.51500      33.60000     -32.88000
       1.54800      37.49000     -36.41000
       1.58100      42.39000     -40.71000
       1.61400      50.56000     -48.86000
       1.64700      53.51000     -53.82000
       1.68000      49.07000     -50.59000
       1.71300      42.82000     -43.82000
       1.74600      41.81000     -38.68000
       1.77900      56.09000     -46.56000
       1.81200      73.08000     -65.31000
       1.84500      73.06000     -73.41000
       1.87800      63.52000     -66.41000
       1.91100      57.89000     -56.97000
       1.94400      58.25000     -54.06000
       1.97700      68.03000     -56.92000
       2.01000      88.90000     -68.73000
       2.04300     104.20000     -87.25000
       2.07600     107.40000     -95.48000
       2.10900     102.90000     -99.92000
       2.14200      97.86000    -109.20000
       2.17500      96.70000    -114.90000
       2.20800      91.82000    -108.60000
       2.24100      84.86000     -95.91000
       2.27400      75.30000     -84.39000
       2.30700      64.40000     -71.40000
       2.34000      64.63000     -61.34000
       2.37300      71.23000     -59.14000
       2.40600      73.83000     -64.81000
       2.43900      80.77000     -75.94000
       2.47200      93.94000     -88.42000
       2.50500     106.20000    -101.60000
       2.53800     110.80000    -111.30000
       2.57100      99.81000    -106.20000
       2.60400      83.93000     -90.93000
       2.63700      77.86000     -80.73000
       2.67000      81.96000     -82.01000
       2.70300      85.48000     -88.54000
       2.73600      81.09000     -85.53000
       2.76900      76.72000     -77.60000
       2.80200      74.85000     -75.27000
       2.83500      71.14000     -73.54000
       2.86800      65.14000     -65.28000
       2.90100      63.28000     -60.57000
       2.93400      67.86000     -66.55000
       2.96700      69.85000     -70.37000
       3.00000      69.18000     -69.04000
       3.03300      76.80000     -76.58000
       3.06600      87.30000     -89.95000
       3.09900      92.36000     -95.31000
       3.13200      93.85000     -94.12000
       3.16500      92.17000     -92.11000
       3.19800      90.70000     -90.28000
       3.23100      90.78000     -88.84000
       3.26400      89.39000     -88.27000
       3.29700      86.50000     -86.16000
       3.33000      82.06000     -80.13000
       3.36300      77.09000     -74.89000
       3.39600      72.75000     -72.55000
       3.42900      70.03000     -72.18000
       3.46200      70.01000     -72.60000
       3.49500      73.17000     -74.45000
       3.52800      79.28000     -79.22000
       3.56100      83.93000     -84.19000
       3.59400      83.03000     -84.42000
       3.62700      80.21000     -81.51000
       3.66000      79.48000     -80.92000
       3.69300      79.22000     -80.60000
       3.72600      76.36000     -77.20000
       3.75900      71.01000     -72.15000
       3.79200      66.22000     -68.33000
       3.82500      65.84000     -67.17000
       3.85800      67.80000     -67.15000
       3.89100      67.22000     -67.02000
       3.92400      67.49000     -67.86000
       3.95700      70.06000     -68.26000
       3.99000      71.70000     -68.90000
       4.02300      71.14000     -70.22000
       4.05600      70.15000     -71.74000
       4.08900      71.17000     -75.12000
       4.12200      73.09000     -77.39000
       4.15500      73.18000     -76.02000
       4.18800      72.65000     -72.49000
       4.22100      73.81000     -69.70000
       4.25400      75.81000     -70.68000
       4.28700      77.50000     -72.73000
       4.32000      77.18000     -73.46000
       4.35300      74.45000     -73.98000
       4.38600      71.13000     -72.88000
       4.41900      67.02000     -69.23000
       4.45200      62.72000     -66.19000
       4.48500      60.63000     -65.06000
       4.51800      60.83000     -63.16000
       4.55100      61.38000     -59.65000
       4.58400      60.05000     -56.70000
       4.61700      57.36000     -56.36000
       4.65000      55.22000     -55.85000
       4.68300      53.48000     -53.92000
       4.71600      51.39000     -52.63000
       4.74900      49.44000     -52.02000
       4.78200      47.26000     -50.29000
       4.81500      43.86000     -46.80000
       4.84800      40.94000     -42.58000
       4.88100      38.90000     -40.47000
       4.91400      37.01000     -40.11000
       4.94700      36.87000     -39.10000
       4.98000      36.73000     -37.51000
       5.01300      34.39000     -35.58000
       5.04600      32.19000     -33.81000
       5.07900      30.16000     -31.70000
       5.11200      27.58000     -28.84000
       5.14500      25.54000     -26.75000
       5.17800      24.32000     -24.78000
       5.21100      23.97000     -23.60000
       5.24400      24.33000     -24.65000
       5.27700      24.76000     -25.12000
       5.31000      24.28000     -22.61000
       5.34300      22.07000     -18.95000
       5.37600      19.22000     -16.91000
       5.40900      16.86000     -16.26000
       5.44200      14.65000     -16.32000
       5.47500      12.41000     -16.63000
       5.50800      10.41000     -15.64000
       5.54100      10.21000     -12.00000
       5.57400      10.90000      -8.14600
       5.60700      10.37000      -6.49800
       5.64000       8.07100      -5.36000
       5.67300       5.51800      -4.49500
       5.70600       4.02600      -4.39900
       5.73900       2.98900      -3.79700
       5.77200       2.20100      -2.29400
       5.80500       1.50900      -0.85580
       5.83800       0.68810      -0.17630
       5.87100       0.16610      -0.01851
       5.90400       0.01938      -0.00094
       5.93700       0.00105      -0.00002
       5.97000       0.00003      -0.00000
       6.00300       0.00000      -0.00000
       6.03600       0.00000      -0.00000
       6.06900       0.00000      -0.00000
       6.10200       0.00000       0.00000
       6.13500       0.00000       0.00000
       6.16800       0.00000       0.00000
       6.20100       0.00000       0.00000
       6.23400       0.00000       0.00000
       6.26700       0.00000       0.00000
       6.30000       0.00000       0.00000
       6.33300       0.00000       0.00000
       6.36600       0.00000       0.00000
       6.39900       0.00000       0.00000
       6.43200       0.00000       0.00000
       6.46500       0.00000       0.00000
       6.49800       0.00000       0.00000
       6.53100       0.00000       0.00000
       6.56400       0.00000       0.00000
       6.59700       0.00000       0.00000
       6.63000       0.00000       0.00000
       6.66300       0.00000       0.00000
       6.69600       0.00000       0.00000
       6.72900       0.00000       0.00000
       6.76200       0.00000       0.00000
       6.79500       0.00000       0.00000
       6.82800       0.00000       0.00000
       6.86100       0.00000       0.00000
       6.89400       0.00000       0.00000
       6.92700       0.00000       0.00000
       6.96000       0.00000       0.00000
       6.99300       0.00000       0.00000
       7.02600       0.00000       0.00000
       7.05900       0.00000       0.00000
       7.09200       0.00000       0.00000
       7.12500       0.00000       0.00000
       7.15800       0.00000       0.00000
       7.19100       0.00000       0.00000
       7.22400       0.00000       0.00000
       7.25700       0.00000       0.00000
       7.29000       0.00000       0.00000
