      #Energy        TDOS-UP        TDOS-DOWN
     -21.99959       0.00000       0.00000
     -21.96659       0.00000       0.00000
     -21.93459       0.00000       0.00000
     -21.90259       0.00000       0.00000
     -21.86959       0.00000       0.00000
     -21.83759       0.00000       0.00000
     -21.80559       0.00000       0.00000
     -21.77259       0.00000       0.00000
     -21.74059       0.00000       0.00000
     -21.70859       0.00000       0.00000
     -21.67659       0.00000       0.00000
     -21.64359       0.00000       0.00000
     -21.61159       0.00000       0.00000
     -21.57959       0.00000       0.00000
     -21.54659       0.00000       0.00000
     -21.51459       0.00000       0.00000
     -21.48259       0.00000       0.00000
     -21.45059       0.00000       0.00000
     -21.41759       0.00000       0.00000
     -21.38559       0.00000       0.00000
     -21.35359       0.00000       0.00000
     -21.32059       0.00000       0.00000
     -21.28859       0.00000       0.00000
     -21.25659       0.00000       0.00000
     -21.22459       0.00000       0.00000
     -21.19159       0.00000       0.00000
     -21.15959       0.00000       0.00000
     -21.12759       0.00000       0.00000
     -21.09459       0.00000       0.00000
     -21.06259       0.00000       0.00000
     -21.03059       0.00000       0.00000
     -20.99859       0.00000       0.00000
     -20.96559       0.00000       0.00000
     -20.93359       0.00000       0.00000
     -20.90159       0.00000       0.00000
     -20.86859       0.00000       0.00000
     -20.83659       0.00000       0.00000
     -20.80459       0.00000      -0.00000
     -20.77159       0.00000      -0.00000
     -20.73959       0.00000      -0.00000
     -20.70759       0.00000      -0.00000
     -20.67559       0.00005      -0.00000
     -20.64259       0.00172      -0.00020
     -20.61059       0.02742      -0.00523
     -20.57859       0.21342      -0.06348
     -20.54559       0.87358      -0.38572
     -20.51359       2.07476      -1.27401
     -20.48159       3.23364      -2.54913
     -20.44959       3.82520      -3.52363
     -20.41659       3.97926      -3.91355
     -20.38459       3.99881      -3.99181
     -20.35259       3.99998      -3.99935
     -20.31959       4.00001      -3.99969
     -20.28759       4.00001      -3.99970
     -20.25559       4.00001      -3.99970
     -20.22359       4.00001      -3.99970
     -20.19059       4.00001      -3.99970
     -20.15859       4.00001      -3.99970
     -20.12659       4.00001      -3.99970
     -20.09359       4.00001      -3.99970
     -20.06159       4.00001      -3.99970
     -20.02959       4.00001      -3.99970
     -19.99759       4.00001      -3.99970
     -19.96459       4.00001      -3.99970
     -19.93259       4.00001      -3.99970
     -19.90059       4.00001      -3.99970
     -19.86759       4.00001      -3.99970
     -19.83559       4.00001      -3.99970
     -19.80359       4.00001      -3.99970
     -19.77159       4.00001      -3.99970
     -19.73859       4.00001      -3.99970
     -19.70659       4.00001      -3.99970
     -19.67459       4.00001      -3.99970
     -19.64159       4.00001      -3.99970
     -19.60959       4.00001      -3.99970
     -19.57759       4.00001      -3.99970
     -19.54459       4.00001      -3.99970
     -19.51259       4.00001      -3.99970
     -19.48059       4.00001      -3.99970
     -19.44859       4.00001      -3.99970
     -19.41559       4.00001      -3.99970
     -19.38359       4.00001      -3.99970
     -19.35159       4.00001      -3.99970
     -19.31859       4.00001      -3.99970
     -19.28659       4.00001      -3.99970
     -19.25459       4.00001      -3.99970
     -19.22259       4.00001      -3.99970
     -19.18959       4.00001      -3.99970
     -19.15759       4.00001      -3.99970
     -19.12559       4.00001      -3.99970
     -19.09259       4.00001      -3.99970
     -19.06059       4.00001      -3.99970
     -19.02859       4.00001      -3.99970
     -18.99659       4.00001      -3.99970
     -18.96359       4.00001      -3.99970
     -18.93159       4.00001      -3.99970
     -18.89959       4.00001      -3.99970
     -18.86659       4.00001      -3.99970
     -18.83459       4.00001      -3.99970
     -18.80259       4.00001      -3.99970
     -18.77059       4.00001      -3.99970
     -18.73759       4.00001      -3.99970
     -18.70559       4.00001      -3.99970
     -18.67359       4.00001      -3.99970
     -18.64059       4.00001      -3.99970
     -18.60859       4.00001      -3.99970
     -18.57659       4.00001      -3.99970
     -18.54459       4.00001      -3.99970
     -18.51159       4.00003      -3.99970
     -18.47959       4.00074      -3.99984
     -18.44759       4.01241      -4.00323
     -18.41459       4.11111      -4.04258
     -18.38259       4.56289      -4.28291
     -18.35059       5.75147      -5.10146
     -18.31759       7.66593      -6.74759
     -18.28559       9.73764      -8.84706
     -18.25359      11.54990     -10.79139
     -18.22159      13.15938     -12.45689
     -18.18859      14.61225     -13.97919
     -18.15659      15.78953     -15.30016
     -18.12459      16.72077     -16.33262
     -18.09159      17.69075     -17.25627
     -18.05959      18.96022     -18.40918
     -18.02759      20.43957     -19.86270
     -17.99559      21.77249     -21.28199
     -17.96259      22.76169     -22.38517
     -17.93059      23.44090     -23.18418
     -17.89859      23.91379     -23.73359
     -17.86559      24.47240     -24.19888
     -17.83359      25.45078     -24.96883
     -17.80159      26.66115     -26.14369
     -17.76959      27.53911     -27.22862
     -17.73659      27.90324     -27.80106
     -17.70459      27.98826     -27.97021
     -17.67259      28.00049     -27.99769
     -17.63959      28.02140     -28.00507
     -17.60759      28.17089     -28.05970
     -17.57559      28.77874     -28.36301
     -17.54359      30.27617     -29.32492
     -17.51059      32.67159     -31.24777
     -17.47859      35.21957     -33.81949
     -17.44659      37.02408     -36.13417
     -17.41359      37.92819     -37.53038
     -17.38159      38.43465     -38.19910
     -17.34959      39.08077     -38.74367
     -17.31659      40.13584     -39.59741
     -17.28459      41.45003     -40.81295
     -17.25259      42.63054     -42.06030
     -17.22059      43.54692     -43.05967
     -17.18759      44.42343     -43.92665
     -17.15559      45.46396     -44.91697
     -17.12359      46.53065     -46.02919
     -17.09059      47.33079     -46.99207
     -17.05859      47.77158     -47.60493
     -17.02659      47.94715     -47.89003
     -16.99459      47.99273     -47.98014
     -16.96159      47.99954     -47.99740
     -16.92959      48.00007     -47.99922
     -16.89759      48.00009     -47.99932
     -16.86459      48.00009     -47.99932
     -16.83259      48.00009     -47.99932
     -16.80059      48.00009     -47.99932
     -16.76859      48.00009     -47.99932
     -16.73559      48.00009     -47.99932
     -16.70359      48.00015     -47.99933
     -16.67159      48.00166     -47.99982
     -16.63859      48.01893     -48.00725
     -16.60659      48.11555     -48.06155
     -16.57459      48.39653     -48.26263
     -16.54259      48.86199     -48.67113
     -16.50959      49.36329     -49.18115
     -16.47759      49.79871     -49.64628
     -16.44559      50.22316     -50.06217
     -16.41259      50.75691     -50.54377
     -16.38059      51.40416     -51.15453
     -16.34859      52.00781     -51.78564
     -16.31659      52.45406     -52.28774
     -16.28359      52.82184     -52.66763
     -16.25159      53.27066     -53.07383
     -16.21959      53.86270     -53.61614
     -16.18659      54.58340     -54.29923
     -16.15459      55.38871     -55.08823
     -16.12259      56.18659     -55.89789
     -16.08959      56.91278     -56.64556
     -16.05759      57.51789     -57.29410
     -16.02559      57.99045     -57.79992
     -15.99359      58.53227     -58.26085
     -15.96059      59.38585     -58.95363
     -15.92859      60.49096     -59.97640
     -15.89659      61.63289     -61.13302
     -15.86359      62.69232     -62.24831
     -15.83159      63.54460     -63.20667
     -15.79959      64.23641     -63.93335
     -15.76759      65.16926     -64.70668
     -15.73459      66.51719     -65.89172
     -15.70259      67.88289     -67.30116
     -15.67059      68.87337     -68.45891
     -15.63759      69.53289     -69.23192
     -15.60559      70.14720     -69.84268
     -15.57359      70.89374     -70.53869
     -15.54159      71.67725     -71.32091
     -15.50859      72.37180     -72.03338
     -15.47659      73.09315     -72.71146
     -15.44459      74.00792     -73.53663
     -15.41159      75.08833     -74.52824
     -15.37959      76.19119     -75.56087
     -15.34759      77.20331     -76.55184
     -15.31559      78.16134     -77.49583
     -15.28259      79.22142     -78.49923
     -15.25059      80.37303     -79.67022
     -15.21859      81.40210     -80.85880
     -15.18559      82.18174     -81.80893
     -15.15359      82.82479     -82.50558
     -15.12159      83.50691     -83.15508
     -15.08959      84.17611     -83.85303
     -15.05659      84.66756     -84.44974
     -15.02459      85.05342     -84.86821
     -14.99259      85.68549     -85.33173
     -14.95959      86.99355     -86.25312
     -14.92759      89.00762     -87.92976
     -14.89559      91.11081     -90.07412
     -14.86259      92.83104     -92.02878
     -14.83059      94.31346     -93.62308
     -14.79859      95.64073     -95.04367
     -14.76659      96.65124     -96.21175
     -14.73359      97.45606     -97.05709
     -14.70159      98.47593     -97.88549
     -14.66959      99.95722     -99.10345
     -14.63659     101.68892    -100.74700
     -14.60459     103.32439    -102.48290
     -14.57259     104.69638    -104.01989
     -14.54059     105.78406    -105.25561
     -14.50759     106.65136    -106.21978
     -14.47559     107.34268    -106.99393
     -14.44359     107.85673    -107.59871
     -14.41059     108.28360    -108.05933
     -14.37859     108.79346    -108.51542
     -14.34659     109.49705    -109.11891
     -14.31459     110.44427    -109.94811
     -14.28159     111.61752    -111.02481
     -14.24959     112.93784    -112.29267
     -14.21759     114.34648    -113.67838
     -14.18459     115.73171    -115.09864
     -14.15259     116.92175    -116.38652
     -14.12059     117.83684    -117.41801
     -14.08859     118.47972    -118.18183
     -14.05559     118.96859    -118.72704
     -14.02359     119.60583    -119.26983
     -13.99159     120.60536    -120.10968
     -13.95859     121.83834    -121.27227
     -13.92659     123.05857    -122.51785
     -13.89459     124.21082    -123.69449
     -13.86159     125.42363    -124.87419
     -13.82959     126.74831    -126.16513
     -13.79759     128.02085    -127.48013
     -13.76559     129.09141    -128.62739
     -13.73259     129.97760    -129.55797
     -13.70059     130.71510    -130.34100
     -13.66859     131.27678    -130.98663
     -13.63559     131.65349    -131.45871
     -13.60359     131.87060    -131.76180
     -13.57159     131.96615    -131.92260
     -13.53959     131.99360    -131.98309
     -13.50659     131.99869    -131.99713
     -13.47459     132.00791    -132.00178
     -13.44259     132.07479    -132.03174
     -13.40959     132.33955    -132.18747
     -13.37759     132.92755    -132.62417
     -13.34559     133.73705    -133.34100
     -13.31359     134.52411    -134.12968
     -13.28059     135.13988    -134.81745
     -13.24859     135.55787    -135.34022
     -13.21659     135.80952    -135.68395
     -13.18359     135.93832    -135.87776
     -13.15159     135.99690    -135.96811
     -13.11959     136.08694    -136.02281
     -13.08759     136.39224    -136.17659
     -13.05459     137.04110    -136.61537
     -13.02259     137.90598    -137.36918
     -12.99059     138.81881    -138.24810
     -12.95759     139.80574    -139.16303
     -12.92559     140.86969    -140.18791
     -12.89359     141.93848    -141.30755
     -12.86159     142.97417    -142.42058
     -12.82859     143.91364    -143.42608
     -12.79659     144.71668    -144.27385
     -12.76459     145.42415    -145.01990
     -12.73159     146.17456    -145.78775
     -12.69959     147.18039    -146.74579
     -12.66759     148.45260    -147.97231
     -12.63459     149.77422    -149.32783
     -12.60259     150.96894    -150.60360
     -12.57059     151.90356    -151.61766
     -12.53859     152.57551    -152.29945
     -12.50559     153.21323    -152.82529
     -12.47359     153.95929    -153.44671
     -12.44159     154.69921    -154.19986
     -12.40859     155.34920    -154.93284
     -12.37659     156.05069    -155.60172
     -12.34459     156.97838    -156.35117
     -12.31259     158.10609    -157.28950
     -12.27959     159.26433    -158.37718
     -12.24759     160.37138    -159.51895
     -12.21559     161.48069    -160.68557
     -12.18259     162.61923    -161.89741
     -12.15059     163.71562    -163.08066
     -12.11859     164.73711    -164.12846
     -12.08659     165.81042    -165.12912
     -12.05359     167.03000    -166.28703
     -12.02159     168.21600    -167.56732
     -11.98959     169.10655    -168.66097
     -11.95659     169.73572    -169.38975
     -11.92459     170.40799    -169.94400
     -11.89259     171.34164    -170.67601
     -11.86059     172.47372    -171.76078
     -11.82759     173.58223    -173.03106
     -11.79559     174.51798    -174.17379
     -11.76359     175.30295    -175.07435
     -11.73059     176.01283    -175.82428
     -11.69859     176.67235    -176.49817
     -11.66659     177.33510    -177.15284
     -11.63459     178.03465    -177.84884
     -11.60159     178.66269    -178.51401
     -11.56959     179.10167    -179.00788
     -11.53759     179.38583    -179.31927
     -11.50459     179.65925    -179.57864
     -11.47259     180.03242    -179.92071
     -11.44059     180.49933    -180.36954
     -11.40759     180.98868    -180.86180
     -11.37559     181.42362    -181.31595
     -11.34359     181.79334    -181.69051
     -11.31159     182.24184    -182.07912
     -11.27859     182.97611    -182.68326
     -11.24659     184.03295    -183.62386
     -11.21459     185.20265    -184.78064
     -11.18159     186.25093    -185.89463
     -11.14959     187.09531    -186.81537
     -11.11759     187.80164    -187.55900
     -11.08559     188.56045    -188.28601
     -11.05259     189.46117    -189.14540
     -11.02059     190.38353    -190.06565
     -10.98859     191.28926    -190.95281
     -10.95559     192.27958    -191.88696
     -10.92359     193.36532    -192.93556
     -10.89159     194.44670    -194.02954
     -10.85959     195.44995    -195.06911
     -10.82659     196.38150    -196.02020
     -10.79459     197.32259    -196.92302
     -10.76259     198.33842    -197.86927
     -10.72959     199.34618    -198.86492
     -10.69759     200.31374    -199.81666
     -10.66559     201.38818    -200.77583
     -10.63359     202.62278    -201.86883
     -10.60059     203.94456    -203.12119
     -10.56859     205.22517    -204.48107
     -10.53659     206.34659    -205.77831
     -10.50359     207.41732    -206.94042
     -10.47159     208.53503    -208.08848
     -10.43959     209.54682    -209.17955
     -10.40659     210.40347    -210.09657
     -10.37459     211.21975    -210.92254
     -10.34259     212.00601    -211.71784
     -10.31059     212.75836    -212.47213
     -10.27759     213.46405    -213.20413
     -10.24559     214.00845    -213.82458
     -10.21359     214.41078    -214.26776
     -10.18059     214.89287    -214.70351
     -10.14859     215.58823    -215.33445
     -10.11659     216.43018    -216.15396
     -10.08459     217.37708    -217.08697
     -10.05159     218.45152    -218.14317
     -10.01959     219.59764    -219.28752
      -9.98759     220.77912    -220.46464
      -9.95459     221.95463    -221.65274
      -9.92259     222.91509    -222.68907
      -9.89059     223.49695    -223.36942
      -9.85859     223.80819    -223.72748
      -9.82559     224.09989    -223.98297
      -9.79359     224.65318    -224.40592
      -9.76159     225.72229    -225.28646
      -9.72859     227.26525    -226.71318
      -9.69659     228.80482    -228.31733
      -9.66459     229.91123    -229.58228
      -9.63259     230.62984    -230.39534
      -9.59959     231.26385    -231.00642
      -9.56759     232.12695    -231.72906
      -9.53559     233.40950    -232.83272
      -9.50259     234.96877    -234.33323
      -9.47059     236.44344    -235.90428
      -9.43859     237.62314    -237.21476
      -9.40659     238.61605    -238.25029
      -9.37359     239.70244    -239.27904
      -9.34159     240.98321    -240.50298
      -9.30959     242.32727    -241.83897
      -9.27659     243.68166    -243.17980
      -9.24459     245.07900    -244.56438
      -9.21259     246.42758    -245.95268
      -9.17959     247.60680    -247.20455
      -9.14759     248.60148    -248.26284
      -9.11559     249.51932    -249.18020
      -9.08359     250.63363    -250.17213
      -9.05059     252.19258    -251.55559
      -9.01859     254.04536    -253.35897
      -8.98659     255.70812    -255.14733
      -8.95359     256.88282    -256.49720
      -8.92159     257.58593    -257.35611
      -8.88959     257.93569    -257.82922
      -8.85759     258.11845    -258.06159
      -8.82459     258.35436    -258.26502
      -8.79259     258.80215    -258.63685
      -8.76059     259.44343    -259.23227
      -8.72759     260.11586    -259.91633
      -8.69559     260.73243    -260.56035
      -8.66359     261.27442    -261.13091
      -8.63159     261.73842    -261.61154
      -8.59859     262.23875    -262.08555
      -8.56659     262.94428    -262.73070
      -8.53459     263.93105    -263.65854
      -8.50159     265.13562    -264.82404
      -8.46959     266.44981    -266.10546
      -8.43759     267.79952    -267.43709
      -8.40559     269.11452    -268.76274
      -8.37259     270.41014    -270.06175
      -8.34059     271.74855    -271.39451
      -8.30859     273.07437    -272.73809
      -8.27559     274.33754    -274.02128
      -8.24359     275.59571    -275.28009
      -8.21159     276.86631    -276.55457
      -8.17959     278.10430    -277.80596
      -8.14659     279.35294    -279.04830
      -8.11459     280.71960    -280.38493
      -8.08259     282.22446    -281.85977
      -8.04959     283.76920    -283.40838
      -8.01759     285.12682    -284.82735
      -7.98559     286.19819    -285.94215
      -7.95259     287.25052    -286.93861
      -7.92059     288.58004    -288.14270
      -7.88859     290.27219    -289.68550
      -7.85659     292.31160    -291.59140
      -7.82359     294.59868    -293.82762
      -7.79159     296.94808    -296.22255
      -7.75959     299.16671    -298.53821
      -7.72659     301.08843    -300.57908
      -7.69459     302.73262    -302.29705
      -7.66259     304.33807    -303.90233
      -7.63059     305.92317    -305.51730
      -7.59759     307.24511    -306.93402
      -7.56559     308.25287    -308.01863
      -7.53359     309.17490    -308.94712
      -7.50059     310.22367    -309.96457
      -7.46859     311.42404    -311.13361
      -7.43659     312.79845    -312.46492
      -7.40459     314.36273    -314.00094
      -7.37159     315.92135    -315.59799
      -7.33959     317.19663    -316.96207
      -7.30759     318.22329    -318.03748
      -7.27459     319.37684    -319.16665
      -7.24259     320.70604    -320.49069
      -7.21059     321.86476    -321.68169
      -7.17859     322.80794    -322.63117
      -7.14559     323.66539    -323.49427
      -7.11359     324.41225    -324.26164
      -7.08159     325.13684    -324.96749
      -7.04859     326.06920    -325.82624
      -7.01659     327.33560    -327.00417
      -6.98459     328.87098    -328.49708
      -6.95159     330.37035    -330.05764
      -6.91959     331.41734    -331.24090
      -6.88759     331.95335    -331.86667
      -6.85559     332.45094    -332.32131
      -6.82259     333.49809    -333.22349
      -6.79059     335.15827    -334.78050
      -6.75859     336.84460    -336.50121
      -6.72559     338.08694    -337.83478
      -6.69359     339.02819    -338.81526
      -6.66159     340.03886    -339.80138
      -6.62959     341.28120    -340.99820
      -6.59659     342.67063    -342.35243
      -6.56459     344.11592    -343.75897
      -6.53259     345.63983    -345.25366
      -6.49959     347.21767    -346.85911
      -6.46759     348.72447    -348.42435
      -6.43559     350.13875    -349.82992
      -6.40359     351.80184    -351.29361
      -6.37059     354.19967    -353.22551
      -6.33859     357.35227    -355.73603
      -6.30659     360.79274    -358.65938
      -6.27359     364.07661    -361.77291
      -6.24159     367.07438    -364.80346
      -6.20959     369.88714    -367.68258
      -6.17759     372.56282    -370.53828
      -6.14459     374.93224    -373.30744
      -6.11259     376.89239    -375.73143
      -6.08059     378.73597    -377.76746
      -6.04759     380.81139    -379.71178
      -6.01559     383.06037    -381.79738
      -5.98359     385.34584    -384.01519
      -5.95159     387.76966    -386.38526
      -5.91859     390.23191    -388.93421
      -5.88659     392.47734    -391.41858
      -5.85459     394.73084    -393.73795
      -5.82159     397.45900    -396.34373
      -5.78959     400.70314    -399.57367
      -5.75759     404.12424    -403.09486
      -5.72459     407.48721    -406.38066
      -5.69259     410.77592    -409.35696
      -5.66059     413.83827    -412.30630
      -5.62859     416.49717    -415.28341
      -5.59559     418.84092    -418.04338
      -5.56359     421.05631    -420.49174
      -5.53159     423.40006    -422.88490
      -5.49859     426.09189    -425.52038
      -5.46659     429.03235    -428.33314
      -5.43459     431.87772    -430.93197
      -5.40259     434.46784    -433.08263
      -5.36959     437.05635    -435.13303
      -5.33759     439.85667    -437.63064
      -5.30559     442.69235    -440.52541
      -5.27259     445.57082    -443.44843
      -5.24059     448.88164    -446.59103
      -5.20859     452.57397    -450.40606
      -5.17659     455.92031    -454.43258
      -5.14359     458.28925    -457.47427
      -5.11159     460.00238    -459.25102
      -5.07959     462.31836    -460.93266
      -5.04659     466.13662    -463.93738
      -5.01459     470.67171    -468.31425
      -4.98259     474.26264    -472.52160
      -4.95059     476.40539    -475.29367
      -4.91759     477.85875    -476.90670
      -4.88559     479.27869    -478.30130
      -4.85359     480.70670    -479.89269
      -4.82059     482.01201    -481.44438
      -4.78859     483.24257    -482.68785
      -4.75659     484.59826    -483.73323
      -4.72459     486.21726    -484.97719
      -4.69159     488.04663    -486.74215
      -4.65959     489.92121    -488.88489
      -4.62759     491.65775    -490.93384
      -4.59459     493.19378    -492.64261
      -4.56259     494.56948    -494.06771
      -4.53059     495.84847    -495.32104
      -4.49759     497.20238    -496.58018
      -4.46559     498.74664    -498.03886
      -4.43359     500.30800    -499.66965
      -4.40159     501.65513    -501.19518
      -4.36859     502.92137    -502.50953
      -4.33659     504.41073    -503.84584
      -4.30459     506.15228    -505.37363
      -4.27159     508.07998    -507.10016
      -4.23959     510.10454    -509.00832
      -4.20759     511.89791    -510.93973
      -4.17559     513.27652    -512.61088
      -4.14259     514.46058    -513.93977
      -4.11059     515.73393    -515.08993
      -4.07859     517.34761    -516.40509
      -4.04559     519.38928    -518.28854
      -4.01359     521.49312    -520.55528
      -3.98159     523.19204    -522.49121
      -3.94959     524.47685    -523.81800
      -3.91659     525.72646    -524.91714
      -3.88459     527.36420    -526.29558
      -3.85259     529.66015    -528.22958
      -3.81959     532.58108    -530.79306
      -3.78759     536.00088    -533.95535
      -3.75559     539.99028    -537.69450
      -3.72359     544.37038    -541.97773
      -3.69059     548.42273    -546.38043
      -3.65859     551.61651    -550.22129
      -3.62659     554.05051    -553.20114
      -3.59359     556.17727    -555.51632
      -3.56159     558.56009    -557.72848
      -3.52959     561.38511    -560.35089
      -3.49759     564.51851    -563.41906
      -3.46459     568.14464    -566.93218
      -3.43259     572.16471    -570.85699
      -3.40059     575.92000    -574.63489
      -3.36759     579.00819    -577.67496
      -3.33559     581.27703    -579.82788
      -3.30359     582.87940    -581.27720
      -3.27059     584.21474    -582.43366
      -3.23859     585.28660    -583.65292
      -3.20659     586.01102    -584.84974
      -3.17459     586.71865    -585.72721
      -3.14159     587.71608    -586.41660
      -3.10959     588.87948    -587.32184
      -3.07759     589.95763    -588.48556
      -3.04459     590.95909    -589.63087
      -3.01259     592.10263    -590.63492
      -2.98059     593.52096    -591.64720
      -2.94859     595.07183    -592.89407
      -2.91559     596.49097    -594.41637
      -2.88359     597.66502    -595.94642
      -2.85159     598.59254    -597.23768
      -2.81859     599.40479    -598.25529
      -2.78659     600.35023    -599.08062
      -2.75459     601.39254    -599.95648
      -2.72259     602.30457    -600.99782
      -2.68959     603.16945    -601.97717
      -2.65759     604.19739    -602.78166
      -2.62559     605.31639    -603.64235
      -2.59259     606.40487    -604.70888
      -2.56059     607.53760    -605.85548
      -2.52859     608.76364    -607.01791
      -2.49659     610.04586    -608.27301
      -2.46359     611.40155    -609.61304
      -2.43159     612.77079    -611.00698
      -2.39959     613.92967    -612.42030
      -2.36659     614.81069    -613.65070
      -2.33459     615.57467    -614.58129
      -2.30259     616.25985    -615.37287
      -2.26959     616.76664    -616.09729
      -2.23759     617.11355    -616.63750
      -2.20559     617.43688    -616.98271
      -2.17359     617.87537    -617.27533
      -2.14059     618.55943    -617.67836
      -2.10859     619.52554    -618.32948
      -2.07659     620.66407    -619.26524
      -2.04359     621.85863    -620.36745
      -2.01159     622.96052    -621.50130
      -1.97959     623.73273    -622.57945
      -1.94759     624.13393    -623.44352
      -1.91459     624.43438    -623.96533
      -1.88259     624.90856    -624.27185
      -1.85059     625.53401    -624.65442
      -1.81759     626.10037    -625.24209
      -1.78559     626.59715    -625.87336
      -1.75359     627.23697    -626.42147
      -1.72159     628.11428    -627.04031
      -1.68859     629.09653    -627.88097
      -1.65659     630.01275    -628.85983
      -1.62459     630.76397    -629.81125
      -1.59159     631.34292    -630.61688
      -1.55959     631.85278    -631.23813
      -1.52759     632.39912    -631.76445
      -1.49559     632.96774    -632.31079
      -1.46259     633.49568    -632.87183
      -1.43059     633.97954    -633.39702
      -1.39859     634.52588    -633.88831
      -1.36559     635.28082    -634.41415
      -1.33359     636.18880    -635.10805
      -1.30159     637.03463    -635.98520
      -1.26959     637.75711    -636.86590
      -1.23659     638.41485    -637.63779
      -1.20459     638.99623    -638.32104
      -1.17259     639.48994    -638.90903
      -1.13959     639.93893    -639.40969
      -1.10759     640.42408    -639.87659
      -1.07559     641.01272    -640.36627
      -1.04259     641.65642    -640.90421
      -1.01059     642.24458    -641.45605
      -0.97859     642.74071    -642.00384
      -0.94659     643.17775    -642.54243
      -0.91359     643.56313    -643.03679
      -0.88159     643.94366    -643.45026
      -0.84959     644.52859    -643.79608
      -0.81659     645.53635    -644.24491
      -0.78459     647.05510    -645.11689
      -0.75259     649.22981    -646.71281
      -0.72059     651.97879    -649.15359
      -0.68759     654.60185    -652.03351
      -0.65559     656.51065    -654.54904
      -0.62359     657.83082    -656.39229
      -0.59059     659.01908    -657.85679
      -0.55859     660.37864    -659.26834
      -0.52659     661.84604    -660.72767
      -0.49459     663.18219    -662.10370
      -0.46159     664.24178    -663.26241
      -0.42959     665.00188    -664.17072
      -0.39759     665.55920    -664.81410
      -0.36459     666.07535    -665.25679
      -0.33259     666.64300    -665.63054
      -0.30059     667.21420    -666.02819
      -0.26859     667.69129    -666.51157
      -0.23559     668.06859    -667.06711
      -0.20359     668.38637    -667.58262
      -0.17159     668.66240    -667.99835
      -0.13859     668.94463    -668.33876
      -0.10659     669.32705    -668.62975
      -0.07459     669.88598    -668.90895
      -0.04259     670.56988    -669.22335
      -0.00959     671.23004    -669.61454
       0.02241     671.85453    -670.11519
       0.05441     672.57830    -670.68672
       0.08741     673.44512    -671.25066
       0.11941     674.36021    -671.81670
       0.15141     675.26093    -672.48300
       0.18441     676.17166    -673.33060
       0.21641     677.03654    -674.33239
       0.24841     677.75046    -675.36873
       0.28041     678.40094    -676.34356
       0.31341     679.14167    -677.25558
       0.34541     679.91436    -678.14871
       0.37741     680.56936    -679.03135
       0.41041     681.09536    -679.86943
       0.44241     681.60892    -680.60015
       0.47441     682.24923    -681.19751
       0.50641     683.04469    -681.78163
       0.53941     683.88454    -682.52074
       0.57141     684.70195    -683.41581
       0.60341     685.40813    -684.34769
       0.63641     685.82930    -685.17608
       0.66841     685.97259    -685.72065
       0.70041     685.99794    -685.94065
       0.73241     686.00017    -685.98900
       0.76541     686.00026    -685.99442
       0.79741     686.00026    -685.99472
       0.82941     686.00026    -685.99473
       0.86241     686.00026    -685.99473
       0.89441     686.00026    -685.99473
       0.92641     686.00026    -685.99473
       0.95841     686.00026    -685.99473
       0.99141     686.00026    -685.99473
       1.02341     686.00026    -685.99473
       1.05541     686.00026    -685.99473
       1.08841     686.00026    -685.99473
       1.12041     686.00026    -685.99473
       1.15241     686.00026    -685.99473
       1.18541     686.00026    -685.99473
       1.21741     686.00026    -685.99473
       1.24941     686.00026    -685.99473
       1.28141     686.00026    -685.99473
       1.31441     686.00026    -685.99473
       1.34641     686.00027    -685.99473
       1.37841     686.00038    -685.99473
       1.41141     686.00198    -685.99494
       1.44341     686.01327    -685.99745
       1.47541     686.05534    -686.01283
       1.50741     686.14975    -686.06328
       1.54041     686.31385    -686.16604
       1.57241     686.59969    -686.33870
       1.60441     687.05676    -686.64214
       1.63741     687.60035    -687.11535
       1.66941     688.06323    -687.64861
       1.70141     688.38315    -688.08210
       1.73341     688.64370    -688.37810
       1.76641     688.97906    -688.62066
       1.79841     689.41400    -688.93823
       1.83041     689.87639    -689.36348
       1.86341     690.43193    -689.82636
       1.89541     691.25613    -690.38222
       1.92741     692.34042    -691.19980
       1.95941     693.48476    -692.25923
       1.99241     694.55743    -693.34949
       2.02441     695.54614    -694.37194
       2.05641     696.50869    -695.36210
       2.08941     697.56505    -696.35614
       2.12141     698.75622    -697.42703
       2.15341     699.95804    -698.61675
       2.18541     701.02489    -699.82051
       2.21841     701.92093    -700.89285
       2.25041     702.63454    -701.79906
       2.28241     703.15585    -702.54398
       2.31541     703.54866    -703.11018
       2.34741     703.95470    -703.52833
       2.37941     704.57741    -703.91080
       2.41241     705.48911    -704.45650
       2.44441     706.49816    -705.27779
       2.47641     707.40163    -706.23938
       2.50841     708.22243    -707.15899
       2.54141     709.10701    -708.02161
       2.57341     710.08022    -708.91894
       2.60541     711.04471    -709.86503
       2.63841     711.96658    -710.77850
       2.67041     712.82049    -711.66808
       2.70241     713.56202    -712.56525
       2.73441     714.27433    -713.38751
       2.76741     715.10321    -714.12404
       2.79941     716.12243    -714.88204
       2.83141     717.30004    -715.74304
       2.86441     718.47151    -716.73757
       2.89641     719.41340    -717.83703
       2.92841     720.09697    -718.90195
       2.96041     720.74293    -719.76198
       2.99341     721.48527    -720.47849
       3.02541     722.23503    -721.24505
       3.05741     722.86710    -722.04115
       3.09041     723.36517    -722.71229
       3.12241     723.82885    -723.22683
       3.15441     724.33661    -723.70052
       3.18641     724.84759    -724.23394
       3.21941     725.31386    -724.78545
       3.25141     725.79368    -725.26980
       3.28341     726.37748    -725.70135
       3.31641     727.02457    -726.18925
       3.34841     727.55396    -726.80404
       3.38041     727.85551    -727.40948
       3.41241     728.00083    -727.80527
       3.44541     728.22626    -728.03787
       3.47741     728.91823    -728.47413
       3.50941     730.28731    -729.57812
       3.54241     731.96944    -731.30739
       3.57441     733.43911    -732.98000
       3.60641     734.64093    -734.20620
       3.63941     735.73846    -735.23866
       3.67141     736.69472    -736.23351
       3.70341     737.38943    -737.03898
       3.73541     737.79767    -737.56126
       3.76841     738.07191    -737.87452
       3.80041     738.65361    -738.23589
       3.83241     740.04981    -739.09399
       3.86541     742.19094    -740.69459
       3.89741     744.48690    -742.74999
       3.92941     746.53633    -744.80685
       3.96141     748.32680    -746.70484
       3.99441     750.18733    -748.68468
       4.02641     752.44002    -750.99000
       4.05841     754.88548    -753.52991
       4.09141     757.10411    -756.09807
       4.12341     758.96351    -758.43552
       4.15541     760.43204    -760.22599
       4.18741     761.39266    -761.31819
       4.22041     761.88444    -761.84386
       4.25241     762.22089    -762.15598
       4.28441     762.78112    -762.65521
       4.31741     763.72317    -763.54221
       4.34941     764.91660    -764.70996
       4.38141     766.19075    -765.97120
       4.41341     767.49154    -767.26666
       4.44641     768.82333    -768.59651
       4.47841     770.29300    -770.04099
       4.51041     772.00080    -771.70569
       4.54341     773.86973    -773.51488
       4.57541     775.85764    -775.33166
       4.60741     778.12809    -777.29019
       4.64041     780.66590    -779.63313
       4.67241     783.10329    -782.10927
       4.70441     785.29899    -784.20229
       4.73641     787.48452    -785.95449
       4.76941     789.71832    -787.82132
       4.80141     791.92323    -789.92629
       4.83341     794.41018    -792.16412
       4.86641     797.52226    -794.79170
       4.89841     800.86263    -798.02487
       4.93041     803.78695    -801.35232
       4.96241     806.33751    -804.20867
       4.99541     808.91068    -806.77780
       5.02741     811.49563    -809.41232
       5.05941     813.80418    -811.99565
       5.09241     815.81002    -814.32536
       5.12441     817.77582    -816.52832
       5.15641     819.90452    -818.84269
       5.18841     822.28459    -821.36484
       5.22141     824.97206    -824.06829
       5.25341     827.88104    -826.83842
       5.28541     830.85412    -829.63294
       5.31841     833.71579    -832.41421
       5.35041     836.29057    -834.99093
       5.38241     838.63077    -837.35179
       5.41441     840.96532    -839.72686
       5.44741     843.44807    -842.28065
       5.47941     846.11310    -845.02996
       5.51141     848.94652    -847.92054
       5.54441     851.86955    -850.86955
       5.57641     854.71217    -853.73817
       5.60841     857.35815    -856.40385
       5.64041     859.86303    -858.89968
       5.67341     862.32496    -861.35531
       5.70541     864.76590    -863.83387
       5.73741     867.18940    -866.33164
       5.77041     869.58417    -868.80503
       5.80241     871.91758    -871.18591
       5.83441     874.22565    -873.47929
       5.86741     876.62736    -875.78397
       5.89941     879.18987    -878.19504
       5.93141     881.80275    -880.69733
       5.96341     884.35348    -883.24838
       5.99641     886.91486    -885.88952
       6.02841     889.54001    -888.59749
       6.06041     892.15871    -891.25946
       6.09341     894.73397    -893.84118
       6.12541     897.28744    -896.39820
       6.15741     899.85496    -898.99058
       6.18941     902.48786    -901.65852
       6.22241     905.18389    -904.39830
       6.25441     907.86184    -907.13550
       6.28641     910.49086    -909.80101
       6.31941     913.08324    -912.39985
       6.35141     915.62186    -914.96075
       6.38341     918.13755    -917.47740
       6.41541     920.67988    -919.96210
       6.44841     923.22043    -922.46762
       6.48041     925.70254    -924.98670
       6.51241     928.12040    -927.46639
       6.54541     930.52146    -929.88941
       6.57741     932.93366    -932.27917
       6.60941     935.34780    -934.69476
       6.64141     937.78616    -937.16557
       6.67441     940.27214    -939.65720
       6.70641     942.77460    -942.12123
       6.73841     945.23992    -944.52407
       6.77141     947.62596    -946.85910
       6.80341     949.92257    -949.15748
       6.83541     952.18382    -951.46264
       6.86741     954.49850    -953.78718
       6.90041     956.85081    -956.12431
       6.93241     959.14370    -958.45789
       6.96441     961.37508    -960.77693
       6.99741     963.62374    -963.11325
       7.02941     965.95731    -965.49575
       7.06141     968.36193    -967.93136
       7.09441     970.76444    -970.43446
       7.12641     973.15307    -972.98034
       7.15841     975.54300    -975.48909
       7.19041     977.93227    -977.90468
       7.22341     980.33495    -980.25844
       7.25541     982.72939    -982.59057
       7.28741     985.04134    -984.86521
       7.32041     987.22089    -987.03395
       7.35241     989.30987    -989.12180
       7.38441     991.38691    -991.17882
       7.41641     993.44974    -993.18062
       7.44941     995.42974    -995.10557
       7.48141     997.29076    -997.00889
       7.51341     999.09172    -998.90962
       7.54641    1000.91253   -1000.75352
       7.57841    1002.72366   -1002.50928
       7.61041    1004.45116   -1004.20433
       7.64241    1006.07921   -1005.86353
       7.67541    1007.63783   -1007.46946
       7.70741    1009.17030   -1008.99370
       7.73941    1010.67743   -1010.41896
       7.77241    1012.11432   -1011.75818
       7.80441    1013.46564   -1013.05316
       7.83641    1014.74222   -1014.33135
       7.86841    1015.91821   -1015.58580
       7.90141    1016.98490   -1016.77858
       7.93341    1018.01494   -1017.87401
       7.96541    1019.07210   -1018.89081
       7.99841    1020.12394   -1019.89728
       8.03041    1021.10797   -1020.92733
       8.06241    1022.00918   -1021.93250
       8.09541    1022.85371   -1022.86616
       8.12741    1023.67936   -1023.74896
       8.15941    1024.48741   -1024.59528
       8.19141    1025.25704   -1025.37281
       8.22441    1026.01100   -1026.09255
       8.25641    1026.76609   -1026.80551
       8.28841    1027.48099   -1027.49812
       8.32141    1028.12436   -1028.11372
       8.35341    1028.71155   -1028.63100
       8.38541    1029.25160   -1029.07612
       8.41741    1029.73578   -1029.49136
       8.45041    1030.16733   -1029.89644
       8.48241    1030.55222   -1030.27649
       8.51441    1030.88812   -1030.60896
       8.54741    1031.16442   -1030.89856
       8.57941    1031.37642   -1031.16079
       8.61141    1031.54334   -1031.39174
       8.64341    1031.68498   -1031.58454
       8.67641    1031.79774   -1031.73942
       8.70841    1031.87852   -1031.85174
       8.74041    1031.93771   -1031.91926
       8.77341    1031.97724   -1031.95393
       8.80541    1031.99504   -1031.97295
       8.83741    1031.99952   -1031.98488
       8.86941    1032.00009   -1031.99074
       8.90241    1032.00012   -1031.99238
       8.93441    1032.00012   -1031.99261
       8.96641    1032.00012   -1031.99263
       8.99941    1032.00012   -1031.99263
       9.03141    1032.00012   -1031.99263
       9.06341    1032.00012   -1031.99263
       9.09541    1032.00012   -1031.99263
       9.12841    1032.00012   -1031.99263
       9.16041    1032.00012   -1031.99263
       9.19241    1032.00012   -1031.99263
       9.22541    1032.00012   -1031.99263
       9.25741    1032.00012   -1031.99263
       9.28941    1032.00012   -1031.99263
       9.32241    1032.00012   -1031.99263
       9.35441    1032.00012   -1031.99263
       9.38641    1032.00012   -1031.99263
       9.41841    1032.00012   -1031.99263
       9.45141    1032.00012   -1031.99263
       9.48341    1032.00012   -1031.99263
       9.51541    1032.00012   -1031.99263
       9.54841    1032.00012   -1031.99263
       9.58041    1032.00012   -1031.99263
       9.61241    1032.00012   -1031.99263
       9.64441    1032.00012   -1031.99263
       9.67741    1032.00012   -1031.99263
       9.70941    1032.00012   -1031.99263
       9.74141    1032.00012   -1031.99263
       9.77441    1032.00012   -1031.99263
       9.80641    1032.00012   -1031.99263
       9.83841    1032.00012   -1031.99263
       9.87041    1032.00012   -1031.99263
       9.90341    1032.00012   -1031.99263
       9.93541    1032.00012   -1031.99263
       9.96741    1032.00012   -1031.99263
      10.00041    1032.00012   -1031.99263
      10.03241    1032.00012   -1031.99263
      10.06441    1032.00012   -1031.99263
      10.09641    1032.00012   -1031.99263
      10.12941    1032.00012   -1031.99263
      10.16141    1032.00012   -1031.99263
      10.19341    1032.00012   -1031.99263
      10.22641    1032.00012   -1031.99263
      10.25841    1032.00012   -1031.99263
