      #Energy        TDOS-UP        TDOS-DOWN
     -27.80900       0.00000       0.00000
     -27.77400       0.00000       0.00000
     -27.73900       0.00000       0.00000
     -27.70400       0.00000       0.00000
     -27.66900       0.00000       0.00000
     -27.63400       0.00000       0.00000
     -27.59800       0.00000       0.00000
     -27.56300       0.00000       0.00000
     -27.52800       0.00000       0.00000
     -27.49300       0.00000       0.00000
     -27.45800       0.00000       0.00000
     -27.42200       0.00000       0.00000
     -27.38700       0.00000       0.00000
     -27.35200       0.00000       0.00000
     -27.31700       0.00000       0.00000
     -27.28200       0.00000       0.00000
     -27.24600       0.00000       0.00000
     -27.21100       0.00000       0.00000
     -27.17600       0.00000       0.00000
     -27.14100       0.00000       0.00000
     -27.10600       0.00000       0.00000
     -27.07100       0.00000       0.00000
     -27.03500       0.00000       0.00000
     -27.00000       0.00000       0.00000
     -26.96500       0.00000       0.00000
     -26.93000       0.00000       0.00000
     -26.89500       0.00000       0.00000
     -26.85900       0.00000       0.00000
     -26.82400       0.00000       0.00000
     -26.78900       0.00000       0.00000
     -26.75400       0.00000       0.00000
     -26.71900       0.00000       0.00000
     -26.68400       0.00000       0.00000
     -26.64800       0.00000       0.00000
     -26.61300       0.00000       0.00000
     -26.57800       0.00000       0.00000
     -26.54300       0.00000       0.00000
     -26.50800       0.00000       0.00000
     -26.47200       0.00000      -0.00000
     -26.43700       0.00000      -0.00000
     -26.40200       0.00000      -0.00000
     -26.36700       0.00053      -0.00017
     -26.33200       0.03314      -0.01341
     -26.29600       0.79920      -0.40530
     -26.26100       7.57900      -4.80500
     -26.22600      28.59000     -22.60000
     -26.19100      43.26000     -42.55000
     -26.15600      26.34000     -32.25000
     -26.12100       6.43200      -9.81200
     -26.08500       0.62410      -1.18900
     -26.05000       0.02378      -0.05678
     -26.01500       0.00035      -0.00105
     -25.98000       0.00000      -0.00001
     -25.94500       0.00000      -0.00000
     -25.90900       0.00000      -0.00000
     -25.87400       0.00000      -0.00000
     -25.83900       0.00000       0.00000
     -25.80400       0.00000       0.00000
     -25.76900       0.00000       0.00000
     -25.73300       0.00000       0.00000
     -25.69800       0.00000       0.00000
     -25.66300       0.00000       0.00000
     -25.62800       0.00000       0.00000
     -25.59300       0.00000       0.00000
     -25.55800       0.00000       0.00000
     -25.52200       0.00000       0.00000
     -25.48700       0.00000       0.00000
     -25.45200       0.00000       0.00000
     -25.41700       0.00000       0.00000
     -25.38200       0.00000       0.00000
     -25.34600       0.00000       0.00000
     -25.31100       0.00000       0.00000
     -25.27600       0.00000       0.00000
     -25.24100       0.00000       0.00000
     -25.20600       0.00000       0.00000
     -25.17100       0.00000       0.00000
     -25.13500       0.00000       0.00000
     -25.10000       0.00000       0.00000
     -25.06500       0.00000       0.00000
     -25.03000       0.00000       0.00000
     -24.99500       0.00000       0.00000
     -24.95900       0.00000       0.00000
     -24.92400       0.00000       0.00000
     -24.88900       0.00000       0.00000
     -24.85400       0.00000       0.00000
     -24.81900       0.00000       0.00000
     -24.78300       0.00000       0.00000
     -24.74800       0.00000       0.00000
     -24.71300       0.00000       0.00000
     -24.67800       0.00000       0.00000
     -24.64300       0.00000       0.00000
     -24.60800       0.00000       0.00000
     -24.57200       0.00000       0.00000
     -24.53700       0.00000       0.00000
     -24.50200       0.00000       0.00000
     -24.46700       0.00000       0.00000
     -24.43200       0.00000       0.00000
     -24.39600       0.00000       0.00000
     -24.36100       0.00000       0.00000
     -24.32600       0.00000       0.00000
     -24.29100       0.00000       0.00000
     -24.25600       0.00000       0.00000
     -24.22000       0.00000       0.00000
     -24.18500       0.00000       0.00000
     -24.15000       0.00000       0.00000
     -24.11500       0.00000       0.00000
     -24.08000       0.00000       0.00000
     -24.04500       0.00000       0.00000
     -24.00900       0.00000       0.00000
     -23.97400       0.00000       0.00000
     -23.93900       0.00000       0.00000
     -23.90400       0.00000       0.00000
     -23.86900       0.00000       0.00000
     -23.83300       0.00000       0.00000
     -23.79800       0.00000       0.00000
     -23.76300       0.00000       0.00000
     -23.72800       0.00000       0.00000
     -23.69300       0.00000       0.00000
     -23.65800       0.00000       0.00000
     -23.62200       0.00000       0.00000
     -23.58700       0.00000       0.00000
     -23.55200       0.00000       0.00000
     -23.51700       0.00000       0.00000
     -23.48200       0.00000       0.00000
     -23.44600       0.00000       0.00000
     -23.41100       0.00000       0.00000
     -23.37600       0.00000       0.00000
     -23.34100       0.00000       0.00000
     -23.30600       0.00000       0.00000
     -23.27000       0.00000       0.00000
     -23.23500       0.00000       0.00000
     -23.20000       0.00000       0.00000
     -23.16500       0.00000       0.00000
     -23.13000       0.00000       0.00000
     -23.09500       0.00000       0.00000
     -23.05900       0.00000       0.00000
     -23.02400       0.00000       0.00000
     -22.98900       0.00000       0.00000
     -22.95400       0.00000       0.00000
     -22.91900       0.00000       0.00000
     -22.88300       0.00000       0.00000
     -22.84800       0.00000       0.00000
     -22.81300       0.00000       0.00000
     -22.77800       0.00000       0.00000
     -22.74300       0.00000       0.00000
     -22.70700       0.00000       0.00000
     -22.67200       0.00000       0.00000
     -22.63700       0.00000       0.00000
     -22.60200       0.00000       0.00000
     -22.56700       0.00000       0.00000
     -22.53200       0.00000       0.00000
     -22.49600       0.00000       0.00000
     -22.46100       0.00000       0.00000
     -22.42600       0.00000       0.00000
     -22.39100       0.00000       0.00000
     -22.35600       0.00000       0.00000
     -22.32000       0.00000       0.00000
     -22.28500       0.00000       0.00000
     -22.25000       0.00000       0.00000
     -22.21500       0.00000       0.00000
     -22.18000       0.00000       0.00000
     -22.14400       0.00000       0.00000
     -22.10900       0.00000       0.00000
     -22.07400       0.00000       0.00000
     -22.03900       0.00000       0.00000
     -22.00400       0.00000       0.00000
     -21.96900       0.00000       0.00000
     -21.93300       0.00000       0.00000
     -21.89800       0.00000       0.00000
     -21.86300       0.00000       0.00000
     -21.82800       0.00000       0.00000
     -21.79300       0.00000       0.00000
     -21.75700       0.00000       0.00000
     -21.72200       0.00000       0.00000
     -21.68700       0.00000       0.00000
     -21.65200       0.00000       0.00000
     -21.61700       0.00000       0.00000
     -21.58200       0.00000       0.00000
     -21.54600       0.00000       0.00000
     -21.51100       0.00000      -0.00000
     -21.47600       0.00000      -0.00000
     -21.44100       0.00000      -0.00000
     -21.40600       0.00044      -0.00007
     -21.37000       0.02294      -0.00540
     -21.33500       0.49730      -0.16430
     -21.30000       4.60800      -2.10500
     -21.26500      19.00000     -11.83000
     -21.23000      37.39000     -30.72000
     -21.19400      43.69000     -42.22000
     -21.15900      49.25000     -45.20000
     -21.12400      62.63000     -55.24000
     -21.08900      65.21000     -65.79000
     -21.05400      44.47000     -56.26000
     -21.01900      27.21000     -33.41000
     -20.98300      31.50000     -28.94000
     -20.94800      37.78000     -36.47000
     -20.91300      37.97000     -38.25000
     -20.87800      38.01000     -37.42000
     -20.84300      36.95000     -37.92000
     -20.80700      23.77000     -30.61000
     -20.77200       7.37600     -13.14000
     -20.73700       0.98450      -2.50100
     -20.70200       0.05436      -0.19950
     -20.66700       0.00122      -0.00651
     -20.63100       0.00030      -0.00014
     -20.59600       0.01640      -0.00433
     -20.56100       0.38990      -0.13070
     -20.52600       4.21200      -1.74700
     -20.49100      22.45000     -11.36000
     -20.45600      64.41000     -40.52000
     -20.42000     107.30000     -87.00000
     -20.38500     108.90000    -115.60000
     -20.35000      65.55000     -91.60000
     -20.31500      21.65000     -40.27000
     -20.28000       6.63600     -10.23000
     -20.24400      10.62000      -7.23300
     -20.20900      19.61000     -15.35000
     -20.17400      29.75000     -25.90000
     -20.13900      36.11000     -34.98000
     -20.10400      32.92000     -35.69000
     -20.06900      22.37000     -27.37000
     -20.03300      11.03000     -15.49000
     -19.99800       3.68000      -6.19700
     -19.96300       0.69700      -1.53400
     -19.92800       0.06331      -0.19530
     -19.89300       0.00250      -0.01121
     -19.85700       0.00053      -0.00040
     -19.82200       0.01762      -0.00608
     -19.78700       0.26250      -0.11900
     -19.75200       1.77800      -1.01900
     -19.71700       6.58600      -4.41500
     -19.68100      17.35000     -12.61000
     -19.64600      32.76000     -27.37000
     -19.61100      35.84000     -37.14000
     -19.57600      26.15000     -29.88000
     -19.54100      23.41000     -24.12000
     -19.50600      19.07000     -21.31000
     -19.47000      13.57000     -14.22000
     -19.43500      17.81000     -15.50000
     -19.40000      19.29000     -20.09000
     -19.36500      10.49000     -14.10000
     -19.33000       2.94300      -4.80700
     -19.29400       2.74000      -1.91400
     -19.25900       9.61200      -6.32400
     -19.22400      18.73000     -15.67000
     -19.18900      21.56000     -21.29000
     -19.15400      20.59000     -20.77000
     -19.11800      20.04000     -20.14000
     -19.08300      19.07000     -19.05000
     -19.04800      21.71000     -19.94000
     -19.01300      21.66000     -22.90000
     -18.97800      11.63000     -16.55000
     -18.94300       2.87300      -5.69800
     -18.90700       0.32050      -0.87600
     -18.87200       0.17230      -0.10470
     -18.83700       2.09300      -0.85020
     -18.80200      12.62000      -6.91100
     -18.76700      36.78000     -26.48000
     -18.73100      55.88000     -50.97000
     -18.69600      55.41000     -56.40000
     -18.66100      58.43000     -55.18000
     -18.62600      63.18000     -62.58000
     -18.59100      52.45000     -58.03000
     -18.55600      36.14000     -42.57000
     -18.52000      19.34000     -26.22000
     -18.48500       8.66800     -11.71000
     -18.45000       9.23400      -7.95500
     -18.41500      13.77000     -11.29000
     -18.38000      21.41000     -16.53000
     -18.34400      31.34000     -25.74000
     -18.30900      36.39000     -33.90000
     -18.27400      31.23000     -35.10000
     -18.23900      18.34000     -25.68000
     -18.20400       9.85800     -13.48000
     -18.16800      11.32000      -9.55600
     -18.13300      19.79000     -14.80000
     -18.09800      30.56000     -24.82000
     -18.06300      36.94000     -34.65000
     -18.02800      32.73000     -36.01000
     -17.99300      22.69000     -28.23000
     -17.95700      14.50000     -18.38000
     -17.92200      17.63000     -15.09000
     -17.88700      30.84000     -24.17000
     -17.85200      46.23000     -37.85000
     -17.81700      60.95000     -52.34000
     -17.78100      59.81000     -63.01000
     -17.74600      39.63000     -52.27000
     -17.71100      25.83000     -31.83000
     -17.67600      24.64000     -24.60000
     -17.64100      24.52000     -24.50000
     -17.60500      28.40000     -24.90000
     -17.57000      41.13000     -33.57000
     -17.53500      52.26000     -47.22000
     -17.50000      49.83000     -52.95000
     -17.46500      35.90000     -44.09000
     -17.43000      22.53000     -29.28000
     -17.39400      17.94000     -19.62000
     -17.35900      25.61000     -21.56000
     -17.32400      38.50000     -32.58000
     -17.28900      47.70000     -44.44000
     -17.25400      46.80000     -49.13000
     -17.21800      39.85000     -43.20000
     -17.18300      39.37000     -39.31000
     -17.14800      39.04000     -39.96000
     -17.11300      36.31000     -36.78000
     -17.07800      36.14000     -35.89000
     -17.04300      33.46000     -34.77000
     -17.00700      28.58000     -30.59000
     -16.97200      24.15000     -25.47000
     -16.93700      26.00000     -24.16000
     -16.90200      33.05000     -30.37000
     -16.86700      38.39000     -37.34000
     -16.83100      39.37000     -40.21000
     -16.79600      32.05000     -35.73000
     -16.76100      24.89000     -26.39000
     -16.72600      28.11000     -26.22000
     -16.69100      31.11000     -30.91000
     -16.65500      26.96000     -28.88000
     -16.62000      23.23000     -23.49000
     -16.58500      22.18000     -22.37000
     -16.55000      15.26000     -18.88000
     -16.51500       6.45100      -9.86000
     -16.48000       4.65100      -4.46000
     -16.44400      12.84000      -8.88400
     -16.40900      21.50000     -19.30000
     -16.37400      17.80000     -20.38000
     -16.33900      10.47000     -12.72000
     -16.30400       8.11100      -8.42500
     -16.26800       8.55000      -8.18900
     -16.23300       8.81500      -8.76300
     -16.19800       7.47500      -8.02300
     -16.16300       5.64700      -6.22200
     -16.12800       4.20500      -4.71300
     -16.09200       2.86300      -3.43700
     -16.05700       1.48800      -2.21900
     -16.02200       0.47670      -1.00000
     -15.98700       0.75470      -0.55470
     -15.95200       5.22900      -2.78500
     -15.91700      19.29000     -11.69000
     -15.88100      38.07000     -28.59000
     -15.84600      45.26000     -43.28000
     -15.81100      41.90000     -45.41000
     -15.77600      38.22000     -41.33000
     -15.74100      32.42000     -34.48000
     -15.70500      26.47000     -27.50000
     -15.67000      17.75000     -21.40000
     -15.63500       9.19200     -12.89000
     -15.60000      11.74000      -9.22900
     -15.56500      32.61000     -21.31000
     -15.53000      57.32000     -47.20000
     -15.49400      56.39000     -60.26000
     -15.45900      37.09000     -45.66000
     -15.42400      27.43000     -28.58000
     -15.38900      23.14000     -25.22000
     -15.35400      16.78000     -20.74000
     -15.31800      16.37000     -15.81000
     -15.28300      22.64000     -17.67000
     -15.24800      33.30000     -25.46000
     -15.21300      41.17000     -35.30000
     -15.17800      39.77000     -39.67000
     -15.14200      37.46000     -37.30000
     -15.10700      36.28000     -36.85000
     -15.07200      31.82000     -35.40000
     -15.03700      27.00000     -30.36000
     -15.00200      19.40000     -25.67000
     -14.96700       8.40800     -17.28000
     -14.93100       2.23200      -6.78600
     -14.89600       5.01500      -3.24500
     -14.86100      22.33000     -12.08000
     -14.82600      46.85000     -33.60000
     -14.79100      52.23000     -50.91000
     -14.75500      40.36000     -50.04000
     -14.72000      27.42000     -36.75000
     -14.68500      20.10000     -24.18000
     -14.65000      18.42000     -19.61000
     -14.61500      16.64000     -17.68000
     -14.57900      12.05000     -12.90000
     -14.54400      10.28000     -10.09000
     -14.50900      11.59000     -11.37000
     -14.47400      12.63000     -12.53000
     -14.43900      14.84000     -14.53000
     -14.40400      14.07000     -14.60000
     -14.36800       9.15100     -10.06000
     -14.33300       5.22400      -5.66800
     -14.29800       6.46100      -5.27500
     -14.26300      18.66000     -14.90000
     -14.22800      33.13000     -30.12000
     -14.19200      37.34000     -35.63000
     -14.15700      39.64000     -38.01000
     -14.12200      38.92000     -39.84000
     -14.08700      31.73000     -34.01000
     -14.05200      26.19000     -26.83000
     -14.01700      27.04000     -26.44000
     -13.98100      28.59000     -28.93000
     -13.94600      26.22000     -27.57000
     -13.91100      21.40000     -22.70000
     -13.87600      20.29000     -18.80000
     -13.84100      27.60000     -23.92000
     -13.80500      33.73000     -31.50000
     -13.77000      37.46000     -35.54000
     -13.73500      35.34000     -36.59000
     -13.70000      26.15000     -29.28000
     -13.66500      22.12000     -21.67000
     -13.62900      25.72000     -22.41000
     -13.59400      29.22000     -27.78000
     -13.55900      32.22000     -30.59000
     -13.52400      43.73000     -36.99000
     -13.48900      53.87000     -50.64000
     -13.45400      49.38000     -53.36000
     -13.41800      40.42000     -45.49000
     -13.38300      33.91000     -38.05000
     -13.34800      28.77000     -31.77000
     -13.31300      22.60000     -25.81000
     -13.27800      18.52000     -20.11000
     -13.24200      21.54000     -20.24000
     -13.20700      26.93000     -25.84000
     -13.17200      27.89000     -28.43000
     -13.13700      27.06000     -27.43000
     -13.10200      27.53000     -27.71000
     -13.06600      28.12000     -28.00000
     -13.03100      35.39000     -32.36000
     -12.99600      49.12000     -46.02000
     -12.96100      50.20000     -52.31000
     -12.92600      35.40000     -40.40000
     -12.89100      18.67000     -22.29000
     -12.85500      10.05000     -11.25000
     -12.82000       8.86300      -8.51100
     -12.78500      14.67000     -11.71000
     -12.75000      30.05000     -24.15000
     -12.71500      41.35000     -39.45000
     -12.67900      33.06000     -37.68000
     -12.64400      17.81000     -22.36000
     -12.60900      10.87000     -11.76000
     -12.57400      15.18000     -12.57000
     -12.53900      28.66000     -23.52000
     -12.50300      42.37000     -38.77000
     -12.46800      43.32000     -44.63000
     -12.43300      36.58000     -38.91000
     -12.39800      35.82000     -35.47000
     -12.36300      38.74000     -38.37000
     -12.32800      35.42000     -36.42000
     -12.29200      36.19000     -33.94000
     -12.25700      43.71000     -41.15000
     -12.22200      41.84000     -43.27000
     -12.18700      35.51000     -35.90000
     -12.15200      37.88000     -35.13000
     -12.11600      45.21000     -41.94000
     -12.08100      48.46000     -48.02000
     -12.04600      42.10000     -45.68000
     -12.01100      33.72000     -36.71000
     -11.97600      32.24000     -31.94000
     -11.94100      30.23000     -32.05000
     -11.90500      21.33000     -25.88000
     -11.87000      13.36000     -16.66000
     -11.83500       9.12100     -10.65000
     -11.80000      11.81000     -10.48000
     -11.76500      22.15000     -19.04000
     -11.72900      28.58000     -27.90000
     -11.69400      24.85000     -26.32000
     -11.65900      20.48000     -21.39000
     -11.62400      17.78000     -18.63000
     -11.58900      16.37000     -16.61000
     -11.55300      20.62000     -19.37000
     -11.51800      23.57000     -23.65000
     -11.48300      17.27000     -19.33000
     -11.44800      13.13000     -13.37000
     -11.41300      26.58000     -22.65000
     -11.37800      49.39000     -45.17000
     -11.34200      60.34000     -59.03000
     -11.30700      57.22000     -58.45000
     -11.27200      45.79000     -48.32000
     -11.23700      36.92000     -38.12000
     -11.20200      36.84000     -36.41000
     -11.16600      41.62000     -40.77000
     -11.13100      48.84000     -47.48000
     -11.09600      54.24000     -53.80000
     -11.06100      46.86000     -49.51000
     -11.02600      29.64000     -33.08000
     -10.99000      20.83000     -21.13000
     -10.95500      28.73000     -25.70000
     -10.92000      39.85000     -38.13000
     -10.88500      35.35000     -37.35000
     -10.85000      29.24000     -28.23000
     -10.81500      45.90000     -37.44000
     -10.77900      76.87000     -66.81000
     -10.74400      95.03000     -92.13000
     -10.70900      86.75000     -92.14000
     -10.67400      64.67000     -72.28000
     -10.63900      46.68000     -51.81000
     -10.60300      38.07000     -40.29000
     -10.56800      35.22000     -36.33000
     -10.53300      33.23000     -34.26000
     -10.49800      30.33000     -31.19000
     -10.46300      29.50000     -29.53000
     -10.42800      31.71000     -30.70000
     -10.39200      38.44000     -36.28000
     -10.35700      45.96000     -44.80000
     -10.32200      46.37000     -47.35000
     -10.28700      40.54000     -42.18000
     -10.25200      42.48000     -41.00000
     -10.21600      63.07000     -59.28000
     -10.18100      69.86000     -72.06000
     -10.14600      39.44000     -46.34000
     -10.11100      10.34000     -13.76000
     -10.07600       4.45700      -4.12100
     -10.04000      13.51000     -11.32000
     -10.00500      23.90000     -22.74000
      -9.97000      24.60000     -24.63000
      -9.93500      31.68000     -27.26000
      -9.90000      63.06000     -48.76000
      -9.86500      97.64000     -85.78000
      -9.82900      86.20000     -97.14000
      -9.79400      43.69000     -59.52000
      -9.75900      19.72000     -24.05000
      -9.72400      18.80000     -17.82000
      -9.68900      22.41000     -21.67000
      -9.65300      26.82000     -25.17000
      -9.61800      37.24000     -34.54000
      -9.58300      43.91000     -43.31000
      -9.54800      41.18000     -42.82000
      -9.51300      34.06000     -35.75000
      -9.47700      36.57000     -35.14000
      -9.44200      56.65000     -52.27000
      -9.40700      79.60000     -76.90000
      -9.37200      73.37000     -76.93000
      -9.33700      50.35000     -53.50000
      -9.30200      52.42000     -48.70000
      -9.26600      80.54000     -70.17000
      -9.23100     105.10000     -89.30000
      -9.19600     104.50000     -92.67000
      -9.16100      81.43000     -85.81000
      -9.12600      63.29000     -68.74000
      -9.09000      62.03000     -59.10000
      -9.05500      68.33000     -60.47000
      -9.02000      73.06000     -63.37000
      -8.98500      73.37000     -74.86000
      -8.95000      76.35000     -92.89000
      -8.91500      79.46000     -92.64000
      -8.87900      73.52000     -73.79000
      -8.84400      63.89000     -64.20000
      -8.80900      61.14000     -60.50000
      -8.77400      75.77000     -65.04000
      -8.73900     100.90000     -89.87000
      -8.70300     119.80000    -115.70000
      -8.66800     116.30000    -125.50000
      -8.63300      99.75000    -118.50000
      -8.59800      79.54000     -93.31000
      -8.56300      59.95000     -64.88000
      -8.52700      58.56000     -58.41000
      -8.49200      63.31000     -63.15000
      -8.45700      60.58000     -60.88000
      -8.42200      62.74000     -62.14000
      -8.38700      65.18000     -65.18000
      -8.35200      56.47000     -57.29000
      -8.31600      46.46000     -45.95000
      -8.28100      47.61000     -41.19000
      -8.24600      62.22000     -42.94000
      -8.21100      83.03000     -52.17000
      -8.17600      89.93000     -73.85000
      -8.14000      91.44000     -91.53000
      -8.10500     112.60000    -117.30000
      -8.07000     121.20000    -137.10000
      -8.03500     101.80000    -106.60000
      -8.00000      80.85000     -81.72000
      -7.96400      85.79000     -91.69000
      -7.92900     125.60000    -122.50000
      -7.89400     129.00000    -137.90000
      -7.85900      81.50000     -97.90000
      -7.82400      49.92000     -53.32000
      -7.78900      45.92000     -38.71000
      -7.75300      54.56000     -44.20000
      -7.71800      62.45000     -63.77000
      -7.68300      61.06000     -73.85000
      -7.64800      51.30000     -60.33000
      -7.61300      38.74000     -44.00000
      -7.57700      28.98000     -34.09000
      -7.54200      26.55000     -28.72000
      -7.50700      27.54000     -28.20000
      -7.47200      25.92000     -26.24000
      -7.43700      27.52000     -26.32000
      -7.40200      33.16000     -30.86000
      -7.36600      39.91000     -37.90000
      -7.33100      45.35000     -43.05000
      -7.29600      50.99000     -44.82000
      -7.26100      50.48000     -46.81000
      -7.22600      46.45000     -49.96000
      -7.19000      46.14000     -49.99000
      -7.15500      44.81000     -44.75000
      -7.12000      52.01000     -46.66000
      -7.08500      63.92000     -59.26000
      -7.05000      67.83000     -63.88000
      -7.01400      70.15000     -63.90000
      -6.97900      61.67000     -66.25000
      -6.94400      42.75000     -53.40000
      -6.90900      44.02000     -41.08000
      -6.87400      52.41000     -46.80000
      -6.83900      48.14000     -49.28000
      -6.80300      46.66000     -46.73000
      -6.76800      51.38000     -52.26000
      -6.73300      64.29000     -60.44000
      -6.69800      85.00000     -77.64000
      -6.66300     101.50000     -97.65000
      -6.62700     111.50000    -102.70000
      -6.59200     122.80000    -110.80000
      -6.55700     122.20000    -127.10000
      -6.52200      98.08000    -115.60000
      -6.48700      79.67000     -85.68000
      -6.45100      84.46000     -84.42000
      -6.41600     102.40000    -101.90000
      -6.38100     136.50000    -123.90000
      -6.34600     169.60000    -159.30000
      -6.31100     145.20000    -153.30000
      -6.27600      76.76000     -89.28000
      -6.24000      32.54000     -39.61000
      -6.20500      13.03000     -25.18000
      -6.17000       5.75000     -15.64000
      -6.13500      15.75000      -6.03800
      -6.10000      40.49000      -8.87700
      -6.06400      51.51000     -29.10000
      -6.02900      36.21000     -48.58000
      -5.99400      17.30000     -43.35000
      -5.95900       9.54400     -25.21000
      -5.92400      12.76000     -12.50000
      -5.88900      29.83000     -10.25000
      -5.85300      51.36000     -19.79000
      -5.81800      51.05000     -43.09000
      -5.78300      37.04000     -58.05000
      -5.74800      27.15000     -47.25000
      -5.71300      24.25000     -30.66000
      -5.67700      29.63000     -24.11000
      -5.64200      41.38000     -27.48000
      -5.60700      46.87000     -37.49000
      -5.57200      37.08000     -45.82000
      -5.53700      29.76000     -40.72000
      -5.50100      39.23000     -30.80000
      -5.46600      49.17000     -35.56000
      -5.43100      43.76000     -47.77000
      -5.39600      32.28000     -46.82000
      -5.36100      23.96000     -35.55000
      -5.32600      16.49000     -26.08000
      -5.29000       9.50700     -18.48000
      -5.25500       6.12900     -10.83000
      -5.22000       5.48800      -6.53500
      -5.18500       6.68800      -5.54500
      -5.15000      12.90000      -6.44600
      -5.11400      27.90000     -11.24000
      -5.07900      44.29000     -23.45000
      -5.04400      45.47000     -40.25000
      -5.00900      34.90000     -47.01000
      -4.97400      27.52000     -38.71000
      -4.93800      25.61000     -29.40000
      -4.90300      27.46000     -25.94000
      -4.86800      29.51000     -27.75000
      -4.83300      28.90000     -30.57000
      -4.79800      25.14000     -28.87000
      -4.76300      21.52000     -23.24000
      -4.72700      21.56000     -20.05000
      -4.69200      23.75000     -20.83000
      -4.65700      25.37000     -22.95000
      -4.62200      26.17000     -24.88000
      -4.58700      26.35000     -26.47000
      -4.55100      25.67000     -27.53000
      -4.51600      24.44000     -27.48000
      -4.48100      25.01000     -25.57000
      -4.44600      30.67000     -24.63000
      -4.41100      40.64000     -29.89000
      -4.37600      43.23000     -40.86000
      -4.34000      30.92000     -44.99000
      -4.30500      12.85000     -32.46000
      -4.27000       2.95700     -13.53000
      -4.23500       2.19800      -3.22000
      -4.20000       7.40500      -2.39700
      -4.16400      17.61000      -7.50000
      -4.12900      23.11000     -17.10000
      -4.09400      18.50000     -22.87000
      -4.05900      17.36000     -19.25000
      -4.02400      18.36000     -17.30000
      -3.98800      15.26000     -17.90000
      -3.95300      17.02000     -15.29000
      -3.91800      25.58000     -17.22000
      -3.88300      30.75000     -25.92000
      -3.84800      23.34000     -30.73000
      -3.81300      11.97000     -23.20000
      -3.77700       7.33000     -12.15000
      -3.74200       7.16300      -7.65600
      -3.70700       8.29600      -7.66400
      -3.67200      11.39000      -9.14600
      -3.63700      20.84000     -13.00000
      -3.60100      35.32000     -22.63000
      -3.56600      47.05000     -39.25000
      -3.53100      53.55000     -54.00000
      -3.49600      48.97000     -53.08000
      -3.46100      34.74000     -40.37000
      -3.42500      25.22000     -31.00000
      -3.39000      24.10000     -28.06000
      -3.35500      24.18000     -23.14000
      -3.32000      24.91000     -15.16000
      -3.28500      24.84000     -15.89000
      -3.25000      26.22000     -22.74000
      -3.21400      32.90000     -23.49000
      -3.17900      30.17000     -24.30000
      -3.14400      15.22000     -29.65000
      -3.10900       9.92200     -26.36000
      -3.07400      18.30000     -13.49000
      -3.03800      22.95000      -8.17100
      -3.00300      14.61000     -16.12000
      -2.96800       6.90500     -23.49000
      -2.93300       5.07400     -15.77000
      -2.89800       7.98700      -6.29400
      -2.86200      18.67000      -4.35000
      -2.82700      31.61000      -5.03000
      -2.79200      38.48000      -7.78000
      -2.75700      44.03000     -18.09000
      -2.72200      44.44000     -33.36000
      -2.68700      37.85000     -42.99000
      -2.65100      30.98000     -46.69000
      -2.61600      28.79000     -44.09000
      -2.58100      26.26000     -36.32000
      -2.54600      14.64000     -28.18000
      -2.51100       3.87500     -25.90000
      -2.47500       0.45120     -24.97000
      -2.44000       0.02249     -15.13000
      -2.40500       0.00047      -4.45800
      -2.37000       0.00000      -0.59070
      -2.33500       0.00000      -0.03411
      -2.30000       0.00000      -0.00084
      -2.26400       0.00000      -0.00001
      -2.22900       0.00000      -0.00000
      -2.19400       0.00000      -0.00000
      -2.15900       0.00000      -0.00000
      -2.12400       0.00000       0.00000
      -2.08800       0.00000       0.00000
      -2.05300       0.00000       0.00000
      -2.01800       0.00000       0.00000
      -1.98300       0.00000       0.00000
      -1.94800       0.00000       0.00000
      -1.91200       0.00000       0.00000
      -1.87700       0.00000       0.00000
      -1.84200       0.00000       0.00000
      -1.80700       0.00000       0.00000
      -1.77200       0.00000       0.00000
      -1.73700       0.00000       0.00000
      -1.70100       0.00000       0.00000
      -1.66600       0.00000      -0.00000
      -1.63100       0.00000      -0.00000
      -1.59600       0.00000      -0.00000
      -1.56100       0.00001      -0.00000
      -1.52500       0.00087      -0.00009
      -1.49000       0.02897      -0.00468
      -1.45500       0.41860      -0.10600
      -1.42000       2.85300      -1.08000
      -1.38500       9.81800      -5.34900
      -1.34900      17.49000     -13.53000
      -1.31400      16.81000     -17.94000
      -1.27900      11.51000     -13.94000
      -1.24400      11.43000     -10.19000
      -1.20900      15.02000     -12.40000
      -1.17400      13.49000     -15.03000
      -1.13800       9.35900     -11.47000
      -1.10300      13.34000      -8.12500
      -1.06800      24.72000     -13.72000
      -1.03300      31.90000     -25.83000
      -0.99800      28.60000     -32.39000
      -0.96200      24.03000     -28.01000
      -0.92700      30.12000     -24.20000
      -0.89200      39.77000     -31.55000
      -0.85700      38.51000     -40.63000
      -0.82200      34.69000     -38.03000
      -0.78700      39.18000     -33.86000
      -0.75100      39.90000     -37.93000
      -0.71600      29.27000     -38.39000
      -0.68100      18.79000     -28.72000
      -0.64600      13.18000     -19.03000
      -0.61100      12.22000     -13.33000
      -0.57500      18.43000     -12.07000
      -0.54000      27.01000     -18.00000
      -0.50500      31.85000     -26.11000
      -0.47000      37.21000     -31.00000
      -0.43500      42.11000     -36.34000
      -0.39900      36.69000     -40.56000
      -0.36400      23.51000     -37.08000
      -0.32900      15.81000     -25.80000
      -0.29400      19.29000     -17.20000
      -0.25900      26.40000     -19.95000
      -0.22400      25.24000     -25.76000
      -0.18800      22.08000     -23.25000
      -0.15300      24.94000     -20.11000
      -0.11800      30.94000     -23.19000
      -0.08300      40.46000     -27.80000
      -0.04800      43.28000     -35.78000
      -0.01200      34.57000     -43.03000
       0.02300      25.01000     -38.51000
       0.05800      19.27000     -27.82000
       0.09300      13.99000     -20.65000
       0.12800       9.94600     -16.36000
       0.16400      15.52000     -12.04000
       0.19900      30.34000     -15.96000
       0.23400      38.07000     -30.50000
       0.26900      28.21000     -38.44000
       0.30400      15.77000     -28.40000
       0.33900      15.31000     -15.94000
       0.37500      22.95000     -15.72000
       0.41000      23.54000     -23.21000
       0.44500      14.89000     -23.24000
       0.48000       6.36200     -14.60000
       0.51500       2.01900      -6.62600
       0.55100       3.90600      -5.08700
       0.58600      16.35000     -15.92000
       0.62100      34.55000     -34.15000
       0.65600      35.77000     -36.20000
       0.69100      18.25000     -18.85000
       0.72600       6.19800      -6.27400
       0.76200       9.38700      -8.90100
       0.79700      21.29000     -20.69000
       0.83200      29.18000     -28.52000
       0.86700      31.30000     -25.99000
       0.90200      45.94000     -24.16000
       0.93800      76.01000     -41.05000
       0.97300      84.19000     -67.11000
       1.00800      68.82000     -70.45000
       1.04300      66.88000     -71.85000
       1.07800      70.70000     -86.73000
       1.11400      55.43000     -83.12000
       1.14900      40.33000     -58.67000
       1.18400      45.71000     -41.01000
       1.21900      67.10000     -42.88000
       1.25400      73.69000     -64.38000
       1.28900      54.97000     -77.56000
       1.32500      39.52000     -59.48000
       1.36000      33.43000     -38.98000
       1.39500      27.67000     -28.23000
       1.43000      26.43000     -25.27000
       1.46500      33.58000     -31.40000
       1.50100      44.21000     -42.25000
       1.53600      48.70000     -48.28000
       1.57100      46.72000     -46.58000
       1.60600      51.85000     -50.53000
       1.64100      54.78000     -55.53000
       1.67700      44.94000     -47.11000
       1.71200      42.52000     -42.26000
       1.74700      55.01000     -50.01000
       1.78200      71.93000     -54.45000
       1.81700      84.09000     -58.95000
       1.85200      77.98000     -75.47000
       1.88800      59.36000     -77.30000
       1.92300      57.23000     -60.08000
       1.95800      82.10000     -57.76000
       1.99300     105.30000     -81.38000
       2.02800     104.20000    -101.30000
       2.06400      87.85000     -98.28000
       2.09900      70.77000     -85.20000
       2.13400      56.61000     -70.31000
       2.16900      50.34000     -57.94000
       2.20400      61.45000     -63.69000
       2.23900      76.57000     -80.24000
       2.27500      82.12000     -85.95000
       2.31000      80.10000     -82.83000
       2.34500      71.41000     -75.26000
       2.38000      68.47000     -65.39000
       2.41500      84.40000     -71.90000
       2.45100     101.70000     -94.44000
       2.48600     100.20000    -103.70000
       2.52100      89.40000     -95.29000
       2.55600      82.90000     -86.13000
       2.59100      85.05000     -85.70000
       2.62700      91.21000     -91.92000
       2.66200      90.13000     -91.92000
       2.69700      81.22000     -81.62000
       2.73200      72.44000     -71.22000
       2.76700      69.00000     -69.03000
       2.80200      70.50000     -71.01000
       2.83800      76.22000     -76.06000
       2.87300      82.21000     -80.92000
       2.90800      85.14000     -83.56000
       2.94300      83.68000     -83.70000
       2.97800      76.61000     -77.34000
       3.01400      68.88000     -68.99000
       3.04900      69.00000     -68.79000
       3.08400      74.87000     -74.96000
       3.11900      79.53000     -78.98000
       3.15400      87.48000     -85.50000
       3.19000      96.00000     -95.61000
       3.22500      93.57000     -96.34000
       3.26000      83.07000     -85.71000
       3.29500      78.18000     -79.72000
       3.33000      77.82000     -80.73000
       3.36500      77.01000     -79.89000
       3.40100      76.53000     -76.93000
       3.43600      74.78000     -74.94000
       3.47100      73.18000     -74.72000
       3.50600      74.76000     -75.03000
       3.54100      75.28000     -75.84000
       3.57700      74.32000     -76.98000
       3.61200      75.44000     -77.20000
       3.64700      78.66000     -76.42000
       3.68200      80.24000     -75.11000
       3.71700      77.18000     -74.74000
       3.75200      73.81000     -75.21000
       3.78800      70.17000     -72.81000
       3.82300      65.81000     -69.43000
       3.85800      64.70000     -67.11000
       3.89300      66.67000     -65.90000
       3.92800      68.32000     -65.83000
       3.96400      68.07000     -66.28000
       3.99900      67.57000     -68.92000
       4.03400      68.68000     -72.52000
       4.06900      70.35000     -70.20000
       4.10400      71.74000     -67.33000
       4.14000      71.97000     -70.39000
       4.17500      72.68000     -73.69000
       4.21000      74.44000     -72.81000
       4.24500      75.21000     -73.19000
       4.28000      75.34000     -76.08000
       4.31500      73.01000     -75.58000
       4.35100      70.72000     -72.77000
       4.38600      70.31000     -70.22000
       4.42100      66.77000     -67.59000
       4.45600      61.00000     -65.60000
       4.49100      57.50000     -63.82000
       4.52700      56.16000     -60.07000
       4.56200      55.67000     -56.73000
       4.59700      54.56000     -54.24000
       4.63200      53.26000     -51.39000
       4.66700      51.69000     -49.84000
       4.70300      49.80000     -48.97000
       4.73800      48.31000     -47.86000
       4.77300      46.08000     -47.32000
       4.80800      42.76000     -45.41000
       4.84300      40.35000     -42.84000
       4.87800      39.46000     -39.90000
       4.91400      38.13000     -36.58000
       4.94900      35.35000     -35.35000
       4.98400      32.10000     -33.94000
       5.01900      29.85000     -31.08000
       5.05400      28.59000     -28.23000
       5.09000      27.59000     -25.84000
       5.12500      26.94000     -24.51000
       5.16000      25.18000     -23.92000
       5.19500      22.49000     -22.90000
       5.23000      20.84000     -22.86000
       5.26500      20.23000     -23.30000
       5.30100      19.61000     -22.36000
       5.33600      17.96000     -19.88000
       5.37100      16.66000     -16.65000
       5.40600      15.91000     -13.33000
       5.44100      13.59000     -11.00000
       5.47700      10.57000      -9.84900
       5.51200       8.28900      -9.00800
       5.54700       6.32200      -7.59500
       5.58200       4.42800      -5.27100
       5.61700       2.83800      -3.23600
       5.65300       1.76700      -1.99800
       5.68800       1.08000      -1.11200
       5.72300       0.80140      -0.40170
       5.75800       0.70450      -0.07079
       5.79300       0.36590      -0.00530
       5.82800       0.08574      -0.00016
       5.86400       0.00851      -0.00000
       5.89900       0.00035      -0.00000
       5.93400       0.00001      -0.00000
       5.96900       0.00000      -0.00000
       6.00400       0.00000       0.00000
       6.04000       0.00000       0.00000
       6.07500       0.00000       0.00000
       6.11000       0.00000       0.00000
       6.14500       0.00000       0.00000
       6.18000       0.00000       0.00000
       6.21600       0.00000       0.00000
       6.25100       0.00000       0.00000
       6.28600       0.00000       0.00000
       6.32100       0.00000       0.00000
       6.35600       0.00000       0.00000
       6.39100       0.00000       0.00000
       6.42700       0.00000       0.00000
       6.46200       0.00000       0.00000
       6.49700       0.00000       0.00000
       6.53200       0.00000       0.00000
       6.56700       0.00000       0.00000
       6.60300       0.00000       0.00000
       6.63800       0.00000       0.00000
       6.67300       0.00000       0.00000
       6.70800       0.00000       0.00000
       6.74300       0.00000       0.00000
       6.77800       0.00000       0.00000
       6.81400       0.00000       0.00000
       6.84900       0.00000       0.00000
       6.88400       0.00000       0.00000
       6.91900       0.00000       0.00000
       6.95400       0.00000       0.00000
       6.99000       0.00000       0.00000
       7.02500       0.00000       0.00000
       7.06000       0.00000       0.00000
       7.09500       0.00000       0.00000
       7.13000       0.00000       0.00000
       7.16600       0.00000       0.00000
       7.20100       0.00000       0.00000
       7.23600       0.00000       0.00000
       7.27100       0.00000       0.00000
       7.30600       0.00000       0.00000
       7.34100       0.00000       0.00000
