      #Energy        TDOS-UP        TDOS-DOWN
     -22.60600       0.00000       0.00000
     -22.57600       0.00000       0.00000
     -22.54700       0.00000       0.00000
     -22.51700       0.00000       0.00000
     -22.48700       0.00000       0.00000
     -22.45800       0.00000       0.00000
     -22.42800       0.00000       0.00000
     -22.39900       0.00000       0.00000
     -22.36900       0.00000       0.00000
     -22.33900       0.00000       0.00000
     -22.31000       0.00000       0.00000
     -22.28000       0.00000       0.00000
     -22.25100       0.00000       0.00000
     -22.22100       0.00000       0.00000
     -22.19100       0.00000       0.00000
     -22.16200       0.00000       0.00000
     -22.13200       0.00000       0.00000
     -22.10300       0.00000       0.00000
     -22.07300       0.00000       0.00000
     -22.04300       0.00000       0.00000
     -22.01400       0.00000       0.00000
     -21.98400       0.00000       0.00000
     -21.95500       0.00000       0.00000
     -21.92500       0.00000       0.00000
     -21.89500       0.00000       0.00000
     -21.86600       0.00000       0.00000
     -21.83600       0.00000       0.00000
     -21.80700       0.00000       0.00000
     -21.77700       0.00000       0.00000
     -21.74700       0.00000       0.00000
     -21.71800       0.00000       0.00000
     -21.68800       0.00000       0.00000
     -21.65800       0.00000       0.00000
     -21.62900       0.00000       0.00000
     -21.59900       0.00000       0.00000
     -21.57000       0.00000       0.00000
     -21.54000       0.00000      -0.00000
     -21.51000       0.00000      -0.00000
     -21.48100       0.00000      -0.00000
     -21.45100       0.00000      -0.00000
     -21.42200       0.00001      -0.00001
     -21.39200       0.00021      -0.00021
     -21.36200       0.00420      -0.00420
     -21.33300       0.04519      -0.04519
     -21.30300       0.26965      -0.26965
     -21.27400       0.94201      -0.94201
     -21.24400       2.07535      -2.07535
     -21.21400       3.17079      -3.17079
     -21.18500       3.77714      -3.77714
     -21.15500       3.96543      -3.96543
     -21.12600       3.99826      -3.99826
     -21.09600       4.01325      -4.01325
     -21.06600       4.09547      -4.09547
     -21.03700       4.41609      -4.41609
     -21.00700       5.20156      -5.20156
     -20.97800       6.50543      -6.50543
     -20.94800       8.01521      -8.01521
     -20.91800       9.21428      -9.21428
     -20.88900       9.92439      -9.92439
     -20.85900      10.55338     -10.55338
     -20.82900      11.54860     -11.54860
     -20.80000      12.73494     -12.73494
     -20.77000      13.57428     -13.57428
     -20.74100      13.91389     -13.91389
     -20.71100      13.99045     -13.99045
     -20.68100      14.00248     -14.00248
     -20.65200      14.02530     -14.02530
     -20.62200      14.13456     -14.13456
     -20.59300      14.48630     -14.48630
     -20.56300      15.27680     -15.27680
     -20.53300      16.55328     -16.55328
     -20.50400      18.09075     -18.09075
     -20.47400      19.64894     -19.64894
     -20.44500      21.17501     -21.17501
     -20.41500      22.52729     -22.52729
     -20.38500      23.43473     -23.43473
     -20.35600      23.85025     -23.85025
     -20.32600      23.97419     -23.97419
     -20.29700      23.99966     -23.99966
     -20.26700      24.03269     -24.03269
     -20.23700      24.24307     -24.24307
     -20.20800      25.06465     -25.06465
     -20.17800      26.96539     -26.96539
     -20.14900      29.68786     -29.68786
     -20.11900      32.22396     -32.22396
     -20.08900      33.95697     -33.95697
     -20.06000      35.21007     -35.21007
     -20.03000      36.46746     -36.46746
     -20.00100      37.72899     -37.72899
     -19.97100      38.84931     -38.84931
     -19.94100      39.91914     -39.91914
     -19.91200      41.05351     -41.05351
     -19.88200      42.14436     -42.14436
     -19.85200      42.99259     -42.99259
     -19.82300      43.53780     -43.53780
     -19.79300      43.83508     -43.83508
     -19.76400      43.95941     -43.95941
     -19.73400      43.99359     -43.99359
     -19.70400      43.99913     -43.99913
     -19.67500      43.99962     -43.99962
     -19.64500      43.99965     -43.99965
     -19.61600      43.99965     -43.99965
     -19.58600      43.99965     -43.99965
     -19.55600      43.99965     -43.99965
     -19.52700      43.99965     -43.99965
     -19.49700      43.99965     -43.99965
     -19.46800      43.99965     -43.99965
     -19.43800      43.99965     -43.99965
     -19.40800      43.99965     -43.99965
     -19.37900      43.99965     -43.99965
     -19.34900      43.99965     -43.99965
     -19.32000      43.99965     -43.99965
     -19.29000      43.99965     -43.99965
     -19.26000      43.99965     -43.99965
     -19.23100      43.99965     -43.99965
     -19.20100      43.99965     -43.99965
     -19.17200      43.99966     -43.99966
     -19.14200      44.00016     -44.00016
     -19.11200      44.00766     -44.00766
     -19.08300      44.06948     -44.06948
     -19.05300      44.35180     -44.35180
     -19.02300      45.08826     -45.08826
     -18.99400      46.21479     -46.21479
     -18.96400      47.23962     -47.23962
     -18.93500      47.79231     -47.79231
     -18.90500      47.96566     -47.96566
     -18.87500      47.99639     -47.99639
     -18.84600      47.99942     -47.99942
     -18.81600      48.00038     -48.00038
     -18.78700      48.01069     -48.01069
     -18.75700      48.08300     -48.08300
     -18.72700      48.37004     -48.37004
     -18.69800      49.04847     -49.04847
     -18.66800      50.08662     -50.08662
     -18.63900      51.27873     -51.27873
     -18.60900      52.53730     -52.53730
     -18.57900      53.89491     -53.89491
     -18.55000      55.31188     -55.31188
     -18.52000      56.65365     -56.65365
     -18.49100      57.87181     -57.87181
     -18.46100      59.14030     -59.14030
     -18.43100      60.58495     -60.58495
     -18.40200      62.10525     -62.10525
     -18.37200      63.63916     -63.63916
     -18.34300      65.15146     -65.15146
     -18.31300      66.44379     -66.44379
     -18.28300      67.34915     -67.34915
     -18.25400      67.98599     -67.98599
     -18.22400      68.70661     -68.70661
     -18.19500      69.83122     -69.83122
     -18.16500      71.37372     -71.37372
     -18.13500      73.04323     -73.04323
     -18.10600      74.56530     -74.56530
     -18.07600      75.81351     -75.81351
     -18.04600      76.71118     -76.71118
     -18.01700      77.28570     -77.28570
     -17.98700      77.65238     -77.65238
     -17.95800      77.87167     -77.87167
     -17.92800      77.97127     -77.97127
     -17.89800      78.02046     -78.02046
     -17.86900      78.13203     -78.13203
     -17.83900      78.47070     -78.47070
     -17.81000      79.19118     -79.19118
     -17.78000      80.21630     -80.21630
     -17.75000      81.17022     -81.17022
     -17.72100      81.73719     -81.73719
     -17.69100      81.94654     -81.94654
     -17.66200      81.99296     -81.99296
     -17.63200      81.99903     -81.99903
     -17.60200      82.00141     -82.00141
     -17.57300      82.01987     -82.01987
     -17.54300      82.12333     -82.12333
     -17.51400      82.48582     -82.48582
     -17.48400      83.33316     -83.33316
     -17.45400      84.78625     -84.78625
     -17.42500      86.79535     -86.79535
     -17.39500      89.09207     -89.09207
     -17.36600      91.25868     -91.25868
     -17.33600      93.16978     -93.16978
     -17.30600      95.07215     -95.07215
     -17.27700      97.05993     -97.05993
     -17.24700      98.91078     -98.91078
     -17.21700     100.37098    -100.37098
     -17.18800     101.32076    -101.32076
     -17.15800     101.80254    -101.80254
     -17.12900     102.00523    -102.00523
     -17.09900     102.15183    -102.15183
     -17.06900     102.38878    -102.38878
     -17.04000     102.78033    -102.78033
     -17.01000     103.38178    -103.38178
     -16.98100     104.28123    -104.28123
     -16.95100     105.48118    -105.48118
     -16.92100     106.84797    -106.84797
     -16.89200     108.29425    -108.29425
     -16.86200     109.73816    -109.73816
     -16.83300     110.92124    -110.92124
     -16.80300     111.62395    -111.62395
     -16.77300     111.90941    -111.90941
     -16.74400     111.98544    -111.98544
     -16.71400     111.99803    -111.99803
     -16.68500     111.99925    -111.99925
     -16.65500     111.99932    -111.99932
     -16.62500     111.99932    -111.99932
     -16.59600     111.99932    -111.99932
     -16.56600     111.99932    -111.99932
     -16.53700     111.99932    -111.99932
     -16.50700     111.99932    -111.99932
     -16.47700     111.99932    -111.99932
     -16.44800     111.99932    -111.99932
     -16.41800     111.99932    -111.99932
     -16.38900     111.99932    -111.99932
     -16.35900     111.99932    -111.99932
     -16.32900     111.99932    -111.99932
     -16.30000     111.99932    -111.99932
     -16.27000     111.99932    -111.99932
     -16.24000     111.99936    -111.99936
     -16.21100     112.00035    -112.00035
     -16.18100     112.01212    -112.01212
     -16.15200     112.08713    -112.08713
     -16.12200     112.35146    -112.35146
     -16.09200     112.89311    -112.89311
     -16.06300     113.61047    -113.61047
     -16.03300     114.36307    -114.36307
     -16.00400     115.10309    -115.10309
     -15.97400     115.77812    -115.77812
     -15.94400     116.48571    -116.48571
     -15.91500     117.48760    -117.48760
     -15.88500     118.73744    -118.73744
     -15.85600     119.85893    -119.85893
     -15.82600     120.71841    -120.71841
     -15.79600     121.54754    -121.54754
     -15.76700     122.50709    -122.50709
     -15.73700     123.47892    -123.47892
     -15.70800     124.31753    -124.31753
     -15.67800     125.05680    -125.05680
     -15.64800     125.77269    -125.77269
     -15.61900     126.42122    -126.42122
     -15.58900     126.93045    -126.93045
     -15.56000     127.33236    -127.33236
     -15.53000     127.69800    -127.69800
     -15.50000     128.07963    -128.07963
     -15.47100     128.55881    -128.55881
     -15.44100     129.21845    -129.21845
     -15.41100     130.04136    -130.04136
     -15.38200     130.92896    -130.92896
     -15.35200     131.90554    -131.90554
     -15.32300     133.14131    -133.14131
     -15.29300     134.61113    -134.61113
     -15.26300     136.02336    -136.02336
     -15.23400     137.17372    -137.17372
     -15.20400     138.07909    -138.07909
     -15.17500     138.88113    -138.88113
     -15.14500     139.79642    -139.79642
     -15.11500     141.02168    -141.02168
     -15.08600     142.57247    -142.57247
     -15.05600     144.25501    -144.25501
     -15.02700     145.85051    -145.85051
     -14.99700     147.26896    -147.26896
     -14.96700     148.51199    -148.51199
     -14.93800     149.62046    -149.62046
     -14.90800     150.74980    -150.74980
     -14.87900     151.99993    -151.99993
     -14.84900     153.10278    -153.10278
     -14.81900     153.73443    -153.73443
     -14.79000     153.95146    -153.95146
     -14.76000     153.99855    -153.99855
     -14.73100     154.03961    -154.03961
     -14.70100     154.24855    -154.24855
     -14.67100     155.02039    -155.02039
     -14.64200     156.79648    -156.79648
     -14.61200     159.37921    -159.37921
     -14.58300     161.91841    -161.91841
     -14.55300     163.83618    -163.83618
     -14.52300     165.07536    -165.07536
     -14.49400     165.71767    -165.71767
     -14.46400     165.94429    -165.94429
     -14.43400     165.99248    -165.99248
     -14.40500     165.99842    -165.99842
     -14.37500     166.00156    -166.00156
     -14.34600     166.02549    -166.02549
     -14.31600     166.14618    -166.14618
     -14.28600     166.51466    -166.51466
     -14.25700     167.23321    -167.23321
     -14.22700     168.18403    -168.18403
     -14.19800     169.07326    -169.07326
     -14.16800     169.65828    -169.65828
     -14.13800     169.91595    -169.91595
     -14.10900     169.98937    -169.98937
     -14.07900     170.01517    -170.01517
     -14.05000     170.05997    -170.05997
     -14.02000     170.15305    -170.15305
     -13.99000     170.33139    -170.33139
     -13.96100     170.69787    -170.69787
     -13.93100     171.43715    -171.43715
     -13.90200     172.66034    -172.66034
     -13.87200     174.11684    -174.11684
     -13.84200     175.30361    -175.30361
     -13.81300     176.07457    -176.07457
     -13.78300     176.77091    -176.77091
     -13.75400     177.66103    -177.66103
     -13.72400     178.71014    -178.71014
     -13.69400     179.85236    -179.85236
     -13.66500     181.04240    -181.04240
     -13.63500     182.17351    -182.17351
     -13.60500     183.22425    -183.22425
     -13.57600     184.30666    -184.30666
     -13.54600     185.47494    -185.47494
     -13.51700     186.62012    -186.62012
     -13.48700     187.63133    -187.63133
     -13.45700     188.52456    -188.52456
     -13.42800     189.27760    -189.27760
     -13.39800     189.78032    -189.78032
     -13.36900     190.05883    -190.05883
     -13.33900     190.30595    -190.30595
     -13.30900     190.73451    -190.73451
     -13.28000     191.53152    -191.53152
     -13.25000     192.81126    -192.81126
     -13.22100     194.54280    -194.54280
     -13.19100     196.50926    -196.50926
     -13.16100     198.26907    -198.26907
     -13.13200     199.39220    -199.39220
     -13.10200     199.86029    -199.86029
     -13.07300     199.97935    -199.97935
     -13.04300     199.99689    -199.99689
     -13.01300     199.99833    -199.99833
     -12.98400     199.99863    -199.99863
     -12.95400     200.00216    -200.00216
     -12.92500     200.03124    -200.03124
     -12.89500     200.16370    -200.16370
     -12.86500     200.51360    -200.51360
     -12.83600     201.09300    -201.09300
     -12.80600     201.79201    -201.79201
     -12.77700     202.54180    -202.54180
     -12.74700     203.26938    -203.26938
     -12.71700     203.85455    -203.85455
     -12.68800     204.40153    -204.40153
     -12.65800     205.24325    -205.24325
     -12.62800     206.47695    -206.47695
     -12.59900     207.77549    -207.77549
     -12.56900     208.88263    -208.88263
     -12.54000     209.97215    -209.97215
     -12.51000     211.26832    -211.26832
     -12.48000     212.71001    -212.71001
     -12.45100     214.16221    -214.16221
     -12.42100     215.63440    -215.63440
     -12.39200     217.15869    -217.15869
     -12.36200     218.61666    -218.61666
     -12.33200     219.78849    -219.78849
     -12.30300     220.54390    -220.54390
     -12.27300     220.94747    -220.94747
     -12.24400     221.17821    -221.17821
     -12.21400     221.39370    -221.39370
     -12.18400     221.69290    -221.69290
     -12.15500     222.18067    -222.18067
     -12.12500     223.02312    -223.02312
     -12.09600     224.32818    -224.32818
     -12.06600     225.95003    -225.95003
     -12.03600     227.53501    -227.53501
     -12.00700     228.80054    -228.80054
     -11.97700     229.76024    -229.76024
     -11.94800     230.71002    -230.71002
     -11.91800     231.95956    -231.95956
     -11.88800     233.50709    -233.50709
     -11.85900     235.08556    -235.08556
     -11.82900     236.52400    -236.52400
     -11.79900     237.84978    -237.84978
     -11.77000     239.10539    -239.10539
     -11.74000     240.30016    -240.30016
     -11.71100     241.49035    -241.49035
     -11.68100     242.69755    -242.69755
     -11.65100     243.83652    -243.83652
     -11.62200     244.80524    -244.80524
     -11.59200     245.53030    -245.53030
     -11.56300     246.00223    -246.00223
     -11.53300     246.29945    -246.29945
     -11.50300     246.51366    -246.51366
     -11.47400     246.70289    -246.70289
     -11.44400     246.92385    -246.92385
     -11.41500     247.25628    -247.25628
     -11.38500     247.74760    -247.74760
     -11.35500     248.33840    -248.33840
     -11.32600     248.91765    -248.91765
     -11.29600     249.46182    -249.46182
     -11.26700     250.04181    -250.04181
     -11.23700     250.70085    -250.70085
     -11.20700     251.41007    -251.41007
     -11.17800     252.13070    -252.13070
     -11.14800     252.86908    -252.86908
     -11.11900     253.70414    -253.70414
     -11.08900     254.80121    -254.80121
     -11.05900     256.38974    -256.38974
     -11.03000     258.60638    -258.60638
     -11.00000     261.25054    -261.25054
     -10.97100     263.83401    -263.83401
     -10.94100     265.99366    -265.99366
     -10.91100     267.73363    -267.73363
     -10.88200     269.23247    -269.23247
     -10.85200     270.58386    -270.58386
     -10.82200     271.76886    -271.76886
     -10.79300     272.79472    -272.79472
     -10.76300     273.75560    -273.75560
     -10.73400     274.72270    -274.72270
     -10.70400     275.76100    -275.76100
     -10.67400     277.06310    -277.06310
     -10.64500     278.84082    -278.84082
     -10.61500     280.97323    -280.97323
     -10.58600     282.91779    -282.91779
     -10.55600     284.22965    -284.22965
     -10.52600     284.98196    -284.98196
     -10.49700     285.52079    -285.52079
     -10.46700     286.10715    -286.10715
     -10.43800     286.81460    -286.81460
     -10.40800     287.56986    -287.56986
     -10.37800     288.32024    -288.32024
     -10.34900     289.10022    -289.10022
     -10.31900     289.85756    -289.85756
     -10.29000     290.45502    -290.45502
     -10.26000     290.89616    -290.89616
     -10.23000     291.32264    -291.32264
     -10.20100     291.85156    -291.85156
     -10.17100     292.58595    -292.58595
     -10.14200     293.67295    -293.67295
     -10.11200     295.19443    -295.19443
     -10.08200     297.11989    -297.11989
     -10.05300     299.40493    -299.40493
     -10.02300     301.91127    -301.91127
      -9.99300     304.44751    -304.44751
      -9.96400     306.99338    -306.99338
      -9.93400     309.50727    -309.50727
      -9.90500     311.78416    -311.78416
      -9.87500     313.77150    -313.77150
      -9.84500     315.61036    -315.61036
      -9.81600     317.37787    -317.37787
      -9.78600     319.06248    -319.06248
      -9.75700     320.65531    -320.65531
      -9.72700     322.24740    -322.24740
      -9.69700     324.02572    -324.02572
      -9.66800     326.01335    -326.01335
      -9.63800     327.98737    -327.98737
      -9.60900     329.70233    -329.70233
      -9.57900     330.95557    -330.95557
      -9.54900     331.64955    -331.64955
      -9.52000     331.91762    -331.91762
      -9.49000     331.99491    -331.99491
      -9.46100     332.06553    -332.06553
      -9.43100     332.30578    -332.30578
      -9.40100     332.91671    -332.91671
      -9.37200     333.97781    -333.97781
      -9.34200     335.31262    -335.31262
      -9.31300     336.61071    -336.61071
      -9.28300     337.73843    -337.73843
      -9.25300     338.81655    -338.81655
      -9.22400     339.94826    -339.94826
      -9.19400     341.22800    -341.22800
      -9.16500     342.92061    -342.92061
      -9.13500     345.12422    -345.12422
      -9.10500     347.52176    -347.52176
      -9.07600     349.72892    -349.72892
      -9.04600     351.51923    -351.51923
      -9.01600     352.85848    -352.85848
      -8.98700     354.04645    -354.04645
      -8.95700     355.51123    -355.51123
      -8.92800     357.30524    -357.30524
      -8.89800     359.02434    -359.02434
      -8.86800     360.28617    -360.28617
      -8.83900     361.18828    -361.18828
      -8.80900     362.25974    -362.25974
      -8.78000     363.95664    -363.95664
      -8.75000     366.16914    -366.16914
      -8.72000     368.28186    -368.28186
      -8.69100     369.77373    -369.77373
      -8.66100     370.67081    -370.67081
      -8.63200     371.41985    -371.41985
      -8.60200     372.47311    -372.47311
      -8.57200     373.97179    -373.97179
      -8.54300     375.76372    -375.76372
      -8.51300     377.71183    -377.71183
      -8.48400     379.79421    -379.79421
      -8.45400     381.93328    -381.93328
      -8.42400     383.99923    -383.99923
      -8.39500     385.99485    -385.99485
      -8.36500     388.15213    -388.15213
      -8.33600     390.66676    -390.66676
      -8.30600     393.27110    -393.27110
      -8.27600     395.49396    -395.49396
      -8.24700     397.27465    -397.27465
      -8.21700     398.91233    -398.91233
      -8.18700     400.65512    -400.65512
      -8.15800     402.54624    -402.54624
      -8.12800     404.53269    -404.53269
      -8.09900     406.66036    -406.66036
      -8.06900     409.27699    -409.27699
      -8.03900     413.02665    -413.02665
      -8.01000     418.01683    -418.01683
      -7.98000     423.08399    -423.08399
      -7.95100     426.99353    -426.99353
      -7.92100     429.89379    -429.89379
      -7.89100     432.65445    -432.65445
      -7.86200     435.74049    -435.74049
      -7.83200     439.13044    -439.13044
      -7.80300     442.49522    -442.49522
      -7.77300     445.56201    -445.56201
      -7.74300     448.30594    -448.30594
      -7.71400     450.53043    -450.53043
      -7.68400     451.98974    -451.98974
      -7.65500     452.92545    -452.92545
      -7.62500     453.89566    -453.89566
      -7.59500     455.40426    -455.40426
      -7.56600     457.73785    -457.73785
      -7.53600     460.70531    -460.70531
      -7.50700     463.69601    -463.69601
      -7.47700     466.23581    -466.23581
      -7.44700     468.36911    -468.36911
      -7.41800     470.50403    -470.50403
      -7.38800     472.94065    -472.94065
      -7.35900     475.57608    -475.57608
      -7.32900     478.06761    -478.06761
      -7.29900     480.19928    -480.19928
      -7.27000     482.06405    -482.06405
      -7.24000     483.91254    -483.91254
      -7.21000     485.80721    -485.80721
      -7.18100     487.56110    -487.56110
      -7.15100     489.03757    -489.03757
      -7.12200     490.24123    -490.24123
      -7.09200     491.23112    -491.23112
      -7.06200     492.12568    -492.12568
      -7.03300     493.04600    -493.04600
      -7.00300     494.09407    -494.09407
      -6.97400     495.33873    -495.33873
      -6.94400     496.59879    -496.59879
      -6.91400     497.48935    -497.48935
      -6.88500     497.88596    -497.88596
      -6.85500     498.03158    -498.03158
      -6.82600     498.30463    -498.30463
      -6.79600     499.19134    -499.19134
      -6.76600     501.07476    -501.07476
      -6.73700     503.71774    -503.71774
      -6.70700     506.39683    -506.39683
      -6.67800     508.65581    -508.65581
      -6.64800     510.55818    -510.55818
      -6.61800     512.43804    -512.43804
      -6.58900     514.64506    -514.64506
      -6.55900     517.21343    -517.21343
      -6.53000     519.68469    -519.68469
      -6.50000     521.56559    -521.56559
      -6.47000     522.87198    -522.87198
      -6.44100     523.94892    -523.94892
      -6.41100     525.06301    -525.06301
      -6.38100     526.31640    -526.31640
      -6.35200     527.66187    -527.66187
      -6.32200     528.93022    -528.93022
      -6.29300     530.00597    -530.00597
      -6.26300     530.99631    -530.99631
      -6.23300     532.04912    -532.04912
      -6.20400     533.05233    -533.05233
      -6.17400     533.78347    -533.78347
      -6.14500     534.28855    -534.28855
      -6.11500     534.86677    -534.86677
      -6.08500     535.71292    -535.71292
      -6.05600     536.70282    -536.70282
      -6.02600     537.67036    -537.67036
      -5.99700     538.76402    -538.76402
      -5.96700     540.19239    -540.19239
      -5.93700     541.83511    -541.83511
      -5.90800     543.41921    -543.41921
      -5.87800     544.85512    -544.85512
      -5.84900     546.25685    -546.25685
      -5.81900     547.85012    -547.85012
      -5.78900     549.92776    -549.92776
      -5.76000     552.61159    -552.61159
      -5.73000     555.71732    -555.71732
      -5.70100     559.06582    -559.06582
      -5.67100     562.32253    -562.32253
      -5.64100     564.74065    -564.74065
      -5.61200     566.02646    -566.02646
      -5.58200     566.82510    -566.82510
      -5.55300     567.93993    -567.93993
      -5.52300     569.59375    -569.59375
      -5.49300     571.33891    -571.33891
      -5.46400     572.64145    -572.64145
      -5.43400     573.50788    -573.50788
      -5.40400     574.38557    -574.38557
      -5.37500     575.77293    -575.77293
      -5.34500     577.98691    -577.98691
      -5.31600     580.96458    -580.96458
      -5.28600     584.16801    -584.16801
      -5.25600     586.94540    -586.94540
      -5.22700     589.09750    -589.09750
      -5.19700     590.87078    -590.87078
      -5.16800     592.52623    -592.52623
      -5.13800     594.13238    -594.13238
      -5.10800     595.70390    -595.70390
      -5.07900     597.32648    -597.32648
      -5.04900     599.08778    -599.08778
      -5.02000     601.08903    -601.08903
      -4.99000     603.37377    -603.37377
      -4.96000     605.66768    -605.66768
      -4.93100     607.49440    -607.49440
      -4.90100     608.63677    -608.63677
      -4.87200     609.26828    -609.26828
      -4.84200     609.66190    -609.66190
      -4.81200     609.98520    -609.98520
      -4.78300     610.31768    -610.31768
      -4.75300     610.67888    -610.67888
      -4.72400     611.07739    -611.07739
      -4.69400     611.54843    -611.54843
      -4.66400     612.09215    -612.09215
      -4.63500     612.66918    -612.66918
      -4.60500     613.25421    -613.25421
      -4.57500     613.80903    -613.80903
      -4.54600     614.34506    -614.34506
      -4.51600     615.00321    -615.00321
      -4.48700     615.87986    -615.87986
      -4.45700     616.87405    -616.87405
      -4.42700     617.80369    -617.80369
      -4.39800     618.55141    -618.55141
      -4.36800     619.08107    -619.08107
      -4.33900     619.41096    -619.41096
      -4.30900     619.59674    -619.59674
      -4.27900     619.71173    -619.71173
      -4.25000     619.82372    -619.82372
      -4.22000     619.99825    -619.99825
      -4.19100     620.33884    -620.33884
      -4.16100     620.91425    -620.91425
      -4.13100     621.60038    -621.60038
      -4.10200     622.22700    -622.22700
      -4.07200     622.88619    -622.88619
      -4.04300     623.87046    -623.87046
      -4.01300     625.29424    -625.29424
      -3.98300     626.85287    -626.85287
      -3.95400     628.10064    -628.10064
      -3.92400     628.93658    -628.93658
      -3.89500     629.59370    -629.59370
      -3.86500     630.25733    -630.25733
      -3.83500     630.93088    -630.93088
      -3.80600     631.61005    -631.61005
      -3.77600     632.34355    -632.34355
      -3.74700     633.10148    -633.10148
      -3.71700     633.78287    -633.78287
      -3.68700     634.33222    -634.33222
      -3.65800     634.74360    -634.74360
      -3.62800     635.07905    -635.07905
      -3.59800     635.52107    -635.52107
      -3.56900     636.26656    -636.26656
      -3.53900     637.31863    -637.31863
      -3.51000     638.45390    -638.45390
      -3.48000     639.45430    -639.45430
      -3.45000     640.29320    -640.29320
      -3.42100     641.08325    -641.08325
      -3.39100     641.94569    -641.94569
      -3.36200     642.93470    -642.93470
      -3.33200     644.00497    -644.00497
      -3.30200     645.02877    -645.02877
      -3.27300     645.95279    -645.95279
      -3.24300     646.89116    -646.89116
      -3.21400     647.92562    -647.92562
      -3.18400     648.95356    -648.95356
      -3.15400     649.85019    -649.85019
      -3.12500     650.64883    -650.64883
      -3.09500     651.48343    -651.48343
      -3.06600     652.43588    -652.43588
      -3.03600     653.47403    -653.47403
      -3.00600     654.46792    -654.46792
      -2.97700     655.26123    -655.26123
      -2.94700     655.81383    -655.81383
      -2.91800     656.25704    -656.25704
      -2.88800     656.77042    -656.77042
      -2.85800     657.39808    -657.39808
      -2.82900     657.97925    -657.97925
      -2.79900     658.35859    -658.35859
      -2.77000     658.59335    -658.59335
      -2.74000     658.86905    -658.86905
      -2.71000     659.33787    -659.33787
      -2.68100     660.00476    -660.00476
      -2.65100     660.71591    -660.71591
      -2.62100     661.31129    -661.31129
      -2.59200     661.71646    -661.71646
      -2.56200     661.93149    -661.93149
      -2.53300     662.03266    -662.03266
      -2.50300     662.10837    -662.10837
      -2.47300     662.20344    -662.20344
      -2.44400     662.37716    -662.37716
      -2.41400     662.74961    -662.74961
      -2.38500     663.40362    -663.40362
      -2.35500     664.26280    -664.26280
      -2.32500     665.16580    -665.16580
      -2.29600     666.05829    -666.05829
      -2.26600     667.00984    -667.00984
      -2.23700     668.02475    -668.02475
      -2.20700     668.93959    -668.93959
      -2.17700     669.56503    -669.56503
      -2.14800     669.87013    -669.87013
      -2.11800     669.97125    -669.97125
      -2.08900     669.99279    -669.99279
      -2.05900     669.99556    -669.99556
      -2.02900     669.99587    -669.99587
      -2.00000     669.99732    -669.99732
      -1.97000     670.00910    -670.00910
      -1.94100     670.06828    -670.06828
      -1.91100     670.26802    -670.26802
      -1.88100     670.74898    -670.74898
      -1.85200     671.58077    -671.58077
      -1.82200     672.58443    -672.58443
      -1.79200     673.39832    -673.39832
      -1.76300     673.82569    -673.82569
      -1.73300     673.96543    -673.96543
      -1.70400     673.99274    -673.99274
      -1.67400     673.99580    -673.99580
      -1.64400     673.99599    -673.99599
      -1.61500     673.99600    -673.99600
      -1.58500     673.99600    -673.99600
      -1.55600     673.99600    -673.99600
      -1.52600     673.99600    -673.99600
      -1.49600     673.99600    -673.99600
      -1.46700     673.99600    -673.99600
      -1.43700     673.99602    -673.99602
      -1.40800     673.99635    -673.99635
      -1.37800     673.99943    -673.99943
      -1.34800     674.01546    -674.01546
      -1.31900     674.06407    -674.06407
      -1.28900     674.15858    -674.15858
      -1.26000     674.29945    -674.29945
      -1.23000     674.50817    -674.50817
      -1.20000     674.83664    -674.83664
      -1.17100     675.29525    -675.29525
      -1.14100     675.80492    -675.80492
      -1.11200     676.28100    -676.28100
      -1.08200     676.71325    -676.71325
      -1.05200     677.10376    -677.10376
      -1.02300     677.40958    -677.40958
      -0.99300     677.60762    -677.60762
      -0.96400     677.74474    -677.74474
      -0.93400     677.91764    -677.91764
      -0.90400     678.25999    -678.25999
      -0.87500     678.87965    -678.87965
      -0.84500     679.75763    -679.75763
      -0.81500     680.73554    -680.73554
      -0.78600     681.59102    -681.59102
      -0.75600     682.22918    -682.22918
      -0.72700     682.80947    -682.80947
      -0.69700     683.54786    -683.54786
      -0.66700     684.50001    -684.50001
      -0.63800     685.55444    -685.55444
      -0.60800     686.48409    -686.48409
      -0.57900     687.11337    -687.11337
      -0.54900     687.46868    -687.46868
      -0.51900     687.70238    -687.70238
      -0.49000     688.02073    -688.02073
      -0.46000     688.65001    -688.65001
      -0.43100     689.65871    -689.65871
      -0.40100     690.84297    -690.84297
      -0.37100     691.92316    -691.92316
      -0.34200     692.77613    -692.77613
      -0.31200     693.47188    -693.47188
      -0.28300     694.19798    -694.19798
      -0.25300     695.09210    -695.09210
      -0.22300     696.14387    -696.14387
      -0.19400     697.20290    -697.20290
      -0.16400     698.03469    -698.03469
      -0.13500     698.52823    -698.52823
      -0.10500     698.79943    -698.79943
      -0.07500     699.05508    -699.05508
      -0.04600     699.48541    -699.48541
      -0.01600     700.17154    -700.17154
       0.01400     701.00097    -701.00097
       0.04300     701.82566    -701.82566
       0.07300     702.66604    -702.66604
       0.10200     703.60546    -703.60546
       0.13200     704.64183    -704.64183
       0.16200     705.72084    -705.72084
       0.19100     706.71355    -706.71355
       0.22100     707.43240    -707.43240
       0.25000     707.81240    -707.81240
       0.28000     707.95834    -707.95834
       0.31000     708.01267    -708.01267
       0.33900     708.06263    -708.06263
       0.36900     708.13597    -708.13597
       0.39800     708.23571    -708.23571
       0.42800     708.36272    -708.36272
       0.45800     708.51086    -708.51086
       0.48700     708.69192    -708.69190
       0.51700     709.01013    -709.00995
       0.54600     709.69685    -709.69638
       0.57600     710.97689    -710.97627
       0.60600     712.81057    -712.80995
       0.63500     714.81404    -714.81342
       0.66500     716.56512    -716.56435
       0.69400     717.93398    -717.93306
       0.72400     718.95097    -718.95020
       0.75400     719.59994    -719.59932
       0.78300     719.94234    -719.94172
       0.81300     720.18979    -720.18916
       0.84200     720.54027    -720.53962
       0.87200     721.01043    -721.00977
       0.90200     721.51492    -721.51427
       0.93100     722.12097    -722.12017
       0.96100     723.07296    -723.07187
       0.99100     724.56395    -724.56285
       1.02000     726.61479    -726.61399
       1.05000     729.13727    -729.13677
       1.07900     731.88180    -731.88144
       1.10900     734.46941    -734.46890
       1.13900     736.74748    -736.74683
       1.16800     738.81609    -738.81544
       1.19800     740.68041    -740.67976
       1.22700     742.23180    -742.23114
       1.25700     743.48164    -743.48098
       1.28700     744.51061    -744.50996
       1.31600     745.29281    -745.29216
       1.34600     745.80530    -745.80450
       1.37500     746.18057    -746.17947
       1.40500     746.59994    -746.59870
       1.43500     747.15359    -747.15249
       1.46400     747.87243    -747.87148
       1.49400     748.73798    -748.73688
       1.52300     749.70641    -749.70517
       1.55300     750.79474    -750.79365
       1.58300     752.02608    -752.02513
       1.61200     753.42543    -753.42434
       1.64200     755.11123    -755.11043
       1.67100     757.19656    -757.19725
       1.70100     759.65139    -759.65355
       1.73100     762.34899    -762.35100
       1.76000     765.04304    -765.04387
       1.79000     767.35323    -767.35288
       1.82000     769.14665    -769.14526
       1.84900     770.83126    -770.82869
       1.87900     772.98528    -772.98108
       1.90800     775.69680    -775.69452
       1.93800     778.48781    -778.49322
       1.96800     780.99563    -781.00208
       1.99700     783.25697    -783.24863
       2.02700     785.25245    -785.22531
       2.05600     786.80413    -786.75611
       2.08600     787.94472    -787.86088
       2.11600     789.01619    -788.89281
       2.14500     790.43212    -790.27840
       2.17500     792.51212    -792.32969
       2.20400     795.39447    -795.19249
       2.23400     798.77849    -798.57208
       2.26400     802.11219    -801.89393
       2.29300     805.26677    -805.02186
       2.32300     808.44651    -808.18532
       2.35200     811.65438    -811.40207
       2.38200     814.73049    -814.50483
       2.41200     817.55984    -817.36941
       2.44100     820.10719    -819.96161
       2.47100     822.45143    -822.35619
       2.50000     824.79894    -824.72664
       2.53000     827.40357    -827.31069
       2.56000     830.34320    -830.21939
       2.58900     833.40008    -833.25998
       2.61900     836.28849    -836.14469
       2.64800     838.85878    -838.71617
       2.67800     841.11732    -840.95797
       2.70800     843.24262    -843.02658
       2.73700     845.47332    -845.17764
       2.76700     847.88789    -847.53862
       2.79700     850.35766    -850.01387
       2.82600     852.70102    -852.41703
       2.85600     854.79168    -854.60925
       2.88500     856.60079    -856.55529
       2.91500     858.25106    -858.34026
       2.94500     859.97283    -860.11325
       2.97400     861.95839    -862.01325
       3.00400     864.22610    -864.11916
       3.03300     866.66701    -866.43602
       3.06300     869.19378    -868.90077
       3.09300     871.73402    -871.39586
       3.12200     874.17686    -873.80198
       3.15200     876.46337    -876.09397
       3.18100     878.69911    -878.39277
       3.21100     881.05416    -880.81769
       3.24100     883.54851    -883.31915
       3.27000     886.03723    -885.77057
       3.30000     888.40546    -888.13287
       3.32900     890.66666    -890.42323
       3.35900     892.86465    -892.63277
       3.38900     895.00550    -894.75748
       3.41800     897.09320    -896.82935
       3.44800     899.16684    -898.90255
       3.47700     901.29762    -901.04117
       3.50700     903.54032    -903.27972
       3.53700     905.87909    -905.60176
       3.56600     908.23147    -907.97458
       3.59600     910.52805    -910.34991
       3.62600     912.76838    -912.67151
       3.65500     914.97096    -914.93700
       3.68500     917.14645    -917.17762
       3.71400     919.32149    -919.39545
       3.74400     921.51119    -921.58056
       3.77400     923.69911    -923.72955
       3.80300     925.87356    -925.84982
       3.83300     928.03484    -927.95840
       3.86200     930.16429    -930.05498
       3.89200     932.23852    -932.13055
       3.92200     934.25695    -934.17636
       3.95100     936.24118    -936.16710
       3.98100     938.21519    -938.09597
       4.01000     940.17796    -940.00426
       4.04000     942.12444    -941.92824
       4.07000     944.06174    -943.86258
       4.09900     945.97418    -945.80506
       4.12900     947.84605    -947.77716
       4.15800     949.71333    -949.77945
       4.18800     951.63702    -951.79580
       4.21800     953.65071    -953.83835
       4.24700     955.73708    -955.91318
       4.27700     957.83707    -957.97661
       4.30600     959.89769    -959.98837
       4.33600     961.90678    -961.95735
       4.36600     963.87843    -963.92145
       4.39500     965.82447    -965.88096
       4.42500     967.72935    -967.75964
       4.45400     969.55785    -969.51679
       4.48400     971.31352    -971.22109
       4.51400     973.03736    -972.91887
       4.54300     974.72834    -974.56041
       4.57300     976.35344    -976.11238
       4.60300     977.92051    -977.60588
       4.63200     979.43652    -979.05794
       4.66200     980.85467    -980.45685
       4.69100     982.15040    -981.79861
       4.72100     983.34872    -983.07466
       4.75100     984.46607    -984.27934
       4.78000     985.52939    -985.43578
       4.81000     986.58309    -986.56808
       4.83900     987.62613    -987.67151
       4.86900     988.61928    -988.71263
       4.89900     989.53989    -989.66773
       4.92800     990.39360    -990.56363
       4.95800     991.19653    -991.43569
       4.98700     991.95786    -992.27089
       5.01700     992.68233    -993.02985
       5.04700     993.38193    -993.70829
       5.07600     994.07102    -994.34779
       5.10600     994.73850    -994.98773
       5.13500     995.35254    -995.63093
       5.16500     995.91477    -996.25282
       5.19500     996.45924    -996.82378
       5.22400     996.98919    -997.32754
       5.25400     997.48096    -997.77223
       5.28300     997.92964    -998.17029
       5.31300     998.34280    -998.51668
       5.34300     998.72517    -998.80838
       5.37200     999.06905    -999.05724
       5.40200     999.34680    -999.27425
       5.43200     999.54105    -999.46430
       5.46100     999.66740    -999.62594
       5.49100     999.75441    -999.75087
       5.52000     999.81980    -999.83815
       5.55000     999.86594    -999.90055
       5.58000     999.89541    -999.94691
       5.60900     999.92125    -999.97502
       5.63900     999.95117    -999.98624
       5.66800     999.97701    -999.98890
       5.69800     999.99052    -999.98926
       5.72800     999.99457    -999.98929
       5.75700     999.99524    -999.98929
       5.78700     999.99531    -999.98929
       5.81600     999.99531    -999.98929
       5.84600     999.99531    -999.98929
       5.87600     999.99531    -999.98929
       5.90500     999.99531    -999.98929
       5.93500     999.99531    -999.98929
       5.96400     999.99531    -999.98929
       5.99400     999.99531    -999.98929
       6.02400     999.99531    -999.98929
       6.05300     999.99531    -999.98929
       6.08300     999.99531    -999.98929
       6.11200     999.99531    -999.98929
       6.14200     999.99531    -999.98929
       6.17200     999.99531    -999.98929
       6.20100     999.99531    -999.98929
       6.23100     999.99531    -999.98929
       6.26000     999.99531    -999.98929
       6.29000     999.99531    -999.98929
       6.32000     999.99531    -999.98929
       6.34900     999.99531    -999.98929
       6.37900     999.99531    -999.98929
       6.40900     999.99531    -999.98929
       6.43800     999.99531    -999.98929
       6.46800     999.99531    -999.98929
       6.49700     999.99531    -999.98929
       6.52700     999.99531    -999.98929
       6.55700     999.99531    -999.98929
       6.58600     999.99531    -999.98929
       6.61600     999.99531    -999.98929
       6.64500     999.99531    -999.98929
       6.67500     999.99531    -999.98929
       6.70500     999.99531    -999.98929
       6.73400     999.99531    -999.98929
       6.76400     999.99531    -999.98929
       6.79300     999.99531    -999.98929
       6.82300     999.99531    -999.98929
       6.85300     999.99531    -999.98929
       6.88200     999.99531    -999.98929
       6.91200     999.99531    -999.98929
       6.94100     999.99531    -999.98929
       6.97100     999.99531    -999.98929
