      #Energy        TDOS-UP        TDOS-DOWN
     -22.60900       0.00000       0.00000
     -22.57900       0.00000       0.00000
     -22.55000       0.00000       0.00000
     -22.52000       0.00000       0.00000
     -22.49000       0.00000       0.00000
     -22.46000       0.00000       0.00000
     -22.43000       0.00000       0.00000
     -22.40000       0.00000       0.00000
     -22.37100       0.00000       0.00000
     -22.34100       0.00000       0.00000
     -22.31100       0.00000       0.00000
     -22.28100       0.00000       0.00000
     -22.25100       0.00000       0.00000
     -22.22100       0.00000       0.00000
     -22.19200       0.00000       0.00000
     -22.16200       0.00000       0.00000
     -22.13200       0.00000       0.00000
     -22.10200       0.00000       0.00000
     -22.07200       0.00000       0.00000
     -22.04300       0.00000       0.00000
     -22.01300       0.00000       0.00000
     -21.98300       0.00000       0.00000
     -21.95300       0.00000       0.00000
     -21.92300       0.00000       0.00000
     -21.89300       0.00000       0.00000
     -21.86400       0.00000       0.00000
     -21.83400       0.00000       0.00000
     -21.80400       0.00000       0.00000
     -21.77400       0.00000       0.00000
     -21.74400       0.00000       0.00000
     -21.71400       0.00000       0.00000
     -21.68500       0.00000       0.00000
     -21.65500       0.00000       0.00000
     -21.62500       0.00000       0.00000
     -21.59500       0.00000       0.00000
     -21.56500       0.00000       0.00000
     -21.53600       0.00000      -0.00000
     -21.50600       0.00000      -0.00000
     -21.47600       0.00000      -0.00000
     -21.44600       0.00000      -0.00000
     -21.41600       0.00005      -0.00001
     -21.38600       0.00216      -0.00040
     -21.35700       0.04964      -0.01234
     -21.32700       0.61170      -0.20270
     -21.29700       4.19100      -1.82100
     -21.26700      16.64000      -9.31100
     -21.23700      40.20000     -28.34000
     -21.20700      62.99000     -54.12000
     -21.17800      70.16000     -69.52000
     -21.14800      62.68000     -66.66000
     -21.11800      50.35000     -54.83000
     -21.08800      39.69000     -43.49000
     -21.05800      32.66000     -35.65000
     -21.02900      28.68000     -30.68000
     -20.99900      30.93000     -29.78000
     -20.96900      36.81000     -34.73000
     -20.93900      37.19000     -38.20000
     -20.90900      31.02000     -34.26000
     -20.87900      23.92000     -26.84000
     -20.85000      19.12000     -20.71000
     -20.82000      16.95000     -17.27000
     -20.79000      16.54000     -16.04000
     -20.76000      20.65000     -17.48000
     -20.73000      31.83000     -25.60000
     -20.70000      40.61000     -37.34000
     -20.67100      36.30000     -39.84000
     -20.64100      24.52000     -30.53000
     -20.61100      15.38000     -19.76000
     -20.58100       9.10400     -12.50000
     -20.55100       3.98900      -6.57800
     -20.52200       2.42700      -2.53700
     -20.49200       9.14400      -3.56900
     -20.46200      29.99000     -15.51000
     -20.43200      57.26000     -41.74000
     -20.40200      68.88000     -66.17000
     -20.37200      57.50000     -67.22000
     -20.34300      36.56000     -48.27000
     -20.31300      21.82000     -28.60000
     -20.28300      19.34000     -19.30000
     -20.25300      30.14000     -22.80000
     -20.22300      45.59000     -37.38000
     -20.19300      46.76000     -48.36000
     -20.16400      30.92000     -40.98000
     -20.13400      16.46000     -23.60000
     -20.10400      15.28000     -14.74000
     -20.07400      22.40000     -18.53000
     -20.04400      28.37000     -26.14000
     -20.01500      27.48000     -28.98000
     -19.98500      20.41000     -24.42000
     -19.95500      11.72000     -16.12000
     -19.92500       4.72300      -8.04000
     -19.89500       1.15800      -2.63300
     -19.86500       0.15770      -0.49910
     -19.83600       0.01548      -0.05169
     -19.80600       0.07785      -0.01815
     -19.77600       0.74410      -0.21790
     -19.74600       3.70300      -1.58200
     -19.71600       9.75700      -5.99400
     -19.68600      14.33000     -12.21000
     -19.65700      13.46000     -14.44000
     -19.62700      10.60000     -12.09000
     -19.59700       7.95200      -9.46300
     -19.56700       4.53700      -6.70400
     -19.53700       1.69900      -3.31600
     -19.50800       1.19100      -1.39600
     -19.47800       3.35300      -2.33300
     -19.44800       7.26500      -5.75700
     -19.41800      11.00000      -9.70600
     -19.38800      14.20000     -13.13000
     -19.35800      15.13000     -15.34000
     -19.32900      11.73000     -13.20000
     -19.29900      10.36000      -9.73800
     -19.26900      16.29000     -13.08000
     -19.23900      21.03000     -19.99000
     -19.20900      17.44000     -19.65000
     -19.17900      14.47000     -14.86000
     -19.15000      19.03000     -16.47000
     -19.12000      24.68000     -22.55000
     -19.09000      27.58000     -26.45000
     -19.06000      27.27000     -27.94000
     -19.03000      20.66000     -24.19000
     -19.00100      13.00000     -16.03000
     -18.97100       9.79200     -10.80000
     -18.94100       9.07800      -9.10700
     -18.91100      11.27000      -9.58300
     -18.88100      18.77000     -14.76000
     -18.85100      28.32000     -24.25000
     -18.82200      33.87000     -32.04000
     -18.79200      33.22000     -34.28000
     -18.76200      27.00000     -30.36000
     -18.73200      21.34000     -22.96000
     -18.70200      26.33000     -21.61000
     -18.67200      40.70000     -32.98000
     -18.64300      48.44000     -46.13000
     -18.61300      42.94000     -46.95000
     -18.58300      31.54000     -37.36000
     -18.55300      24.35000     -27.10000
     -18.52300      23.90000     -24.00000
     -18.49400      21.08000     -23.01000
     -18.46400      17.41000     -18.17000
     -18.43400      22.97000     -18.89000
     -18.40400      31.78000     -28.16000
     -18.37400      32.57000     -32.85000
     -18.34400      29.71000     -29.98000
     -18.31500      27.58000     -27.99000
     -18.28500      25.00000     -25.67000
     -18.25500      28.52000     -24.17000
     -18.22500      39.36000     -31.33000
     -18.19500      43.43000     -42.37000
     -18.16500      32.12000     -41.25000
     -18.13600      18.61000     -26.75000
     -18.10600      17.22000     -16.45000
     -18.07600      23.41000     -18.80000
     -18.04600      24.37000     -24.57000
     -18.01600      17.46000     -22.87000
     -17.98700      10.90000     -15.21000
     -17.95700      10.18000     -10.46000
     -17.92700      14.41000     -11.95000
     -17.89700      21.95000     -17.56000
     -17.86700      34.68000     -26.50000
     -17.83700      52.10000     -41.03000
     -17.80800      63.73000     -57.82000
     -17.77800      60.47000     -64.62000
     -17.74800      50.62000     -57.40000
     -17.71800      47.30000     -49.16000
     -17.68800      48.27000     -47.96000
     -17.65800      44.41000     -46.79000
     -17.62900      36.41000     -40.23000
     -17.59900      32.50000     -33.37000
     -17.56900      34.89000     -32.71000
     -17.53900      40.04000     -36.91000
     -17.50900      46.08000     -42.90000
     -17.48000      49.15000     -48.52000
     -17.45000      42.73000     -47.84000
     -17.42000      28.21000     -36.81000
     -17.39000      15.64000     -21.81000
     -17.36000      10.96000     -12.51000
     -17.33000      11.51000     -10.86000
     -17.30100      14.39000     -12.73000
     -17.27100      21.09000     -17.32000
     -17.24100      30.53000     -25.98000
     -17.21100      37.99000     -35.23000
     -17.18100      42.31000     -41.07000
     -17.15100      45.71000     -44.66000
     -17.12200      48.81000     -47.78000
     -17.09200      50.69000     -50.16000
     -17.06200      48.62000     -50.06000
     -17.03200      40.77000     -44.56000
     -17.00200      30.46000     -34.68000
     -16.97300      21.85000     -25.23000
     -16.94300      16.40000     -18.60000
     -16.91300      15.22000     -15.59000
     -16.88300      18.46000     -17.13000
     -16.85300      23.44000     -21.75000
     -16.82300      26.55000     -25.59000
     -16.79400      28.76000     -27.18000
     -16.76400      33.78000     -30.75000
     -16.73400      39.57000     -36.98000
     -16.70400      44.65000     -42.23000
     -16.67400      48.93000     -47.22000
     -16.64400      45.71000     -48.42000
     -16.61500      32.76000     -39.37000
     -16.58500      18.93000     -24.79000
     -16.55500      11.06000     -13.96000
     -16.52500       8.24800      -9.11900
     -16.49500       8.85000      -7.72500
     -16.46600      13.76000      -9.93600
     -16.43600      19.63000     -16.06000
     -16.40600      22.64000     -21.07000
     -16.37600      23.68000     -23.31000
     -16.34600      20.10000     -22.98000
     -16.31600      12.46000     -17.24000
     -16.28700       6.52000      -9.75100
     -16.25700       3.93400      -5.21200
     -16.22700       3.18300      -3.51600
     -16.19700       2.44400      -3.01300
     -16.16700       1.23500      -2.17700
     -16.13700       0.35420      -0.98200
     -16.10800       0.05457      -0.24670
     -16.07800       0.00662      -0.03323
     -16.04800       0.05013      -0.00954
     -16.01800       0.58180      -0.12810
     -15.98800       3.59200      -1.18500
     -15.95900      12.02000      -5.86200
     -15.92900      22.60000     -15.90000
     -15.89900      25.86000     -24.72000
     -15.86900      22.17000     -24.66000
     -15.83900      20.75000     -21.07000
     -15.80900      25.95000     -22.54000
     -15.78000      35.06000     -30.07000
     -15.75000      38.13000     -37.62000
     -15.72000      29.47000     -35.63000
     -15.69000      16.94000     -24.10000
     -15.66000      10.74000     -13.89000
     -15.63000      16.44000     -13.74000
     -15.60100      33.67000     -26.51000
     -15.57100      48.80000     -43.63000
     -15.54100      48.61000     -49.81000
     -15.51100      37.06000     -42.76000
     -15.48100      24.81000     -30.10000
     -15.45200      19.54000     -20.69000
     -15.42200      22.86000     -19.86000
     -15.39200      28.40000     -25.39000
     -15.36200      28.53000     -28.88000
     -15.33200      26.10000     -26.95000
     -15.30200      25.83000     -25.52000
     -15.27300      24.28000     -24.26000
     -15.24300      22.37000     -20.43000
     -15.21300      25.06000     -19.33000
     -15.18300      31.91000     -24.03000
     -15.15300      38.95000     -31.86000
     -15.12300      42.73000     -39.21000
     -15.09400      41.67000     -42.87000
     -15.06400      36.38000     -41.11000
     -15.03400      27.58000     -35.43000
     -15.00400      19.91000     -27.56000
     -14.97400      22.36000     -22.95000
     -14.94500      32.06000     -28.08000
     -14.91500      34.43000     -34.82000
     -14.88500      26.85000     -31.49000
     -14.85500      21.96000     -23.13000
     -14.82500      28.46000     -22.66000
     -14.79500      39.49000     -33.33000
     -14.76600      42.07000     -43.90000
     -14.73600      35.67000     -42.70000
     -14.70600      29.92000     -34.43000
     -14.67600      30.74000     -31.14000
     -14.64600      33.36000     -33.82000
     -14.61600      32.13000     -34.45000
     -14.58700      26.63000     -29.70000
     -14.55700      19.82000     -22.29000
     -14.52700      15.41000     -16.57000
     -14.49700      14.25000     -14.42000
     -14.46700      13.21000     -13.75000
     -14.43800       9.50900     -10.72000
     -14.40800       5.71700      -6.56600
     -14.37800       4.19700      -4.38500
     -14.34800       4.69600      -4.40200
     -14.31800       7.00300      -6.28400
     -14.28800      10.88000      -9.87600
     -14.25900      16.12000     -14.77000
     -14.22900      22.00000     -20.47000
     -14.19900      24.97000     -24.09000
     -14.16900      24.90000     -23.93000
     -14.13900      27.11000     -24.88000
     -14.10900      29.44000     -28.47000
     -14.08000      24.91000     -27.22000
     -14.05000      17.15000     -19.97000
     -14.02000      13.57000     -14.35000
     -13.99000      15.97000     -14.41000
     -13.96000      23.25000     -20.17000
     -13.93100      29.75000     -27.94000
     -13.90100      30.95000     -30.85000
     -13.87100      32.32000     -31.24000
     -13.84100      34.14000     -33.45000
     -13.81100      32.01000     -32.68000
     -13.78100      30.49000     -30.21000
     -13.75200      31.96000     -30.89000
     -13.72200      32.10000     -32.12000
     -13.69200      28.69000     -30.13000
     -13.66200      25.33000     -26.03000
     -13.63200      26.70000     -24.56000
     -13.60200      32.23000     -27.86000
     -13.57300      37.07000     -33.54000
     -13.54300      39.49000     -37.30000
     -13.51300      42.24000     -39.74000
     -13.48300      43.04000     -42.43000
     -13.45300      38.86000     -41.99000
     -13.42400      33.64000     -37.54000
     -13.39400      34.83000     -34.78000
     -13.36400      40.36000     -38.53000
     -13.33400      41.45000     -42.61000
     -13.30400      35.25000     -39.69000
     -13.27400      28.50000     -32.01000
     -13.24500      27.67000     -27.81000
     -13.21500      28.61000     -28.49000
     -13.18500      24.92000     -27.40000
     -13.15500      17.63000     -21.35000
     -13.12500      10.99000     -13.82000
     -13.09500       7.89100      -8.82700
     -13.06600      11.20000      -9.46600
     -13.03600      21.50000     -17.65000
     -13.00600      32.82000     -29.57000
     -12.97600      37.83000     -37.06000
     -12.94600      35.70000     -36.95000
     -12.91700      30.62000     -32.26000
     -12.88700      28.56000     -28.76000
     -12.85700      30.05000     -29.68000
     -12.82700      27.11000     -28.90000
     -12.79700      18.82000     -21.43000
     -12.76700      14.64000     -15.00000
     -12.73800      17.57000     -15.97000
     -12.70800      23.09000     -21.17000
     -12.67800      29.52000     -26.94000
     -12.64800      38.46000     -34.71000
     -12.61800      45.44000     -43.14000
     -12.58800      44.41000     -45.33000
     -12.55900      37.09000     -39.89000
     -12.52900      27.30000     -31.02000
     -12.49900      19.44000     -22.03000
     -12.46900      20.73000     -19.22000
     -12.43900      34.01000     -28.46000
     -12.41000      48.13000     -43.87000
     -12.38000      48.81000     -49.40000
     -12.35000      40.57000     -43.12000
     -12.32000      34.08000     -36.01000
     -12.29000      33.42000     -33.32000
     -12.26000      37.43000     -35.88000
     -12.23100      39.29000     -39.23000
     -12.20100      34.38000     -36.71000
     -12.17100      28.53000     -29.76000
     -12.14100      31.34000     -28.49000
     -12.11100      39.15000     -35.96000
     -12.08100      40.84000     -41.18000
     -12.05200      40.35000     -40.09000
     -12.02200      44.92000     -42.60000
     -11.99200      47.04000     -47.24000
     -11.96200      42.42000     -45.20000
     -11.93200      36.15000     -38.66000
     -11.90300      30.11000     -32.23000
     -11.87300      23.82000     -26.17000
     -11.84300      19.36000     -20.77000
     -11.81300      17.79000     -18.14000
     -11.78300      15.49000     -16.84000
     -11.75300      12.63000     -14.09000
     -11.72400      14.50000     -13.60000
     -11.69400      20.36000     -18.40000
     -11.66400      23.54000     -23.19000
     -11.63400      24.20000     -24.55000
     -11.60400      23.57000     -24.54000
     -11.57400      18.65000     -20.72000
     -11.54500      14.54000     -15.29000
     -11.51500      17.03000     -15.72000
     -11.48500      22.00000     -20.71000
     -11.45500      25.37000     -24.71000
     -11.42500      28.97000     -28.32000
     -11.39600      32.47000     -32.27000
     -11.36600      33.74000     -33.82000
     -11.33600      37.59000     -35.75000
     -11.30600      49.11000     -45.39000
     -11.27600      58.27000     -56.64000
     -11.24600      54.78000     -56.69000
     -11.21700      43.24000     -46.42000
     -11.18700      33.57000     -35.43000
     -11.15700      30.70000     -30.73000
     -11.12700      31.46000     -31.18000
     -11.09700      33.13000     -32.85000
     -11.06700      36.09000     -35.70000
     -11.03800      38.63000     -38.49000
     -11.00800      40.66000     -40.21000
     -10.97800      44.19000     -43.01000
     -10.94800      48.41000     -47.32000
     -10.91800      48.91000     -49.34000
     -10.88900      42.29000     -44.54000
     -10.85900      33.67000     -35.40000
     -10.82900      31.87000     -30.75000
     -10.79900      40.90000     -35.51000
     -10.76900      61.04000     -52.04000
     -10.73900      80.57000     -74.35000
     -10.71000      81.68000     -83.83000
     -10.68000      68.63000     -74.16000
     -10.65000      60.92000     -62.94000
     -10.62000      57.79000     -59.36000
     -10.59000      47.21000     -51.91000
     -10.56000      35.03000     -38.87000
     -10.53100      33.86000     -33.60000
     -10.50100      41.26000     -39.32000
     -10.47100      45.55000     -45.42000
     -10.44100      40.63000     -43.06000
     -10.41100      31.10000     -33.87000
     -10.38200      26.02000     -26.74000
     -10.35200      30.57000     -28.69000
     -10.32200      41.08000     -38.52000
     -10.29200      47.45000     -46.60000
     -10.26200      46.63000     -47.35000
     -10.23200      46.29000     -46.58000
     -10.20300      52.78000     -51.80000
     -10.17300      57.48000     -57.36000
     -10.14300      49.12000     -51.40000
     -10.11300      33.54000     -36.58000
     -10.08300      23.52000     -24.85000
     -10.05300      23.23000     -22.72000
     -10.02400      24.46000     -24.57000
      -9.99400      21.29000     -22.28000
      -9.96400      20.11000     -19.87000
      -9.93400      25.62000     -23.93000
      -9.90400      33.33000     -31.53000
      -9.87500      42.53000     -40.03000
      -9.84500      56.20000     -53.16000
      -9.81500      63.76000     -63.73000
      -9.78500      51.35000     -55.95000
      -9.75500      27.14000     -32.23000
      -9.72500      14.03000     -15.01000
      -9.69600      18.89000     -16.37000
      -9.66600      28.13000     -26.33000
      -9.63600      27.55000     -28.68000
      -9.60600      21.55000     -22.82000
      -9.57600      21.55000     -20.83000
      -9.54600      27.01000     -25.20000
      -9.51700      36.50000     -33.02000
      -9.48700      50.07000     -46.23000
      -9.45700      51.70000     -53.29000
      -9.42700      34.91000     -40.61000
      -9.39700      24.48000     -26.32000
      -9.36800      35.91000     -32.82000
      -9.33800      52.15000     -49.14000
      -9.30800      61.28000     -58.25000
      -9.27800      75.58000     -69.23000
      -9.24800      93.81000     -83.30000
      -9.21800     103.80000     -87.33000
      -9.18900     104.70000     -86.85000
      -9.15900      97.70000     -90.05000
      -9.12900      88.86000     -90.52000
      -9.09900      85.71000     -88.20000
      -9.06900      84.57000     -88.45000
      -9.03900      77.40000     -85.61000
      -9.01000      68.31000     -75.49000
      -8.98000      63.01000     -68.36000
      -8.95000      57.42000     -65.65000
      -8.92000      55.42000     -58.34000
      -8.89000      65.93000     -58.70000
      -8.86100      80.51000     -73.72000
      -8.83100      82.12000     -83.79000
      -8.80100      74.03000     -79.18000
      -8.77100      67.47000     -69.79000
      -8.74100      65.94000     -67.40000
      -8.71100      76.37000     -78.22000
      -8.68200      99.22000     -96.98000
      -8.65200     118.50000    -112.70000
      -8.62200     120.20000    -117.80000
      -8.59200     107.70000    -108.60000
      -8.56200      97.50000     -93.83000
      -8.53200      93.74000     -89.34000
      -8.50300      85.28000     -92.25000
      -8.47300      70.98000     -84.36000
      -8.44300      58.03000     -67.41000
      -8.41300      52.46000     -57.50000
      -8.38300      57.21000     -59.69000
      -8.35400      67.80000     -68.11000
      -8.32400      76.95000     -76.43000
      -8.29400      77.26000     -76.57000
      -8.26400      73.27000     -67.03000
      -8.23400      80.73000     -60.92000
      -8.20400      92.76000     -67.41000
      -8.17500      88.08000     -78.15000
      -8.14500      78.85000     -79.88000
      -8.11500      86.02000     -84.60000
      -8.08500      99.41000    -105.80000
      -8.05500      98.03000    -114.40000
      -8.02500      77.03000     -91.20000
      -7.99600      53.72000     -60.39000
      -7.96600      57.73000     -52.06000
      -7.93600     101.60000     -80.44000
      -7.90600     142.10000    -124.20000
      -7.87600     130.90000    -136.70000
      -7.84700      88.82000    -111.10000
      -7.81700      61.60000     -80.73000
      -7.78700      56.23000     -63.85000
      -7.75700      53.91000     -55.31000
      -7.72700      47.15000     -48.68000
      -7.69700      44.84000     -45.22000
      -7.66800      51.91000     -47.83000
      -7.63800      59.04000     -52.03000
      -7.60800      59.90000     -53.27000
      -7.57800      59.34000     -54.52000
      -7.54800      60.70000     -60.69000
      -7.51800      56.13000     -65.24000
      -7.48900      42.97000     -55.36000
      -7.45900      33.17000     -38.76000
      -7.42900      32.99000     -32.27000
      -7.39900      33.61000     -33.33000
      -7.36900      31.44000     -34.03000
      -7.34000      31.21000     -34.84000
      -7.31000      30.63000     -33.49000
      -7.28000      29.25000     -29.80000
      -7.25000      30.58000     -28.65000
      -7.22000      34.18000     -30.35000
      -7.19000      44.84000     -38.56000
      -7.16100      59.65000     -54.77000
      -7.13100      58.75000     -62.25000
      -7.10100      44.07000     -51.52000
      -7.07100      40.44000     -41.48000
      -7.04100      49.78000     -44.89000
      -7.01100      52.29000     -48.05000
      -6.98200      43.88000     -42.19000
      -6.95200      42.50000     -40.07000
      -6.92200      56.91000     -51.39000
      -6.89200      70.58000     -66.41000
      -6.86200      67.89000     -70.77000
      -6.83300      56.02000     -61.74000
      -6.80300      50.06000     -48.87000
      -6.77300      50.80000     -42.56000
      -6.74300      49.11000     -42.87000
      -6.71300      48.66000     -46.52000
      -6.68300      62.47000     -55.78000
      -6.65400      87.92000     -78.07000
      -6.62400     108.20000    -106.60000
      -6.59400     117.90000    -124.00000
      -6.56400     122.30000    -124.10000
      -6.53400     119.20000    -114.50000
      -6.50400     109.70000    -107.70000
      -6.47500      98.92000    -105.10000
      -6.44500      92.73000    -103.80000
      -6.41500      93.79000    -104.80000
      -6.38500      94.18000    -103.10000
      -6.35500      99.21000    -103.20000
      -6.32500     112.00000    -112.50000
      -6.29600     103.10000    -104.10000
      -6.26600      71.71000     -67.17000
      -6.23600      54.77000     -42.76000
      -6.20600      55.47000     -46.00000
      -6.17600      54.77000     -48.19000
      -6.14700      47.61000     -42.13000
      -6.11700      37.40000     -39.96000
      -6.08700      30.21000     -37.58000
      -6.05700      27.01000     -31.32000
      -6.02700      23.58000     -27.31000
      -5.99700      23.94000     -25.00000
      -5.96800      32.71000     -22.65000
      -5.93800      44.68000     -26.94000
      -5.90800      51.80000     -39.51000
      -5.87800      52.81000     -50.37000
      -5.84800      51.96000     -52.32000
      -5.81800      47.98000     -50.90000
      -5.78900      36.87000     -51.23000
      -5.75900      29.17000     -48.06000
      -5.72900      35.56000     -42.82000
      -5.69900      44.50000     -41.66000
      -5.66900      43.87000     -38.56000
      -5.64000      41.41000     -33.91000
      -5.61000      41.46000     -35.35000
      -5.58000      39.49000     -39.82000
      -5.55000      35.48000     -39.91000
      -5.52000      31.25000     -36.64000
      -5.49000      30.96000     -32.09000
      -5.46100      34.99000     -27.96000
      -5.43100      38.32000     -30.57000
      -5.40100      38.44000     -37.90000
      -5.37100      37.79000     -41.33000
      -5.34100      39.57000     -40.28000
      -5.31100      40.53000     -40.54000
      -5.28200      34.55000     -42.32000
      -5.25200      23.35000     -39.05000
      -5.22200      15.66000     -29.64000
      -5.19200      16.92000     -24.15000
      -5.16200      24.99000     -27.77000
      -5.13300      28.22000     -28.83000
      -5.10300      22.47000     -20.24000
      -5.07300      19.28000     -12.90000
      -5.04300      23.25000     -13.73000
      -5.01300      30.17000     -19.24000
      -4.98300      35.29000     -26.74000
      -4.95400      35.63000     -34.44000
      -4.92400      32.49000     -37.66000
      -4.89400      29.07000     -35.00000
      -4.86400      28.59000     -30.28000
      -4.83400      29.24000     -28.39000
      -4.80400      26.43000     -29.25000
      -4.77500      24.28000     -26.68000
      -4.74500      25.58000     -23.31000
      -4.71500      24.03000     -25.00000
      -4.68500      21.28000     -25.40000
      -4.65500      23.32000     -21.96000
      -4.62600      24.52000     -22.35000
      -4.59600      20.96000     -24.51000
      -4.56600      17.81000     -22.08000
      -4.53600      18.35000     -18.63000
      -4.50600      20.88000     -18.43000
      -4.47600      21.04000     -20.95000
      -4.44700      19.63000     -22.19000
      -4.41700      21.44000     -20.79000
      -4.38700      24.41000     -21.41000
      -4.35700      25.07000     -23.90000
      -4.32700      23.49000     -24.50000
      -4.29700      19.76000     -22.38000
      -4.26800      15.24000     -18.30000
      -4.23800      11.60000     -14.97000
      -4.20800      10.58000     -13.12000
      -4.17800      13.67000     -12.29000
      -4.14800      22.27000     -14.01000
      -4.11900      33.09000     -20.30000
      -4.08900      35.09000     -30.41000
      -4.05900      27.46000     -35.32000
      -4.02900      21.44000     -29.60000
      -3.99900      18.74000     -22.23000
      -3.96900      15.06000     -18.56000
      -3.94000      11.61000     -15.75000
      -3.91000      12.97000     -12.44000
      -3.88000      17.31000     -11.97000
      -3.85000      19.68000     -15.61000
      -3.82000      19.53000     -18.44000
      -3.79000      16.15000     -19.48000
      -3.76100      11.15000     -18.56000
      -3.73100      11.68000     -13.36000
      -3.70100      20.23000      -9.48000
      -3.67100      27.14000     -14.10000
      -3.64100      25.51000     -23.55000
      -3.61200      22.54000     -26.98000
      -3.58200      24.00000     -24.66000
      -3.55200      29.44000     -25.08000
      -3.52200      35.44000     -29.84000
      -3.49200      39.24000     -38.58000
      -3.46200      42.90000     -47.98000
      -3.43300      43.88000     -49.34000
      -3.40300      38.49000     -40.49000
      -3.37300      30.14000     -30.57000
      -3.34300      24.14000     -25.95000
      -3.31300      22.58000     -23.12000
      -3.28300      23.14000     -20.54000
      -3.25400      21.14000     -20.26000
      -3.22400      16.27000     -20.45000
      -3.19400      13.11000     -17.49000
      -3.16400      13.61000     -13.41000
      -3.13400      17.24000     -12.33000
      -3.10500      23.36000     -14.65000
      -3.07500      27.80000     -20.38000
      -3.04500      26.85000     -27.43000
      -3.01500      21.76000     -29.98000
      -2.98500      14.99000     -25.68000
      -2.95500      10.63000     -17.59000
      -2.92600      11.93000     -10.24000
      -2.89600      16.26000      -5.95000
      -2.86600      18.26000      -5.28000
      -2.83600      17.62000      -9.05200
      -2.80600      21.15000     -15.69000
      -2.77600      30.63000     -19.00000
      -2.74700      38.00000     -17.12000
      -2.71700      39.36000     -18.91000
      -2.68700      37.12000     -29.23000
      -2.65700      31.11000     -38.65000
      -2.62700      21.15000     -39.01000
      -2.59800      11.56000     -34.24000
      -2.56800       6.28100     -29.52000
      -2.53800       4.87600     -24.15000
      -2.50800       8.72400     -16.36000
      -2.47800      21.40000     -10.25000
      -2.44800      35.53000     -12.07000
      -2.41900      39.36000     -23.27000
      -2.38900      36.25000     -33.92000
      -2.35900      30.29000     -33.89000
      -2.32900      19.47000     -30.67000
      -2.29900       8.36400     -29.75000
      -2.26900       2.26500     -24.13000
      -2.24000       0.36980     -13.20000
      -2.21000       0.03453      -4.52100
      -2.18000       0.00176      -0.93760
      -2.15000       0.00005      -0.11330
      -2.12000       0.00000      -0.00764
      -2.09100       0.00000      -0.00028
      -2.06100       0.00000      -0.00001
      -2.03100       0.00000      -0.00000
      -2.00100       0.00000      -0.00000
      -1.97100       0.00000      -0.00000
      -1.94100       0.00000      -0.00000
      -1.91200       0.00000       0.00000
      -1.88200       0.00000       0.00000
      -1.85200       0.00000       0.00000
      -1.82200       0.00000       0.00000
      -1.79200       0.00000       0.00000
      -1.76200       0.00000       0.00000
      -1.73300       0.00000       0.00000
      -1.70300       0.00000       0.00000
      -1.67300       0.00000       0.00000
      -1.64300       0.00000       0.00000
      -1.61300       0.00000      -0.00000
      -1.58400       0.00000      -0.00000
      -1.55400       0.00000      -0.00000
      -1.52400       0.00000      -0.00000
      -1.49400       0.00014      -0.00001
      -1.46400       0.00371      -0.00042
      -1.43400       0.05210      -0.00900
      -1.40500       0.39380      -0.10190
      -1.37500       1.66100      -0.62760
      -1.34500       4.10500      -2.19700
      -1.31500       6.33800      -4.63900
      -1.28500       6.76000      -6.36300
      -1.25500       5.94200      -6.32600
      -1.22600       5.74100      -5.48200
      -1.19600       7.94900      -5.46000
      -1.16600      13.01000      -7.79500
      -1.13600      17.87000     -12.73000
      -1.10600      19.14000     -17.30000
      -1.07700      17.22000     -18.81000
      -1.04700      16.24000     -17.49000
      -1.01700      20.43000     -16.36000
      -0.98700      28.12000     -19.98000
      -0.95700      34.20000     -27.73000
      -0.92700      35.34000     -33.97000
      -0.89800      33.28000     -34.86000
      -0.86800      35.64000     -32.72000
      -0.83800      42.49000     -34.97000
      -0.80800      45.31000     -41.53000
      -0.77800      41.92000     -44.62000
      -0.74800      35.36000     -42.07000
      -0.71900      26.85000     -36.26000
      -0.68900      18.31000     -27.97000
      -0.65900      14.17000     -19.03000
      -0.62900      18.20000     -13.69000
      -0.59900      24.80000     -16.32000
      -0.57000      25.40000     -23.48000
      -0.54000      21.97000     -26.09000
      -0.51000      19.74000     -23.13000
      -0.48000      19.14000     -19.90000
      -0.45000      21.84000     -18.65000
      -0.42000      29.96000     -20.30000
      -0.39100      35.41000     -27.53000
      -0.36100      31.45000     -34.65000
      -0.33100      24.87000     -32.90000
      -0.30100      22.49000     -26.23000
      -0.27100      24.31000     -22.04000
      -0.24100      27.46000     -21.74000
      -0.21200      28.79000     -24.62000
      -0.18200      29.39000     -28.84000
      -0.15200      29.57000     -31.53000
      -0.12200      27.42000     -31.24000
      -0.09200      28.18000     -27.97000
      -0.06300      34.40000     -26.42000
      -0.03300      38.39000     -30.32000
      -0.00300      35.35000     -35.28000
       0.02700      29.94000     -35.13000
       0.05700      24.25000     -30.74000
       0.08700      18.89000     -26.17000
       0.11600      19.21000     -21.17000
       0.14600      22.30000     -18.32000
       0.17600      19.12000     -20.94000
       0.20600      15.00000     -22.52000
       0.23600      19.23000     -19.25000
       0.26600      26.73000     -19.81000
       0.29500      30.79000     -25.75000
       0.32500      29.98000     -30.16000
       0.35500      23.45000     -30.42000
       0.38500      15.81000     -25.11000
       0.41500      12.10000     -17.11000
       0.44400      11.06000     -12.43000
       0.47400      10.40000     -11.32000
       0.50400      11.17000     -10.70000
       0.53400      16.23000     -10.43000
       0.56400      24.57000     -15.05000
       0.59400      31.99000     -30.04000
       0.62300      39.55000     -49.96000
       0.65300      43.91000     -56.24000
       0.68300      37.86000     -43.77000
       0.71300      29.91000     -31.08000
       0.74300      25.14000     -25.47000
       0.77300      17.25000     -17.82000
       0.80200      11.82000     -11.81000
       0.83200      14.76000     -14.31000
       0.86200      18.18000     -18.08000
       0.89200      17.04000     -16.06000
       0.92200      20.27000     -12.88000
       0.95100      40.07000     -20.14000
       0.98100      66.24000     -41.92000
       1.01100      75.08000     -61.70000
       1.04100      73.76000     -69.37000
       1.07100      77.67000     -74.62000
       1.10100      81.66000     -80.51000
       1.13000      77.85000     -83.56000
       1.16000      64.37000     -79.72000
       1.19000      49.71000     -70.85000
       1.22000      44.99000     -62.59000
       1.25000      45.63000     -54.51000
       1.28000      43.87000     -46.72000
       1.30900      42.26000     -43.01000
       1.33900      38.46000     -39.37000
       1.36900      26.43000     -27.76000
       1.39900      13.73000     -14.14000
       1.42900      12.64000     -11.24000
       1.45800      23.93000     -21.36000
       1.48800      38.85000     -36.56000
       1.51800      47.72000     -46.78000
       1.54800      47.10000     -47.28000
       1.57800      45.09000     -44.76000
       1.60800      49.53000     -48.29000
       1.63700      55.45000     -54.76000
       1.66700      55.58000     -55.89000
       1.69700      54.32000     -52.82000
       1.72700      61.75000     -53.15000
       1.75700      77.25000     -61.99000
       1.78700      87.64000     -78.06000
       1.81600      88.07000     -85.37000
       1.84600      84.95000     -75.24000
       1.87600      75.35000     -68.22000
       1.90600      57.40000     -69.47000
       1.93600      49.51000     -61.76000
       1.96500      64.99000     -54.72000
       1.99500      88.78000     -66.70000
       2.02500      98.19000     -85.69000
       2.05500      94.97000     -91.56000
       2.08500      90.04000     -89.22000
       2.11500      84.58000     -88.74000
       2.14400      77.81000     -86.33000
       2.17400      69.32000     -80.12000
       2.20400      63.34000     -74.77000
       2.23400      62.18000     -72.11000
       2.26400      64.17000     -69.90000
       2.29400      70.77000     -70.50000
       2.32300      82.04000     -79.04000
       2.35300      90.85000     -90.30000
       2.38300      91.08000     -92.00000
       2.41300      90.45000     -87.45000
       2.44300      94.96000     -89.57000
       2.47200      97.32000     -95.27000
       2.50200      91.55000     -94.10000
       2.53200      82.89000     -87.22000
       2.56200      82.79000     -85.34000
       2.59200      92.22000     -92.03000
       2.62200     101.20000     -99.40000
       2.65100     100.70000     -99.48000
       2.68100      90.06000     -91.24000
       2.71100      80.16000     -82.45000
       2.74100      78.14000     -79.04000
       2.77100      81.61000     -79.93000
       2.80100      86.14000     -83.97000
       2.83000      82.38000     -82.54000
       2.86000      71.55000     -73.30000
       2.89000      66.88000     -68.81000
       2.92000      67.79000     -69.45000
       2.95000      64.93000     -65.93000
       2.97900      62.01000     -61.39000
       3.00900      66.09000     -64.60000
       3.03900      72.26000     -73.16000
       3.06900      74.44000     -77.28000
       3.09900      77.53000     -77.85000
       3.12900      85.30000     -82.48000
       3.15800      92.00000     -88.65000
       3.18800      94.25000     -92.05000
       3.21800      93.27000     -93.20000
       3.24800      89.34000     -90.65000
       3.27800      82.96000     -85.25000
       3.30800      78.01000     -81.77000
       3.33700      76.83000     -80.36000
       3.36700      76.71000     -78.42000
       3.39700      76.30000     -76.93000
       3.42700      75.01000     -75.43000
       3.45700      73.57000     -72.94000
       3.48600      73.85000     -72.27000
       3.51600      74.25000     -74.03000
       3.54600      72.94000     -75.95000
       3.57600      71.93000     -76.85000
       3.60600      73.17000     -77.84000
       3.63600      76.54000     -79.61000
       3.66500      80.42000     -79.97000
       3.69500      81.29000     -78.81000
       3.72500      77.78000     -77.35000
       3.75500      73.07000     -74.53000
       3.78500      70.71000     -71.31000
       3.81500      71.03000     -69.65000
       3.84400      71.33000     -68.19000
       3.87400      69.88000     -65.54000
       3.90400      68.86000     -64.00000
       3.93400      69.13000     -66.66000
       3.96400      68.06000     -71.44000
       3.99300      66.83000     -73.23000
       4.02300      67.51000     -70.91000
       4.05300      67.72000     -67.12000
       4.08300      66.98000     -64.97000
       4.11300      67.74000     -66.99000
       4.14300      70.26000     -71.24000
       4.17200      73.51000     -73.81000
       4.20200      75.96000     -74.94000
       4.23200      76.94000     -75.80000
       4.26200      77.13000     -75.61000
       4.29200      76.08000     -73.57000
       4.32200      73.78000     -71.26000
       4.35100      71.10000     -70.87000
       4.38100      67.67000     -70.73000
       4.41100      63.94000     -68.69000
       4.44100      61.40000     -65.40000
       4.47100      59.59000     -62.18000
       4.50000      57.50000     -60.84000
       4.53000      55.60000     -61.16000
       4.56000      53.93000     -60.23000
       4.59000      52.59000     -57.29000
       4.62000      52.85000     -53.50000
       4.65000      54.08000     -50.60000
       4.67900      53.74000     -50.23000
       4.70900      50.60000     -50.76000
       4.73900      46.75000     -49.12000
       4.76900      44.72000     -45.39000
       4.79900      44.14000     -41.77000
       4.82900      43.68000     -39.35000
       4.85800      42.21000     -38.23000
       4.88800      39.67000     -37.79000
       4.91800      36.61000     -36.99000
       4.94800      33.30000     -36.62000
       4.97800      30.94000     -36.52000
       5.00700      30.30000     -34.43000
       5.03700      29.59000     -31.03000
       5.06700      27.86000     -28.76000
       5.09700      25.98000     -27.11000
       5.12700      24.45000     -24.99000
       5.15700      24.12000     -23.10000
       5.18600      24.64000     -22.02000
       5.21600      24.28000     -21.21000
       5.24600      22.84000     -20.56000
       5.27600      21.39000     -20.42000
       5.30600      20.10000     -20.03000
       5.33600      19.00000     -19.36000
       5.36500      18.32000     -19.00000
       5.39500      17.10000     -17.79000
       5.42500      14.49000     -15.38000
       5.45500      11.97000     -13.36000
       5.48500      10.66000     -12.55000
       5.51400       9.69900     -11.29000
       5.54400       8.60000      -8.57600
       5.57400       7.38400      -6.36800
       5.60400       5.79300      -5.70100
       5.63400       3.95700      -5.38000
       5.66400       2.46000      -4.06600
       5.69300       1.34400      -2.06800
       5.72300       0.57910      -0.64700
       5.75300       0.34880      -0.11760
       5.78300       0.45700      -0.01187
       5.81300       0.54770      -0.00064
       5.84300       0.49410      -0.00002
       5.87200       0.30540      -0.00000
       5.90200       0.11070      -0.00000
       5.93200       0.02147      -0.00000
       5.96200       0.00215      -0.00000
       5.99200       0.00011       0.00000
       6.02100       0.00000       0.00000
       6.05100       0.00000       0.00000
       6.08100       0.00000       0.00000
       6.11100       0.00000       0.00000
       6.14100       0.00000       0.00000
       6.17100       0.00000       0.00000
       6.20000       0.00000       0.00000
       6.23000       0.00000       0.00000
       6.26000       0.00000       0.00000
       6.29000       0.00000       0.00000
       6.32000       0.00000       0.00000
       6.35000       0.00000       0.00000
       6.37900       0.00000       0.00000
       6.40900       0.00000       0.00000
       6.43900       0.00000       0.00000
       6.46900       0.00000       0.00000
       6.49900       0.00000       0.00000
       6.52800       0.00000       0.00000
       6.55800       0.00000       0.00000
       6.58800       0.00000       0.00000
       6.61800       0.00000       0.00000
       6.64800       0.00000       0.00000
       6.67800       0.00000       0.00000
       6.70700       0.00000       0.00000
       6.73700       0.00000       0.00000
       6.76700       0.00000       0.00000
       6.79700       0.00000       0.00000
       6.82700       0.00000       0.00000
       6.85700       0.00000       0.00000
       6.88600       0.00000       0.00000
       6.91600       0.00000       0.00000
       6.94600       0.00000       0.00000
       6.97600       0.00000       0.00000
       7.00600       0.00000       0.00000
       7.03500       0.00000       0.00000
       7.06500       0.00000       0.00000
       7.09500       0.00000       0.00000
       7.12500       0.00000       0.00000
       7.15500       0.00000       0.00000
       7.18500       0.00000       0.00000
