      #Energy        TDOS-UP        TDOS-DOWN
     -27.83800       0.00000       0.00000
     -27.80300       0.00000       0.00000
     -27.76800       0.00000       0.00000
     -27.73300       0.00000       0.00000
     -27.69800       0.00000       0.00000
     -27.66300       0.00000       0.00000
     -27.62800       0.00000       0.00000
     -27.59300       0.00000       0.00000
     -27.55800       0.00000       0.00000
     -27.52200       0.00000       0.00000
     -27.48700       0.00000       0.00000
     -27.45200       0.00000       0.00000
     -27.41700       0.00000       0.00000
     -27.38200       0.00000       0.00000
     -27.34700       0.00000       0.00000
     -27.31200       0.00000       0.00000
     -27.27700       0.00000       0.00000
     -27.24200       0.00000       0.00000
     -27.20700       0.00000       0.00000
     -27.17100       0.00000       0.00000
     -27.13600       0.00000       0.00000
     -27.10100       0.00000       0.00000
     -27.06600       0.00000       0.00000
     -27.03100       0.00000       0.00000
     -26.99600       0.00000       0.00000
     -26.96100       0.00000       0.00000
     -26.92600       0.00000       0.00000
     -26.89100       0.00000       0.00000
     -26.85600       0.00000       0.00000
     -26.82100       0.00000       0.00000
     -26.78500       0.00000       0.00000
     -26.75000       0.00000       0.00000
     -26.71500       0.00000       0.00000
     -26.68000       0.00000       0.00000
     -26.64500       0.00000       0.00000
     -26.61000       0.00000       0.00000
     -26.57500       0.00000       0.00000
     -26.54000       0.00000      -0.00000
     -26.50500       0.00000      -0.00000
     -26.47000       0.00000      -0.00000
     -26.43400       0.00000      -0.00000
     -26.39900       0.00058      -0.00058
     -26.36400       0.03511      -0.03511
     -26.32900       0.83030      -0.83030
     -26.29400       7.78400      -7.78400
     -26.25900      29.94000     -29.94000
     -26.22400      54.96000     -54.96000
     -26.18900      80.05000     -80.05000
     -26.15400     124.20000    -124.20000
     -26.11900     139.50000    -139.50000
     -26.08300      93.55000     -93.55000
     -26.04800      33.17000     -33.17000
     -26.01300       5.48200      -5.48200
     -25.97800       0.38920      -0.38920
     -25.94300       0.01133      -0.01133
     -25.90800       0.00013      -0.00013
     -25.87300       0.00000      -0.00000
     -25.83800       0.00000      -0.00000
     -25.80300       0.00000      -0.00000
     -25.76800       0.00000       0.00000
     -25.73200       0.00000       0.00000
     -25.69700       0.00000       0.00000
     -25.66200       0.00000       0.00000
     -25.62700       0.00000       0.00000
     -25.59200       0.00000       0.00000
     -25.55700       0.00000       0.00000
     -25.52200       0.00000       0.00000
     -25.48700       0.00000       0.00000
     -25.45200       0.00000       0.00000
     -25.41700       0.00000       0.00000
     -25.38100       0.00000       0.00000
     -25.34600       0.00000       0.00000
     -25.31100       0.00000       0.00000
     -25.27600       0.00000       0.00000
     -25.24100       0.00000       0.00000
     -25.20600       0.00000       0.00000
     -25.17100       0.00000       0.00000
     -25.13600       0.00000       0.00000
     -25.10100       0.00000       0.00000
     -25.06600       0.00000       0.00000
     -25.03100       0.00000       0.00000
     -24.99500       0.00000       0.00000
     -24.96000       0.00000       0.00000
     -24.92500       0.00000       0.00000
     -24.89000       0.00000       0.00000
     -24.85500       0.00000       0.00000
     -24.82000       0.00000       0.00000
     -24.78500       0.00000       0.00000
     -24.75000       0.00000       0.00000
     -24.71500       0.00000       0.00000
     -24.68000       0.00000       0.00000
     -24.64400       0.00000       0.00000
     -24.60900       0.00000       0.00000
     -24.57400       0.00000       0.00000
     -24.53900       0.00000       0.00000
     -24.50400       0.00000       0.00000
     -24.46900       0.00000       0.00000
     -24.43400       0.00000       0.00000
     -24.39900       0.00000       0.00000
     -24.36400       0.00000       0.00000
     -24.32900       0.00000       0.00000
     -24.29300       0.00000       0.00000
     -24.25800       0.00000       0.00000
     -24.22300       0.00000       0.00000
     -24.18800       0.00000       0.00000
     -24.15300       0.00000       0.00000
     -24.11800       0.00000       0.00000
     -24.08300       0.00000       0.00000
     -24.04800       0.00000       0.00000
     -24.01300       0.00000       0.00000
     -23.97800       0.00000       0.00000
     -23.94200       0.00000       0.00000
     -23.90700       0.00000       0.00000
     -23.87200       0.00000       0.00000
     -23.83700       0.00000       0.00000
     -23.80200       0.00000       0.00000
     -23.76700       0.00000       0.00000
     -23.73200       0.00000       0.00000
     -23.69700       0.00000       0.00000
     -23.66200       0.00000       0.00000
     -23.62700       0.00000       0.00000
     -23.59100       0.00000       0.00000
     -23.55600       0.00000       0.00000
     -23.52100       0.00000       0.00000
     -23.48600       0.00000       0.00000
     -23.45100       0.00000       0.00000
     -23.41600       0.00000       0.00000
     -23.38100       0.00000       0.00000
     -23.34600       0.00000       0.00000
     -23.31100       0.00000       0.00000
     -23.27600       0.00000       0.00000
     -23.24100       0.00000       0.00000
     -23.20500       0.00000       0.00000
     -23.17000       0.00000       0.00000
     -23.13500       0.00000       0.00000
     -23.10000       0.00000       0.00000
     -23.06500       0.00000       0.00000
     -23.03000       0.00000       0.00000
     -22.99500       0.00000       0.00000
     -22.96000       0.00000       0.00000
     -22.92500       0.00000       0.00000
     -22.89000       0.00000       0.00000
     -22.85400       0.00000       0.00000
     -22.81900       0.00000       0.00000
     -22.78400       0.00000       0.00000
     -22.74900       0.00000       0.00000
     -22.71400       0.00000       0.00000
     -22.67900       0.00000       0.00000
     -22.64400       0.00000       0.00000
     -22.60900       0.00000       0.00000
     -22.57400       0.00000       0.00000
     -22.53900       0.00000       0.00000
     -22.50300       0.00000       0.00000
     -22.46800       0.00000       0.00000
     -22.43300       0.00000       0.00000
     -22.39800       0.00000       0.00000
     -22.36300       0.00000       0.00000
     -22.32800       0.00000       0.00000
     -22.29300       0.00000       0.00000
     -22.25800       0.00000       0.00000
     -22.22300       0.00000       0.00000
     -22.18800       0.00000       0.00000
     -22.15200       0.00000       0.00000
     -22.11700       0.00000       0.00000
     -22.08200       0.00000       0.00000
     -22.04700       0.00000       0.00000
     -22.01200       0.00000       0.00000
     -21.97700       0.00000       0.00000
     -21.94200       0.00000       0.00000
     -21.90700       0.00000       0.00000
     -21.87200       0.00000       0.00000
     -21.83700       0.00000       0.00000
     -21.80100       0.00000       0.00000
     -21.76600       0.00000       0.00000
     -21.73100       0.00000       0.00000
     -21.69600       0.00000       0.00000
     -21.66100       0.00000       0.00000
     -21.62600       0.00000       0.00000
     -21.59100       0.00000       0.00000
     -21.55600       0.00000       0.00000
     -21.52100       0.00000       0.00000
     -21.48600       0.00000       0.00000
     -21.45100       0.00000       0.00000
     -21.41500       0.00000       0.00000
     -21.38000       0.00000      -0.00000
     -21.34500       0.00000      -0.00000
     -21.31000       0.00000      -0.00000
     -21.27500       0.00009      -0.00009
     -21.24000       0.00756      -0.00756
     -21.20500       0.25890      -0.25890
     -21.17000       3.50100      -3.50100
     -21.13500      19.02000     -19.02000
     -21.10000      44.03000     -44.03000
     -21.06400      56.94000     -56.94000
     -21.02900      71.99000     -71.99000
     -20.99400      83.05000     -83.05000
     -20.95900      70.73000     -70.73000
     -20.92400      50.56000     -50.56000
     -20.88900      46.47000     -46.47000
     -20.85400      46.59000     -46.59000
     -20.81900      34.57000     -34.57000
     -20.78400      25.51000     -25.51000
     -20.74900      13.19000     -13.19000
     -20.71300       3.09600      -3.09600
     -20.67800       0.29450      -0.29450
     -20.64300       0.01106      -0.01106
     -20.60800       0.00020      -0.00020
     -20.57300       0.00361      -0.00361
     -20.53800       0.14740      -0.14740
     -20.50300       2.36100      -2.36100
     -20.46800      15.00000     -15.00000
     -20.43300      38.17000     -38.17000
     -20.39800      39.18000     -39.18000
     -20.36200      16.23000     -16.23000
     -20.32700       2.69500      -2.69500
     -20.29200       0.17760      -0.17760
     -20.25700       0.00459      -0.00459
     -20.22200       0.00005      -0.00005
     -20.18700       0.00000      -0.00000
     -20.15200       0.00000      -0.00000
     -20.11700       0.00000      -0.00000
     -20.08200       0.00014      -0.00014
     -20.04700       0.01107      -0.01107
     -20.01100       0.34930      -0.34930
     -19.97600       4.34300      -4.34300
     -19.94100      21.74000     -21.74000
     -19.90600      46.52000     -46.52000
     -19.87100      53.44000     -53.44000
     -19.83600      55.75000     -55.75000
     -19.80100      63.89000     -63.89000
     -19.76600      68.49000     -68.49000
     -19.73100      64.84000     -64.84000
     -19.69600      52.77000     -52.77000
     -19.66100      42.83000     -42.83000
     -19.62500      27.25000     -27.25000
     -19.59000       9.61900      -9.61900
     -19.55500       5.72700      -5.72700
     -19.52000      18.01000     -18.01000
     -19.48500      34.84000     -34.84000
     -19.45000      41.60000     -41.60000
     -19.41500      43.08000     -43.08000
     -19.38000      39.39000     -39.39000
     -19.34500      27.69000     -27.69000
     -19.31000      15.08000     -15.08000
     -19.27400      10.22000     -10.22000
     -19.23900      14.42000     -14.42000
     -19.20400      22.20000     -22.20000
     -19.16900      30.27000     -30.27000
     -19.13400      35.83000     -35.83000
     -19.09900      38.76000     -38.76000
     -19.06400      41.34000     -41.34000
     -19.02900      35.71000     -35.71000
     -18.99400      28.52000     -28.52000
     -18.95900      32.31000     -32.31000
     -18.92300      44.94000     -44.94000
     -18.88800      43.47000     -43.47000
     -18.85300      20.13000     -20.13000
     -18.81800       3.96400      -3.96400
     -18.78300       0.32020      -0.32020
     -18.74800       0.01044      -0.01044
     -18.71300       0.00014      -0.00014
     -18.67800       0.00000      -0.00000
     -18.64300       0.00000      -0.00000
     -18.60800       0.00000      -0.00000
     -18.57200       0.00044      -0.00044
     -18.53700       0.02414      -0.02414
     -18.50200       0.52410      -0.52410
     -18.46700       4.60100      -4.60100
     -18.43200      16.79000     -16.79000
     -18.39700      26.92000     -26.92000
     -18.36200      22.28000     -22.28000
     -18.32700      15.02000     -15.02000
     -18.29200      13.30000     -13.30000
     -18.25700      12.15000     -12.15000
     -18.22100      10.13000     -10.13000
     -18.18600      13.43000     -13.43000
     -18.15100      21.84000     -21.84000
     -18.11600      24.51000     -24.51000
     -18.08100      22.58000     -22.58000
     -18.04600      17.96000     -17.96000
     -18.01100      13.70000     -13.70000
     -17.97600      21.13000     -21.13000
     -17.94100      37.03000     -37.03000
     -17.90600      53.32000     -53.32000
     -17.87100      64.50000     -64.50000
     -17.83500      63.82000     -63.82000
     -17.80000      50.46000     -50.46000
     -17.76500      41.57000     -41.57000
     -17.73000      45.14000     -45.14000
     -17.69500      49.03000     -49.03000
     -17.66000      41.52000     -41.52000
     -17.62500      29.55000     -29.55000
     -17.59000      32.13000     -32.13000
     -17.55500      39.29000     -39.29000
     -17.52000      37.21000     -37.21000
     -17.48400      34.60000     -34.60000
     -17.44900      32.92000     -32.92000
     -17.41400      24.96000     -24.96000
     -17.37900      13.41000     -13.41000
     -17.34400       9.63700      -9.63700
     -17.30900      18.02000     -18.02000
     -17.27400      31.72000     -31.72000
     -17.23900      33.27000     -33.27000
     -17.20400      26.82000     -26.82000
     -17.16900      25.03000     -25.03000
     -17.13300      23.43000     -23.43000
     -17.09800      23.10000     -23.10000
     -17.06300      24.50000     -24.50000
     -17.02800      23.31000     -23.31000
     -16.99300      21.16000     -21.16000
     -16.95800      23.54000     -23.54000
     -16.92300      34.30000     -34.30000
     -16.88800      43.35000     -43.35000
     -16.85300      36.64000     -36.64000
     -16.81800      22.33000     -22.33000
     -16.78200      19.42000     -19.42000
     -16.74700      29.93000     -29.93000
     -16.71200      46.32000     -46.32000
     -16.67700      54.39000     -54.39000
     -16.64200      46.23000     -46.23000
     -16.60700      34.37000     -34.37000
     -16.57200      23.21000     -23.21000
     -16.53700      15.73000     -15.73000
     -16.50200      14.45000     -14.45000
     -16.46700      23.92000     -23.92000
     -16.43100      43.05000     -43.05000
     -16.39600      53.91000     -53.91000
     -16.36100      58.98000     -58.98000
     -16.32600      60.26000     -60.26000
     -16.29100      44.67000     -44.67000
     -16.25600      28.84000     -28.84000
     -16.22100      30.06000     -30.06000
     -16.18600      40.25000     -40.25000
     -16.15100      41.28000     -41.28000
     -16.11600      24.05000     -24.05000
     -16.08100       7.52000      -7.52000
     -16.04500       4.64600      -4.64600
     -16.01000       9.85500      -9.85500
     -15.97500      18.75000     -18.75000
     -15.94000      27.92000     -27.92000
     -15.90500      28.00000     -28.00000
     -15.87000      17.61000     -17.61000
     -15.83500       6.11800      -6.11800
     -15.80000       1.00200      -1.00200
     -15.76500       0.07184      -0.07184
     -15.73000       0.05345      -0.05345
     -15.69400       0.58520      -0.58520
     -15.65900       3.29100      -3.29100
     -15.62400      10.93000     -10.93000
     -15.58900      24.04000     -24.04000
     -15.55400      33.41000     -33.41000
     -15.51900      26.66000     -26.66000
     -15.48400      12.96000     -12.96000
     -15.44900       6.85200      -6.85200
     -15.41400       8.43500      -8.43500
     -15.37900      15.40000     -15.40000
     -15.34300      26.33000     -26.33000
     -15.30800      32.71000     -32.71000
     -15.27300      27.36000     -27.36000
     -15.23800      19.71000     -19.71000
     -15.20300      16.03000     -16.03000
     -15.16800      11.88000     -11.88000
     -15.13300       6.16100      -6.16100
     -15.09800       1.98900      -1.98900
     -15.06300       1.68300      -1.68300
     -15.02800       6.72800      -6.72800
     -14.99200      19.57000     -19.57000
     -14.95700      35.17000     -35.17000
     -14.92200      33.38000     -33.38000
     -14.88700      14.63000     -14.63000
     -14.85200       3.25400      -3.25400
     -14.81700       3.98200      -3.98200
     -14.78200      12.09000     -12.09000
     -14.74700      21.49000     -21.49000
     -14.71200      32.49000     -32.49000
     -14.67700      46.36000     -46.36000
     -14.64100      51.56000     -51.56000
     -14.60600      46.91000     -46.91000
     -14.57100      39.21000     -39.21000
     -14.53600      32.30000     -32.30000
     -14.50100      25.17000     -25.17000
     -14.46600      22.22000     -22.22000
     -14.43100      26.56000     -26.56000
     -14.39600      29.90000     -29.90000
     -14.36100      27.31000     -27.31000
     -14.32600      27.14000     -27.14000
     -14.29100      31.96000     -31.96000
     -14.25500      37.99000     -37.99000
     -14.22000      38.65000     -38.65000
     -14.18500      29.17000     -29.17000
     -14.15000      19.61000     -19.61000
     -14.11500      18.35000     -18.35000
     -14.08000      19.41000     -19.41000
     -14.04500      21.58000     -21.58000
     -14.01000      25.77000     -25.77000
     -13.97500      22.98000     -22.98000
     -13.94000      13.63000     -13.63000
     -13.90400      10.05000     -10.05000
     -13.86900      16.80000     -16.80000
     -13.83400      29.94000     -29.94000
     -13.79900      35.33000     -35.33000
     -13.76400      27.69000     -27.69000
     -13.72900      25.23000     -25.23000
     -13.69400      32.53000     -32.53000
     -13.65900      36.08000     -36.08000
     -13.62400      27.63000     -27.63000
     -13.58900      19.56000     -19.56000
     -13.55300      23.52000     -23.52000
     -13.51800      37.78000     -37.78000
     -13.48300      47.35000     -47.35000
     -13.44800      43.53000     -43.53000
     -13.41300      37.02000     -37.02000
     -13.37800      30.70000     -30.70000
     -13.34300      26.07000     -26.07000
     -13.30800      23.62000     -23.62000
     -13.27300      21.83000     -21.83000
     -13.23800      31.16000     -31.16000
     -13.20200      46.50000     -46.50000
     -13.16700      45.10000     -45.10000
     -13.13200      31.45000     -31.45000
     -13.09700      31.39000     -31.39000
     -13.06200      39.51000     -39.51000
     -13.02700      40.31000     -40.31000
     -12.99200      30.81000     -30.81000
     -12.95700      17.00000     -17.00000
     -12.92200      10.85000     -10.85000
     -12.88700      20.17000     -20.17000
     -12.85100      34.01000     -34.01000
     -12.81600      33.05000     -33.05000
     -12.78100      22.59000     -22.59000
     -12.74600      19.02000     -19.02000
     -12.71100      23.19000     -23.19000
     -12.67600      30.80000     -30.80000
     -12.64100      38.73000     -38.73000
     -12.60600      47.29000     -47.29000
     -12.57100      68.15000     -68.15000
     -12.53600      83.98000     -83.98000
     -12.50100      64.95000     -64.95000
     -12.46500      36.04000     -36.04000
     -12.43000      20.97000     -20.97000
     -12.39500      14.90000     -14.90000
     -12.36000      18.05000     -18.05000
     -12.32500      27.78000     -27.78000
     -12.29000      31.85000     -31.85000
     -12.25500      24.36000     -24.36000
     -12.22000      16.69000     -16.69000
     -12.18500      19.37000     -19.37000
     -12.15000      23.07000     -23.07000
     -12.11400      18.18000     -18.18000
     -12.07900      13.21000     -13.21000
     -12.04400      14.16000     -14.16000
     -12.00900      17.89000     -17.89000
     -11.97400      20.77000     -20.77000
     -11.93900      28.87000     -28.87000
     -11.90400      39.71000     -39.71000
     -11.86900      49.41000     -49.41000
     -11.83400      62.20000     -62.20000
     -11.79900      66.38000     -66.38000
     -11.76300      49.21000     -49.21000
     -11.72800      29.18000     -29.18000
     -11.69300      25.60000     -25.60000
     -11.65800      24.62000     -24.62000
     -11.62300      16.12000     -16.12000
     -11.58800      12.68000     -12.68000
     -11.55300      16.90000     -16.90000
     -11.51800      20.65000     -20.65000
     -11.48300      24.64000     -24.64000
     -11.44800      26.77000     -26.77000
     -11.41200      27.64000     -27.64000
     -11.37700      30.52000     -30.52000
     -11.34200      27.24000     -27.24000
     -11.30700      19.22000     -19.22000
     -11.27200      20.97000     -20.97000
     -11.23700      33.25000     -33.25000
     -11.20200      41.44000     -41.44000
     -11.16700      40.48000     -40.48000
     -11.13200      31.97000     -31.97000
     -11.09700      23.14000     -23.14000
     -11.06100      31.10000     -31.10000
     -11.02600      53.63000     -53.63000
     -10.99100      64.76000     -64.76000
     -10.95600      64.49000     -64.49000
     -10.92100      67.37000     -67.37000
     -10.88600      59.98000     -59.98000
     -10.85100      43.75000     -43.75000
     -10.81600      35.58000     -35.58000
     -10.78100      35.48000     -35.48000
     -10.74600      36.57000     -36.57000
     -10.71100      39.25000     -39.25000
     -10.67500      40.14000     -40.14000
     -10.64000      44.29000     -44.29000
     -10.60500      47.57000     -47.57000
     -10.57000      34.60000     -34.60000
     -10.53500      19.45000     -19.45000
     -10.50000      15.56000     -15.56000
     -10.46500      17.74000     -17.74000
     -10.43000      25.38000     -25.38000
     -10.39500      31.67000     -31.67000
     -10.36000      38.43000     -38.43000
     -10.32400      52.75000     -52.75000
     -10.28900      64.84000     -64.84000
     -10.25400      61.65000     -61.65000
     -10.21900      50.55000     -50.55000
     -10.18400      50.75000     -50.75000
     -10.14900      68.54000     -68.54000
     -10.11400      93.68000     -93.68000
     -10.07900      98.33000     -98.33000
     -10.04400     102.00000    -102.00000
     -10.00900     130.80000    -130.80000
      -9.97300     155.90000    -155.90000
      -9.93800     125.70000    -125.70000
      -9.90300      64.02000     -64.02000
      -9.86800      34.53000     -34.53000
      -9.83300      27.96000     -27.96000
      -9.79800      19.31000     -19.31000
      -9.76300      17.97000     -17.97000
      -9.72800      36.00000     -36.00000
      -9.69300      68.95000     -68.95000
      -9.65800      95.53000     -95.53000
      -9.62200      80.98000     -80.98000
      -9.58700      36.11000     -36.11000
      -9.55200       7.54900      -7.54900
      -9.51700       0.68880      -0.68880
      -9.48200       0.16050      -0.16050
      -9.44700       1.36300      -1.36300
      -9.41200       6.35200      -6.35200
      -9.37700      16.60000     -16.60000
      -9.34200      29.61000     -29.61000
      -9.30700      36.83000     -36.83000
      -9.27100      43.03000     -43.03000
      -9.23600      73.01000     -73.01000
      -9.20100      98.85000     -98.85000
      -9.16600      97.23000     -97.23000
      -9.13100     106.50000    -106.50000
      -9.09600     111.00000    -111.00000
      -9.06100      99.72000     -99.72000
      -9.02600      87.63000     -87.63000
      -8.99100      73.13000     -73.13000
      -8.95600      60.50000     -60.50000
      -8.92100      63.26000     -63.26000
      -8.88500      84.02000     -84.02000
      -8.85000      94.82000     -94.82000
      -8.81500      80.50000     -80.50000
      -8.78000      72.42000     -72.42000
      -8.74500      71.95000     -71.95000
      -8.71000      57.76000     -57.76000
      -8.67500      50.25000     -50.25000
      -8.64000      64.54000     -64.54000
      -8.60500      70.63000     -70.63000
      -8.57000      60.01000     -60.01000
      -8.53400      48.29000     -48.29000
      -8.49900      49.38000     -49.38000
      -8.46400      52.68000     -52.68000
      -8.42900      52.49000     -52.49000
      -8.39400      69.46000     -69.46000
      -8.35900      95.44000     -95.44000
      -8.32400     105.70000    -105.70000
      -8.28900      99.87000     -99.87000
      -8.25400      86.86000     -86.86000
      -8.21900      76.90000     -76.90000
      -8.18300      75.96000     -75.96000
      -8.14800      66.37000     -66.37000
      -8.11300      48.95000     -48.95000
      -8.07800      45.13000     -45.13000
      -8.04300      58.44000     -58.44000
      -8.00800      72.85000     -72.85000
      -7.97300      66.10000     -66.10000
      -7.93800      49.19000     -49.19000
      -7.90300      56.58000     -56.58000
      -7.86800      82.00000     -82.00000
      -7.83200      77.25000     -77.25000
      -7.79700      45.23000     -45.23000
      -7.76200      26.99000     -26.99000
      -7.72700      28.54000     -28.54000
      -7.69200      34.09000     -34.09000
      -7.65700      38.51000     -38.51000
      -7.62200      39.87000     -39.87000
      -7.58700      40.42000     -40.42000
      -7.55200      48.66000     -48.66000
      -7.51700      60.13000     -60.13000
      -7.48100      64.94000     -64.94000
      -7.44600      55.44000     -55.44000
      -7.41100      43.34000     -43.34000
      -7.37600      46.19000     -46.19000
      -7.34100      65.72000     -65.72000
      -7.30600      90.08000     -90.08000
      -7.27100     108.80000    -108.80000
      -7.23600     124.60000    -124.60000
      -7.20100     134.50000    -134.50000
      -7.16600     144.00000    -144.00000
      -7.13100     131.80000    -131.80000
      -7.09500      86.78000     -86.78000
      -7.06000      74.01000     -74.01000
      -7.02500      96.60000     -96.60000
      -6.99000      82.37000     -82.37000
      -6.95500      34.27000     -34.27000
      -6.92000       6.96300      -6.96300
      -6.88500       4.91400      -4.91400
      -6.85000      19.39000     -19.39000
      -6.81500      43.97000     -43.97000
      -6.78000      58.46000     -58.46000
      -6.74400      63.56000     -63.56000
      -6.70900      89.37000     -89.37000
      -6.67400     125.70000    -125.70000
      -6.63900     131.20000    -131.20000
      -6.60400     112.80000    -112.80000
      -6.56900      89.12000     -89.12000
      -6.53400      68.64000     -68.64000
      -6.49900      67.07000     -67.07000
      -6.46400      70.44000     -70.44000
      -6.42900      70.08000     -70.08000
      -6.39300      86.55000     -86.55000
      -6.35800     107.00000    -107.00000
      -6.32300      84.35000     -84.35000
      -6.28800      42.13000     -42.13000
      -6.25300      19.24000     -19.24000
      -6.21800       8.66200      -8.66200
      -6.18300       3.59100      -3.59100
      -6.14800       1.17300      -1.17300
      -6.11300       0.20980      -0.20980
      -6.07800       0.16650      -0.16650
      -6.04200       1.87600      -1.87600
      -6.00700       9.72100      -9.72100
      -5.97200      21.92000     -21.92000
      -5.93700      23.85000     -23.85000
      -5.90200      17.37000     -17.37000
      -5.86700      17.10000     -17.10000
      -5.83200      25.92000     -25.92000
      -5.79700      40.38000     -40.38000
      -5.76200      52.70000     -52.70000
      -5.72700      54.93000     -54.93000
      -5.69100      53.90000     -53.90000
      -5.65600      49.31000     -49.31000
      -5.62100      44.93000     -44.93000
      -5.58600      40.67000     -40.67000
      -5.55100      34.01000     -34.01000
      -5.51600      28.45000     -28.45000
      -5.48100      22.40000     -22.40000
      -5.44600      18.09000     -18.09000
      -5.41100      24.51000     -24.51000
      -5.37600      30.86000     -30.86000
      -5.34100      28.91000     -28.91000
      -5.30500      30.24000     -30.24000
      -5.27000      31.35000     -31.35000
      -5.23500      25.80000     -25.80000
      -5.20000      23.60000     -23.60000
      -5.16500      29.20000     -29.20000
      -5.13000      32.07000     -32.07000
      -5.09500      30.09000     -30.09000
      -5.06000      27.56000     -27.56000
      -5.02500      25.68000     -25.68000
      -4.99000      20.03000     -20.03000
      -4.95400      13.89000     -13.89000
      -4.91900      16.97000     -16.97000
      -4.88400      22.74000     -22.74000
      -4.84900      24.47000     -24.47000
      -4.81400      31.48000     -31.48000
      -4.77900      38.94000     -38.94000
      -4.74400      34.06000     -34.06000
      -4.70900      23.63000     -23.63000
      -4.67400      17.36000     -17.36000
      -4.63900      14.83000     -14.83000
      -4.60300      15.37000     -15.37000
      -4.56800      18.57000     -18.57000
      -4.53300      20.88000     -20.88000
      -4.49800      21.74000     -21.74000
      -4.46300      26.99000     -26.99000
      -4.42800      35.13000     -35.13000
      -4.39300      35.34000     -35.34000
      -4.35800      24.42000     -24.42000
      -4.32300      10.45000     -10.45000
      -4.28800       2.51700      -2.51700
      -4.25200       1.09700      -1.09700
      -4.21700       5.18200      -5.18200
      -4.18200      18.04000     -18.04000
      -4.14700      39.10000     -39.10000
      -4.11200      54.32000     -54.32000
      -4.07700      49.99000     -49.99000
      -4.04200      37.51000     -37.51000
      -4.00700      29.28000     -29.28000
      -3.97200      22.76000     -22.76000
      -3.93700      16.70000     -16.70000
      -3.90100      12.80000     -12.80000
      -3.86600      18.30000     -18.30000
      -3.83100      37.55000     -37.55000
      -3.79600      57.73000     -57.73000
      -3.76100      64.08000     -64.08000
      -3.72600      59.79000     -59.79000
      -3.69100      51.75000     -51.75000
      -3.65600      50.07000     -50.07000
      -3.62100      50.96000     -50.96000
      -3.58600      42.97000     -42.97000
      -3.55100      34.79000     -34.79000
      -3.51500      35.73000     -35.73000
      -3.48000      35.94000     -35.94000
      -3.44500      21.65000     -21.65000
      -3.41000       6.11300      -6.11300
      -3.37500       0.73440      -0.73440
      -3.34000       0.03592      -0.03592
      -3.30500       0.00070      -0.00070
      -3.27000       0.00001      -0.00001
      -3.23500       0.00000      -0.00000
      -3.20000       0.00000      -0.00000
      -3.16400       0.00000      -0.00000
      -3.12900       0.00000       0.00000
      -3.09400       0.00000       0.00000
      -3.05900       0.00000       0.00000
      -3.02400       0.00000       0.00000
      -2.98900       0.00000       0.00000
      -2.95400       0.00000       0.00000
      -2.91900       0.00000      -0.00000
      -2.88400       0.00000      -0.00000
      -2.84900       0.00000      -0.00000
      -2.81300       0.00018      -0.00018
      -2.77800       0.01373      -0.01373
      -2.74300       0.41010      -0.41010
      -2.70800       4.82300      -4.82300
      -2.67300      22.59000     -22.59000
      -2.63800      42.55000     -42.55000
      -2.60300      32.37000     -32.37000
      -2.56800       9.92700      -9.92700
      -2.53300       1.21800      -1.21800
      -2.49800       0.05909      -0.05909
      -2.46200       0.00112      -0.00112
      -2.42700       0.00001      -0.00001
      -2.39200       0.00000      -0.00000
      -2.35700       0.00000      -0.00000
      -2.32200       0.00000      -0.00000
      -2.28700       0.00000       0.00000
      -2.25200       0.00000       0.00000
      -2.21700       0.00000       0.00000
      -2.18200       0.00000       0.00000
      -2.14700       0.00000       0.00000
      -2.11100       0.00000       0.00000
      -2.07600       0.00000       0.00000
      -2.04100       0.00000       0.00000
      -2.00600       0.00000       0.00000
      -1.97100       0.00000       0.00000
      -1.93600       0.00000       0.00000
      -1.90100       0.00000       0.00000
      -1.86600       0.00000       0.00000
      -1.83100       0.00000       0.00000
      -1.79600       0.00000      -0.00000
      -1.76100       0.00000      -0.00000
      -1.72500       0.00000      -0.00000
      -1.69000       0.00000      -0.00000
      -1.65500       0.00025      -0.00025
      -1.62000       0.01248      -0.01248
      -1.58500       0.25690      -0.25690
      -1.55000       2.30100      -2.30100
      -1.51500      10.16000     -10.16000
      -1.48000      26.60000     -26.60000
      -1.44500      45.57000     -45.57000
      -1.41000      47.90000     -47.90000
      -1.37400      28.13000     -28.13000
      -1.33900       8.63200      -8.63200
      -1.30400       1.45900      -1.45900
      -1.26900       2.28700      -2.28700
      -1.23400      12.47000     -12.47000
      -1.19900      32.86000     -32.86000
      -1.16400      48.92000     -48.92000
      -1.12900      58.64000     -58.64000
      -1.09400      61.77000     -61.77000
      -1.05900      50.94000     -50.94000
      -1.02300      35.60000     -35.60000
      -0.98800      22.98000     -22.98000
      -0.95300      17.06000     -17.06000
      -0.91800      19.43000     -19.43000
      -0.88300      32.14000     -32.14000
      -0.84800      48.05000     -48.05000
      -0.81300      47.54000     -47.54000
      -0.77800      28.51000     -28.51000
      -0.74300      14.70000     -14.70000
      -0.70800      15.64000     -15.64000
      -0.67200      22.36000     -22.36000
      -0.63700      26.97000     -26.97000
      -0.60200      28.11000     -28.11000
      -0.56700      26.10000     -26.10000
      -0.53200      22.19000     -22.19000
      -0.49700      20.13000     -20.13000
      -0.46200      25.51000     -25.51000
      -0.42700      35.01000     -35.01000
      -0.39200      40.26000     -40.26000
      -0.35700      31.49000     -31.49000
      -0.32100      20.86000     -20.86000
      -0.28600      21.96000     -21.96000
      -0.25100      22.97000     -22.97000
      -0.21600      17.63000     -17.63000
      -0.18100      17.99000     -17.99000
      -0.14600      25.12000     -25.12000
      -0.11100      29.87000     -29.87000
      -0.07600      25.12000     -25.12000
      -0.04100      12.47000     -12.47000
      -0.00600       3.41800      -3.41800
       0.02900       0.52050      -0.52050
       0.06500       0.23730      -0.23730
       0.10000       1.95200      -1.95200
       0.13500       8.19500      -8.19500
       0.17000      16.55000     -16.55000
       0.20500      20.75000     -20.75000
       0.24000      20.16000     -20.16000
       0.27500      16.21000     -16.21000
       0.31000      14.31000     -14.31000
       0.34500      15.84000     -15.83000
       0.38000      19.13000     -19.13000
       0.41600      23.30000     -23.30000
       0.45100      25.94000     -25.94000
       0.48600      26.94000     -26.94000
       0.52100      29.97000     -29.97000
       0.55600      34.88000     -34.90000
       0.59100      49.59000     -49.61000
       0.62600      63.65000     -63.65000
       0.66100      49.58000     -49.56000
       0.69600      27.80000     -27.78000
       0.73100      25.54000     -25.53000
       0.76700      29.07000     -29.07000
       0.80200      23.40000     -23.40000
       0.83700      14.94000     -14.95000
       0.87200       8.68600      -8.69500
       0.90700       6.05800      -6.05600
       0.94200      14.98000     -14.95000
       0.97700      32.16000     -32.13000
       1.01200      38.71000     -38.73000
       1.04700      34.91000     -34.93000
       1.08200      32.04000     -32.04000
       1.11800      29.99000     -29.98000
       1.15300      35.67000     -35.65000
       1.18800      49.35000     -49.22000
       1.22300      61.88000     -61.41000
       1.25800      70.34000     -69.67000
       1.29300      77.97000     -77.70000
       1.32800      81.85000     -82.07000
       1.36300      73.88000     -74.29000
       1.39800      64.97000     -65.67000
       1.43300      63.06000     -63.50000
       1.46800      59.09000     -58.91000
       1.50400      55.01000     -54.69000
       1.53900      52.42000     -52.47000
       1.57400      47.19000     -47.30000
       1.60900      39.43000     -38.23000
       1.64400      46.09000     -43.96000
       1.67900      57.64000     -56.78000
       1.71400      61.99000     -62.94000
       1.74900      71.75000     -72.55000
       1.78400      81.56000     -81.53000
       1.81900      79.22000     -79.49000
       1.85500      72.96000     -73.65000
       1.89000      74.90000     -75.61000
       1.92500      85.25000     -84.28000
       1.96000      95.71000     -93.58000
       1.99500      97.01000     -95.10000
       2.03000      87.78000     -86.50000
       2.06500      77.87000     -77.34000
       2.10000      74.76000     -74.18000
       2.13500      72.05000     -70.93000
       2.17000      64.78000     -64.15000
       2.20600      59.17000     -60.88000
       2.24100      64.89000     -68.21000
       2.27600      74.88000     -76.95000
       2.31100      81.12000     -81.21000
       2.34600      86.57000     -84.72000
       2.38100      88.22000     -87.49000
       2.41600      85.18000     -86.52000
       2.45100      80.17000     -80.52000
       2.48600      77.74000     -76.48000
       2.52100      80.05000     -79.89000
       2.55700      82.15000     -83.98000
       2.59200      78.54000     -79.84000
       2.62700      74.45000     -75.06000
       2.66200      71.32000     -72.19000
       2.69700      66.04000     -66.55000
       2.73200      64.38000     -63.29000
       2.76700      70.07000     -68.70000
       2.80200      75.64000     -74.81000
       2.83700      76.88000     -76.58000
       2.87200      75.74000     -77.66000
       2.90800      72.92000     -75.16000
       2.94300      68.21000     -69.18000
       2.97800      66.89000     -67.70000
       3.01300      70.98000     -72.43000
       3.04800      78.09000     -80.34000
       3.08300      86.59000     -87.79000
       3.11800      91.84000     -89.96000
       3.15300      92.58000     -88.04000
       3.18800      90.26000     -85.91000
       3.22300      86.27000     -84.28000
       3.25800      80.89000     -80.87000
       3.29400      75.64000     -75.24000
       3.32900      71.15000     -71.37000
       3.36400      67.03000     -70.16000
       3.39900      66.02000     -69.00000
       3.43400      67.89000     -68.44000
       3.46900      69.29000     -67.94000
       3.50400      69.78000     -68.82000
       3.53900      71.27000     -71.20000
       3.57400      71.60000     -71.12000
       3.60900      69.42000     -69.82000
       3.64500      66.91000     -69.96000
       3.68000      66.47000     -70.15000
       3.71500      68.75000     -69.05000
       3.75000      70.16000     -66.81000
       3.78500      67.27000     -65.34000
       3.82000      63.85000     -66.28000
       3.85500      66.06000     -67.86000
       3.89000      68.50000     -66.96000
       3.92500      65.05000     -65.96000
       3.96000      62.78000     -66.02000
       3.99600      65.08000     -65.59000
       4.03100      67.07000     -65.91000
       4.06600      67.12000     -65.48000
       4.10100      65.93000     -64.63000
       4.13600      64.27000     -64.83000
       4.17100      64.70000     -64.02000
       4.20600      65.31000     -63.03000
       4.24100      63.39000     -64.36000
       4.27600      61.91000     -64.78000
       4.31100      60.86000     -63.04000
       4.34700      59.45000     -60.53000
       4.38200      57.75000     -58.16000
       4.41700      55.79000     -55.56000
       4.45200      54.78000     -53.46000
       4.48700      56.43000     -52.57000
       4.52200      56.71000     -53.48000
       4.55700      54.20000     -54.08000
       4.59200      51.96000     -52.60000
       4.62700      49.73000     -49.69000
       4.66200      48.42000     -47.60000
       4.69800      46.26000     -45.66000
       4.73300      42.14000     -43.12000
       4.76800      38.34000     -41.71000
       4.80300      35.85000     -40.51000
       4.83800      34.25000     -35.99000
       4.87300      32.63000     -29.96000
       4.90800      30.72000     -29.75000
       4.94300      29.55000     -34.82000
       4.97800      28.16000     -35.32000
       5.01300      26.41000     -31.80000
       5.04800      25.34000     -29.34000
       5.08400      26.19000     -26.01000
       5.11900      27.82000     -22.78000
       5.15400      26.42000     -21.57000
       5.18900      23.88000     -20.05000
       5.22400      21.71000     -16.56000
       5.25900      18.62000     -14.01000
       5.29400      14.99000     -14.11000
       5.32900      11.41000     -13.65000
       5.36400       8.38400     -10.51000
       5.39900       6.47200      -7.26600
       5.43500       5.34000      -4.96800
       5.47000       4.51100      -2.91100
       5.50500       3.87400      -1.71400
       5.54000       3.28500      -1.11100
       5.57500       2.35200      -0.50320
       5.61000       1.07000      -0.29680
       5.64500       0.24660      -0.36690
       5.68000       0.02536      -0.24850
       5.71500       0.00109      -0.06890
       5.75000       0.00002      -0.00763
       5.78600       0.00000      -0.00033
       5.82100       0.00000      -0.00001
       5.85600       0.00000      -0.00000
       5.89100       0.00000      -0.00000
       5.92600       0.00000      -0.00000
       5.96100       0.00000       0.00000
       5.99600       0.00000       0.00000
       6.03100       0.00000       0.00000
       6.06600       0.00000       0.00000
       6.10100       0.00000       0.00000
       6.13700       0.00000       0.00000
       6.17200       0.00000       0.00000
       6.20700       0.00000       0.00000
       6.24200       0.00000       0.00000
       6.27700       0.00000       0.00000
       6.31200       0.00000       0.00000
       6.34700       0.00000       0.00000
       6.38200       0.00000       0.00000
       6.41700       0.00000       0.00000
       6.45200       0.00000       0.00000
       6.48800       0.00000       0.00000
       6.52300       0.00000       0.00000
       6.55800       0.00000       0.00000
       6.59300       0.00000       0.00000
       6.62800       0.00000       0.00000
       6.66300       0.00000       0.00000
       6.69800       0.00000       0.00000
       6.73300       0.00000       0.00000
       6.76800       0.00000       0.00000
       6.80300       0.00000       0.00000
       6.83800       0.00000       0.00000
       6.87400       0.00000       0.00000
       6.90900       0.00000       0.00000
       6.94400       0.00000       0.00000
       6.97900       0.00000       0.00000
       7.01400       0.00000       0.00000
       7.04900       0.00000       0.00000
       7.08400       0.00000       0.00000
       7.11900       0.00000       0.00000
       7.15400       0.00000       0.00000
       7.18900       0.00000       0.00000
       7.22500       0.00000       0.00000
