      #Energy        TDOS-UP        TDOS-DOWN
     -19.73348       0.00000       0.00000
     -19.70348       0.00000       0.00000
     -19.67448       0.00000       0.00000
     -19.64448       0.00000       0.00000
     -19.61448       0.00000       0.00000
     -19.58448       0.00000       0.00000
     -19.55448       0.00000       0.00000
     -19.52448       0.00000       0.00000
     -19.49448       0.00000       0.00000
     -19.46448       0.00000       0.00000
     -19.43548       0.00000       0.00000
     -19.40548       0.00000       0.00000
     -19.37548       0.00000       0.00000
     -19.34548       0.00000       0.00000
     -19.31548       0.00000       0.00000
     -19.28548       0.00000       0.00000
     -19.25548       0.00000       0.00000
     -19.22548       0.00000       0.00000
     -19.19648       0.00000       0.00000
     -19.16648       0.00000       0.00000
     -19.13648       0.00000       0.00000
     -19.10648       0.00000       0.00000
     -19.07648       0.00000       0.00000
     -19.04648       0.00000       0.00000
     -19.01648       0.00000       0.00000
     -18.98648       0.00000       0.00000
     -18.95648       0.00000       0.00000
     -18.92748       0.00000       0.00000
     -18.89748       0.00000       0.00000
     -18.86748       0.00000       0.00000
     -18.83748       0.00000       0.00000
     -18.80748       0.00000       0.00000
     -18.77748       0.00000       0.00000
     -18.74748       0.00000       0.00000
     -18.71748       0.00000       0.00000
     -18.68848       0.00000       0.00000
     -18.65848       0.00000       0.00000
     -18.62848       0.00000      -0.00000
     -18.59848       0.00000      -0.00000
     -18.56848       0.00000      -0.00000
     -18.53848       0.00000      -0.00000
     -18.50848       0.00003      -0.00000
     -18.47848       0.00088      -0.00017
     -18.44948       0.01225      -0.00331
     -18.41948       0.09593      -0.03479
     -18.38948       0.44287      -0.21018
     -18.35948       1.29409      -0.77265
     -18.32948       2.63965      -1.87828
     -18.29948       4.24589      -3.37367
     -18.26948       6.03214      -5.06521
     -18.23948       7.99527      -6.95156
     -18.21048       9.84786      -8.91574
     -18.18048      11.17250     -10.55275
     -18.15048      11.94021     -11.58638
     -18.12048      12.55480     -12.23877
     -18.09048      13.35284     -12.93940
     -18.06048      14.33717     -13.84680
     -18.03048      15.40486     -14.87191
     -18.00048      16.53395     -15.95917
     -17.97148      17.70486     -17.11097
     -17.94148      18.78122     -18.26007
     -17.91148      19.53399     -19.20302
     -17.88148      19.88393     -19.75024
     -17.85148      19.98276     -19.95087
     -17.82148      19.99879     -19.99418
     -17.79148      20.00024     -19.99943
     -17.76148      20.00031     -19.99978
     -17.73148      20.00032     -19.99980
     -17.70248      20.00081     -19.99986
     -17.67248      20.00976     -20.00156
     -17.64248      20.09410     -20.02528
     -17.61248      20.51641     -20.19825
     -17.58248      21.67642     -20.87633
     -17.55248      23.50944     -22.35992
     -17.52248      25.34200     -24.28257
     -17.49248      26.83799     -25.98292
     -17.46348      28.28678     -27.42199
     -17.43348      29.91796     -28.94756
     -17.40348      31.58934     -30.64388
     -17.37348      32.92369     -32.23025
     -17.34348      33.68348     -33.32678
     -17.31348      34.04081     -33.87220
     -17.28348      34.38275     -34.18472
     -17.25348      34.99540     -34.63274
     -17.22448      35.96150     -35.39971
     -17.19448      37.17798     -36.47845
     -17.16448      38.37176     -37.70300
     -17.13448      39.25166     -38.78309
     -17.10448      39.73404     -39.49478
     -17.07448      39.93124     -39.84173
     -17.04448      39.98868     -39.96521
     -17.01448      39.99941     -39.99520
     -16.98548      40.00057     -39.99967
     -16.95548      40.00064     -40.00005
     -16.92548      40.00064     -40.00007
     -16.89548      40.00064     -40.00007
     -16.86548      40.00064     -40.00007
     -16.83548      40.00064     -40.00007
     -16.80548      40.00064     -40.00007
     -16.77548      40.00064     -40.00007
     -16.74648      40.00064     -40.00007
     -16.71648      40.00064     -40.00007
     -16.68648      40.00065     -40.00007
     -16.65648      40.00065     -40.00007
     -16.62648      40.00086     -40.00013
     -16.59648      40.00348     -40.00115
     -16.56648      40.02191     -40.01021
     -16.53648      40.09581     -40.05520
     -16.50648      40.28307     -40.18943
     -16.47748      40.63741     -40.46679
     -16.44748      41.21495     -40.94155
     -16.41748      42.00970     -41.65085
     -16.38748      42.88528     -42.51133
     -16.35748      43.70453     -43.36570
     -16.32748      44.39710     -44.11982
     -16.29748      44.91399     -44.71409
     -16.26748      45.27566     -45.13387
     -16.23848      45.54377     -45.43592
     -16.20848      45.75276     -45.66703
     -16.17848      45.95630     -45.86089
     -16.14848      46.29217     -46.11271
     -16.11848      46.93918     -46.59927
     -16.08848      47.92874     -47.44287
     -16.05848      49.09667     -48.55209
     -16.02848      50.26505     -49.73825
     -15.99948      51.27492     -50.84224
     -15.96948      52.03561     -51.71871
     -15.93948      52.70742     -52.40426
     -15.90948      53.54669     -53.15733
     -15.87948      54.55971     -54.12030
     -15.84948      55.55210     -55.14407
     -15.81948      56.53539     -56.11286
     -15.78948      57.69629     -57.19459
     -15.76048      58.88036     -58.41660
     -15.73048      59.71022     -59.41856
     -15.70048      60.14642     -59.98415
     -15.67048      60.42391     -60.28690
     -15.64048      60.71516     -60.54949
     -15.61048      61.12673     -60.88369
     -15.58048      61.79690     -61.40102
     -15.55048      62.78720     -62.22371
     -15.52148      63.91465     -63.30410
     -15.49148      64.94305     -64.38927
     -15.46148      65.93320     -65.35537
     -15.43148      67.07245     -66.37630
     -15.40148      68.27429     -67.55902
     -15.37148      69.30418     -68.71127
     -15.34148      70.17528     -69.66154
     -15.31148      71.14855     -70.55414
     -15.28248      72.30229     -71.62407
     -15.25248      73.32740     -72.76855
     -15.22248      73.95350     -73.63336
     -15.19248      74.28374     -74.10753
     -15.16248      74.56109     -74.39519
     -15.13248      74.93352     -74.70855
     -15.10248      75.49209     -75.15971
     -15.07248      76.30163     -75.82793
     -15.04248      77.30822     -76.73398
     -15.01348      78.39070     -77.76791
     -14.98348      79.63153     -78.87264
     -14.95348      81.16099     -80.22149
     -14.92348      82.64936     -81.79844
     -14.89348      83.59171     -83.10800
     -14.86348      83.99948     -83.80072
     -14.83348      84.27998     -84.10903
     -14.80348      84.75071     -84.44707
     -14.77448      85.52006     -85.04224
     -14.74448      86.58491     -85.94679
     -14.71448      87.92076     -87.14505
     -14.68448      89.53223     -88.62042
     -14.65448      91.39601     -90.36888
     -14.62448      93.31030     -92.29466
     -14.59448      94.95060     -94.12021
     -14.56448      96.14587     -95.56436
     -14.53548      96.94824     -96.56632
     -14.50548      97.47275     -97.22438
     -14.47548      97.82504     -97.65059
     -14.44548      98.12654     -97.96005
     -14.41548      98.48656     -98.28072
     -14.38548      98.93727     -98.68840
     -14.35548      99.48210     -99.18438
     -14.32548     100.18498     -99.79657
     -14.29648     101.10686    -100.60731
     -14.26648     102.20727    -101.63317
     -14.23648     103.40313    -102.79393
     -14.20648     104.64666    -104.02356
     -14.17648     105.85387    -105.27007
     -14.14648     106.91155    -106.41753
     -14.11648     107.83643    -107.40380
     -14.08648     108.71723    -108.30761
     -14.05748     109.51004    -109.16048
     -14.02748     110.10148    -109.85559
     -13.99748     110.51170    -110.33678
     -13.96748     110.89668    -110.71249
     -13.93748     111.44793    -111.16679
     -13.90748     112.36428    -111.90373
     -13.87748     113.72493    -113.08898
     -13.84748     115.30487    -114.62934
     -13.81748     116.74096    -116.15850
     -13.78848     117.85152    -117.39365
     -13.75848     118.64807    -118.29044
     -13.72848     119.22352    -118.92490
     -13.69848     119.66930    -119.41281
     -13.66848     120.09297    -119.84843
     -13.63848     120.76433    -120.40386
     -13.60848     121.91463    -121.36175
     -13.57848     123.32143    -122.71178
     -13.54948     124.54553    -124.03089
     -13.51948     125.48803    -125.04316
     -13.48948     126.30146    -125.86212
     -13.45948     127.01644    -126.61803
     -13.42948     127.54289    -127.25697
     -13.39948     127.84037    -127.68676
     -13.36948     127.96206    -127.90365
     -13.33948     127.99549    -127.98063
     -13.31048     128.00121    -127.99837
     -13.28048     128.00266    -128.00113
     -13.25048     128.01353    -128.00610
     -13.22048     128.08369    -128.04431
     -13.19048     128.33478    -128.21196
     -13.16048     128.85286    -128.63136
     -13.13048     129.50211    -129.25805
     -13.10048     130.04380    -129.85725
     -13.07148     130.42489    -130.28540
     -13.04148     130.78014    -130.61197
     -13.01148     131.27761    -130.98649
     -12.98148     131.99274    -131.53415
     -12.95148     132.83619    -132.27348
     -12.92148     133.69160    -133.10409
     -12.89148     134.56284    -133.95994
     -12.86148     135.43618    -134.84851
     -12.83248     136.19239    -135.69406
     -12.80248     136.76888    -136.37393
     -12.77248     137.19524    -136.88007
     -12.74248     137.49182    -137.26161
     -12.71248     137.68906    -137.53480
     -12.68248     137.88270    -137.74612
     -12.65248     138.20810    -138.02009
     -12.62248     138.74695    -138.47931
     -12.59248     139.49196    -139.14126
     -12.56348     140.44268    -139.97650
     -12.53348     141.59119    -140.99907
     -12.50348     142.82455    -142.16207
     -12.47348     144.05119    -143.34151
     -12.44348     145.29262    -144.52169
     -12.41348     146.55362    -145.76102
     -12.38348     147.78743    -147.02979
     -12.35348     148.95312    -148.24478
     -12.32448     150.02394    -149.35250
     -12.29448     150.98527    -150.34176
     -12.26448     151.86249    -151.21868
     -12.23448     152.76749    -152.02479
     -12.20448     153.82786    -152.88423
     -12.17448     155.04778    -153.91188
     -12.14448     156.25978    -155.09460
     -12.11448     157.20362    -156.27613
     -12.08548     157.73545    -157.21041
     -12.05548     157.94092    -157.74299
     -12.02548     158.00245    -157.94678
     -11.99548     158.08853    -158.01437
     -11.96548     158.44120    -158.15527
     -11.93548     159.34635    -158.67007
     -11.90548     160.74329    -159.80842
     -11.87548     162.17729    -161.36506
     -11.84648     163.37868    -162.85030
     -11.81648     164.40588    -164.05991
     -11.78648     165.27623    -165.03109
     -11.75648     165.90143    -165.74607
     -11.72648     166.26597    -166.18079
     -11.69648     166.49521    -166.43069
     -11.66648     166.76834    -166.67524
     -11.63648     167.18857    -167.04890
     -11.60748     167.75028    -167.57116
     -11.57748     168.41446    -168.20204
     -11.54748     169.14901    -168.90820
     -11.51748     169.88715    -169.64380
     -11.48748     170.52444    -170.31844
     -11.45748     171.01310    -170.85610
     -11.42748     171.39165    -171.26856
     -11.39748     171.70548    -171.60155
     -11.36748     172.03648    -171.91288
     -11.33848     172.58145    -172.36703
     -11.30848     173.49632    -173.16970
     -11.27848     174.62884    -174.27294
     -11.24848     175.67323    -175.35124
     -11.21848     176.62379    -176.26730
     -11.18848     177.68640    -177.23415
     -11.15848     178.81833    -178.35368
     -11.12848     179.77726    -179.41255
     -11.09948     180.48701    -180.22329
     -11.06948     181.08980    -180.84908
     -11.03948     181.74727    -181.47099
     -11.00948     182.47674    -182.17835
     -10.97948     183.16229    -182.89468
     -10.94948     183.72982    -183.50538
     -10.91948     184.25074    -184.02392
     -10.88948     184.84845    -184.57024
     -10.86048     185.57239    -185.23158
     -10.83048     186.39733    -186.00557
     -10.80048     187.29859    -186.86068
     -10.77048     188.26455    -187.77883
     -10.74048     189.26755    -188.73941
     -10.71048     190.23635    -189.71208
     -10.68048     191.06964    -190.62187
     -10.65048     191.75669    -191.38615
     -10.62148     192.42446    -192.04331
     -10.59148     193.25955    -192.75277
     -10.56148     194.44750    -193.71170
     -10.53148     196.06494    -195.07563
     -10.50148     197.94516    -196.82005
     -10.47148     199.72499    -198.68593
     -10.44148     201.06128    -200.31458
     -10.41148     201.86620    -201.44979
     -10.38248     202.35933    -202.12190
     -10.35248     202.82827    -202.60592
     -10.32248     203.37354    -203.12535
     -10.29248     203.92524    -203.68541
     -10.26248     204.46423    -204.22546
     -10.23248     205.09242    -204.80614
     -10.20248     205.87776    -205.53337
     -10.17248     206.82011    -206.42985
     -10.14248     207.98730    -207.52025
     -10.11348     209.45654    -208.89314
     -10.08348     211.07145    -210.49475
     -10.05348     212.51276    -212.03406
     -10.02348     213.61884    -213.26175
      -9.99348     214.45677    -214.17811
      -9.96348     215.13037    -214.90668
      -9.93348     215.62545    -215.47646
      -9.90348     215.89204    -215.82394
      -9.87448     215.98331    -215.96324
      -9.84448     216.00480    -215.99806
      -9.81448     216.02668    -216.01375
      -9.78448     216.09779    -216.06086
      -9.75448     216.27758    -216.19161
      -9.72448     216.65085    -216.47878
      -9.69448     217.31937    -217.02226
      -9.66448     218.32028    -217.89559
      -9.63548     219.55513    -219.05471
      -9.60548     220.83735    -220.33872
      -9.57548     221.99751    -221.55639
      -9.54548     222.98348    -222.59928
      -9.51548     223.85980    -223.49966
      -9.48548     224.71790    -224.35013
      -9.45548     225.64158    -225.23766
      -9.42548     226.67446    -226.22662
      -9.39648     227.84059    -227.33733
      -9.36648     229.24157    -228.63598
      -9.33648     230.89711    -230.20741
      -9.30648     232.54891    -231.89462
      -9.27648     233.96259    -233.40166
      -9.24648     235.18027    -234.67805
      -9.21648     236.26917    -235.81969
      -9.18648     237.24244    -236.82941
      -9.15748     238.27114    -237.79357
      -9.12748     239.51780    -238.93626
      -9.09748     240.77656    -240.23655
      -9.06748     241.67902    -241.33441
      -9.03748     242.16364    -241.99233
      -9.00748     242.49141    -242.35537
      -8.97748     242.97468    -242.74815
      -8.94748     243.75076    -243.40442
      -8.91748     244.68415    -244.29956
      -8.88848     245.55330    -245.21487
      -8.85848     246.32281    -246.02651
      -8.82848     247.05945    -246.78556
      -8.79848     247.69570    -247.48172
      -8.76848     248.12609    -247.99681
      -8.73848     248.39988    -248.31745
      -8.70848     248.68024    -248.58281
      -8.67848     249.12243    -248.96958
      -8.64948     249.71790    -249.53666
      -8.61948     250.26078    -250.11943
      -8.58948     250.62906    -250.53668
      -8.55948     250.98090    -250.86862
      -8.52948     251.59669    -251.39014
      -8.49948     252.61567    -252.30008
      -8.46948     253.96541    -253.57168
      -8.43948     255.57569    -255.11234
      -8.41048     257.46113    -256.92743
      -8.38048     259.50852    -258.95166
      -8.35048     261.44969    -260.94736
      -8.32048     263.03666    -262.64995
      -8.29048     264.19936    -263.92290
      -8.26048     265.15860    -264.90783
      -8.23048     266.25796    -265.95266
      -8.20048     267.59948    -267.24787
      -8.17148     268.94652    -268.62361
      -8.14148     270.04081    -269.78944
      -8.11148     270.90144    -270.69310
      -8.08148     271.67946    -271.48113
      -8.05148     272.40953    -272.22196
      -8.02148     273.06685    -272.89033
      -7.99148     273.71490    -273.51582
      -7.96148     274.56209    -274.26173
      -7.93248     275.86865    -275.39067
      -7.90248     277.76053    -277.07922
      -7.87248     280.17586    -279.32619
      -7.84248     282.81588    -281.92647
      -7.81248     285.30636    -284.50225
      -7.78248     287.60920    -286.88084
      -7.75248     289.85453    -289.18054
      -7.72248     291.86308    -291.31801
      -7.69248     293.37849    -292.99327
      -7.66348     294.49607    -294.19765
      -7.63348     295.44440    -295.17526
      -7.60348     296.32446    -296.07026
      -7.57348     297.15566    -296.92103
      -7.54348     297.86601    -297.68023
      -7.51348     298.42293    -298.28197
      -7.48348     298.99779    -298.84517
      -7.45348     299.78074    -299.57883
      -7.42448     300.78285    -300.53776
      -7.39448     301.94465    -301.66431
      -7.36448     303.32636    -302.98969
      -7.33448     305.08617    -304.66674
      -7.30448     307.26950    -306.77762
      -7.27448     309.67916    -309.17817
      -7.24448     311.85577    -311.45233
      -7.21448     313.34832    -313.09965
      -7.18548     314.21703    -314.05067
      -7.15548     314.95755    -314.75639
      -7.12548     315.89557    -315.63106
      -7.09548     316.90246    -316.64811
      -7.06548     317.70289    -317.51935
      -7.03548     318.30642    -318.15799
      -7.00548     318.99661    -318.80515
      -6.97548     320.02082    -319.74675
      -6.94648     321.36697    -321.04525
      -6.91648     322.68310    -322.41351
      -6.88648     323.56241    -323.40964
      -6.85648     323.99483    -323.91637
      -6.82648     324.30012    -324.21143
      -6.79648     324.73171    -324.58836
      -6.76648     325.31209    -325.12676
      -6.73648     325.94580    -325.74703
      -6.70748     326.61283    -326.39926
      -6.67748     327.35634    -327.12649
      -6.64748     328.11016    -327.90018
      -6.61748     328.73865    -328.57737
      -6.58748     329.24358    -329.10471
      -6.55748     329.78841    -329.61174
      -6.52748     330.59721    -330.31821
      -6.49748     331.88330    -331.46194
      -6.46848     333.65581    -333.13241
      -6.43848     335.57338    -335.05894
      -6.40848     337.30347    -336.83758
      -6.37848     339.05895    -338.45338
      -6.34848     341.41139    -340.30327
      -6.31848     344.45969    -342.70516
      -6.28848     347.62376    -345.55522
      -6.25848     350.50445    -348.46340
      -6.22848     353.25979    -351.17512
      -6.19948     356.04756    -353.73626
      -6.16948     358.79992    -356.33803
      -6.13948     361.25589    -359.05275
      -6.10948     363.11489    -361.58490
      -6.07948     364.49481    -363.58538
      -6.04948     365.94777    -365.21284
      -6.01948     367.95064    -366.97220
      -5.98948     370.54286    -369.22515
      -5.96048     373.31359    -371.90222
      -5.93048     375.75417    -374.46052
      -5.90048     377.81321    -376.53928
      -5.87048     379.94530    -378.51272
      -5.84048     382.59159    -380.95897
      -5.81048     385.91298    -384.14890
      -5.78048     389.85239    -388.16599
      -5.75048     393.86052    -392.57448
      -5.72148     396.99726    -396.25694
      -5.69148     398.90810    -398.54560
      -5.66148     400.07693    -399.84424
      -5.63148     401.12161    -400.87354
      -5.60148     402.46448    -402.12184
      -5.57148     404.39699    -403.91138
      -5.54148     406.84668    -406.27294
      -5.51148     409.23408    -408.72188
      -5.48248     411.01824    -410.66126
      -5.45248     412.16825    -411.93362
      -5.42248     413.04038    -412.78544
      -5.39248     414.20099    -413.61156
      -5.36248     416.21088    -414.80190
      -5.33248     419.01568    -416.62655
      -5.30248     421.75056    -419.08252
      -5.27248     423.93255    -421.76347
      -5.24348     426.46007    -424.40334
      -5.21348     430.40546    -427.57951
      -5.18348     435.25017    -431.85057
      -5.15348     439.55260    -436.59220
      -5.12348     442.76224    -440.73329
      -5.09348     445.37492    -443.99820
      -5.06348     448.21542    -446.99870
      -5.03348     451.72160    -450.45110
      -5.00348     455.41601    -454.23216
      -4.97448     458.53363    -457.52785
      -4.94448     460.87352    -459.89059
      -4.91448     462.67023    -461.51147
      -4.88448     464.18041    -462.78577
      -4.85448     465.48698    -464.01420
      -4.82448     466.51971    -465.24936
      -4.79448     467.29026    -466.37172
      -4.76448     468.03781    -467.37249
      -4.73548     469.02572    -468.44765
      -4.70548     470.20321    -469.70192
      -4.67548     471.27016    -470.92214
      -4.64548     472.05296    -471.85179
      -4.61548     472.66859    -472.52061
      -4.58548     473.44243    -473.23798
      -4.55548     474.68730    -474.35930
      -4.52548     476.39946    -475.96972
      -4.49648     478.20573    -477.76375
      -4.46648     479.73951    -479.35191
      -4.43648     480.94434    -480.60947
      -4.40648     481.99605    -481.66297
      -4.37648     483.07180    -482.69481
      -4.34648     484.17938    -483.75607
      -4.31648     485.29995    -484.80464
      -4.28648     486.63266    -485.93089
      -4.25748     488.52050    -487.41747
      -4.22748     491.07805    -489.54134
      -4.19748     493.90541    -492.23798
      -4.16748     496.38498    -495.00035
      -4.13748     498.26893    -497.31335
      -4.10748     499.78046    -499.11858
      -4.07748     501.29632    -500.68358
      -4.04748     503.03074    -502.24531
      -4.01848     504.86450    -503.86858
      -3.98848     506.57516    -505.51784
      -3.95848     508.10954    -507.13902
      -3.92848     509.44942    -508.60991
      -3.89848     510.61974    -509.84716
      -3.86848     511.90539    -511.00792
      -3.83848     513.60007    -512.41517
      -3.80848     515.64731    -514.26297
      -3.77848     517.89727    -516.47170
      -3.74948     520.35219    -518.87927
      -3.71948     523.00969    -521.42651
      -3.68948     525.91368    -524.12972
      -3.65948     529.12854    -527.05881
      -3.62948     532.42110    -530.25426
      -3.59948     535.40426    -533.50797
      -3.56948     538.07356    -536.54387
      -3.53948     540.91481    -539.53495
      -3.51048     544.36870    -542.95748
      -3.48048     548.40820    -547.03881
      -3.45048     552.64340    -551.52648
      -3.42048     556.34080    -555.61378
      -3.39048     558.71311    -558.36420
      -3.36048     559.71163    -559.60160
      -3.33048     559.96723    -559.94539
      -3.30048     560.02074    -560.00094
      -3.27148     560.14222    -560.00883
      -3.24148     560.62399    -560.04001
      -3.21148     561.76742    -560.22247
      -3.18148     563.40817    -560.84961
      -3.15148     564.91506    -562.14796
      -3.12148     566.02129    -563.82411
      -3.09148     567.08629    -565.29426
      -3.06148     568.34909    -566.46786
      -3.03248     569.64176    -567.66074
      -3.00248     570.89559    -568.91771
      -2.97248     572.18512    -570.12762
      -2.94248     573.35514    -571.37861
      -2.91248     574.22011    -572.66485
      -2.88248     574.90670    -573.74285
      -2.85248     575.64544    -574.54164
      -2.82248     576.46618    -575.27873
      -2.79348     577.27468    -576.10381
      -2.76348     578.12426    -576.94457
      -2.73348     579.26635    -577.75427
      -2.70348     580.80671    -578.72889
      -2.67348     582.42714    -580.09745
      -2.64348     583.70651    -581.72520
      -2.61348     584.62451    -583.18145
      -2.58348     585.47648    -584.24794
      -2.55348     586.41405    -585.11381
      -2.52448     587.32638    -586.02240
      -2.49448     588.08065    -586.97072
      -2.46448     588.68971    -587.81418
      -2.43448     589.25022    -588.49331
      -2.40448     589.86078    -589.06741
      -2.37448     590.57546    -589.62135
      -2.34448     591.30478    -590.25581
      -2.31448     591.96254    -591.05728
      -2.28548     592.77552    -592.09435
      -2.25548     594.03324    -593.44677
      -2.22548     595.52952    -594.90930
      -2.19548     596.80382    -596.03331
      -2.16548     597.76634    -596.78265
      -2.13548     598.74170    -597.59324
      -2.10548     600.22246    -598.88516
      -2.07548     602.36157    -600.74268
      -2.04648     604.67711    -602.82457
      -2.01648     606.80278    -604.84044
      -1.98648     608.95220    -606.97910
      -1.95648     611.15510    -609.34156
      -1.92648     612.95152    -611.46573
      -1.89648     614.13618    -612.94379
      -1.86648     614.99726    -613.91572
      -1.83648     615.82145    -614.71795
      -1.80748     616.67118    -615.53750
      -1.77748     617.54779    -616.40112
      -1.74748     618.53511    -617.28790
      -1.71748     619.71694    -618.25221
      -1.68748     620.99004    -619.39743
      -1.65748     622.14766    -620.68503
      -1.62748     623.16142    -621.91749
      -1.59748     624.12603    -623.00146
      -1.56848     624.99458    -623.99789
      -1.53848     625.60349    -624.88945
      -1.50848     625.89833    -625.53706
      -1.47848     625.99119    -625.87096
      -1.44848     626.03064    -625.98417
      -1.41848     626.14515    -626.02807
      -1.38848     626.47626    -626.13720
      -1.35848     627.12775    -626.44365
      -1.32848     628.08310    -627.02970
      -1.29948     629.20994    -627.87958
      -1.26948     630.34531    -628.89005
      -1.23948     631.33830    -629.92084
      -1.20948     632.04088    -630.88635
      -1.17948     632.43215    -631.70112
      -1.14948     632.67643    -632.25401
      -1.11948     632.95192    -632.58502
      -1.08948     633.33376    -632.87300
      -1.06048     633.83003    -633.24378
      -1.03048     634.41624    -633.72795
      -1.00048     635.01858    -634.31042
      -0.97048     635.54234    -634.92412
      -0.94048     635.96496    -635.46596
      -0.91048     636.37399    -635.89605
      -0.88048     636.83322    -636.29686
      -0.85048     637.29483    -636.74906
      -0.82148     637.76765    -637.19933
      -0.79148     638.36372    -637.61657
      -0.76148     639.09364    -638.12704
      -0.73148     639.85328    -638.80168
      -0.70148     640.60964    -639.53713
      -0.67148     641.46027    -640.25838
      -0.64148     642.51212    -641.04238
      -0.61148     643.73966    -642.02507
      -0.58248     645.00290    -643.25245
      -0.55248     646.13752    -644.61444
      -0.52248     647.04581    -645.88605
      -0.49248     647.78006    -646.85693
      -0.46248     648.42990    -647.53830
      -0.43248     649.01551    -648.11420
      -0.40248     649.59783    -648.65648
      -0.37248     650.24708    -649.13796
      -0.34348     650.87960    -649.63603
      -0.31348     651.37124    -650.24166
      -0.28348     651.76040    -650.86566
      -0.25348     652.22097    -651.37089
      -0.22348     652.87634    -651.79217
      -0.19348     653.62105    -652.28919
      -0.16348     654.23952    -652.94561
      -0.13348     654.70682    -653.63983
      -0.10348     655.17978    -654.18674
      -0.07448     655.78063    -654.57785
      -0.04448     656.52295    -654.94759
      -0.01448     657.37208    -655.41667
       0.01552     658.27126    -656.03649
       0.04552     659.09918    -656.79345
       0.07552     659.74932    -657.65602
       0.10552     660.33015    -658.55699
       0.13552     661.11220    -659.33412
       0.16452     662.18796    -659.88895
       0.19452     663.37143    -660.38941
       0.22452     664.43688    -661.12232
       0.25452     665.24388    -662.16610
       0.28452     665.72626    -663.32895
       0.31452     665.93333    -664.37558
       0.34452     665.99330    -665.17198
       0.37452     666.00462    -665.66691
       0.40352     666.00598    -665.90019
       0.43352     666.00628    -665.98079
       0.46352     666.00873    -666.00127
       0.49352     666.02474    -666.00619
       0.52352     666.08711    -666.01619
       0.55352     666.24811    -666.05709
       0.58352     666.56860    -666.16806
       0.61352     667.12732    -666.38840
       0.64252     667.97451    -666.76885
       0.67252     669.01769    -667.39643
       0.70252     670.09868    -668.33714
       0.73252     671.16263    -669.52808
       0.76252     672.16041    -670.77982
       0.79252     672.97742    -671.88814
       0.82252     673.54062    -672.74892
       0.85252     673.84962    -673.36441
       0.88152     673.97046    -673.75027
       0.91152     674.00088    -673.93378
       0.94152     674.00544    -673.99218
       0.97152     674.00583    -674.00363
       1.00152     674.00585    -674.00492
       1.03152     674.00585    -674.00500
       1.06152     674.00585    -674.00501
       1.09152     674.00585    -674.00501
       1.12152     674.00585    -674.00501
       1.15052     674.00585    -674.00501
       1.18052     674.00585    -674.00501
       1.21052     674.00585    -674.00501
       1.24052     674.00585    -674.00501
       1.27052     674.00585    -674.00501
       1.30052     674.00585    -674.00501
       1.33052     674.00585    -674.00501
       1.36052     674.00585    -674.00501
       1.38952     674.00585    -674.00501
       1.41952     674.00596    -674.00502
       1.44952     674.00723    -674.00526
       1.47952     674.01551    -674.00760
       1.50952     674.04609    -674.02026
       1.53952     674.11636    -674.05996
       1.56952     674.23099    -674.13919
       1.59952     674.38487    -674.25661
       1.62852     674.57073    -674.40810
       1.65852     674.79865    -674.58960
       1.68852     675.13442    -674.81352
       1.71852     675.62860    -675.14774
       1.74852     676.18672    -675.63938
       1.77852     676.69121    -676.18615
       1.80852     677.17449    -676.66778
       1.83852     677.68914    -677.12417
       1.86752     678.21155    -677.61925
       1.89752     678.73591    -678.13345
       1.92752     679.28477    -678.66094
       1.95752     679.89533    -679.22130
       1.98752     680.67873    -679.83873
       2.01752     681.71400    -680.61406
       2.04752     682.87267    -681.63365
       2.07752     683.97621    -682.77693
       2.10652     684.97354    -683.86120
       2.13652     685.84433    -684.83896
       2.16652     686.55064    -685.70258
       2.19652     687.10876    -686.41980
       2.22652     687.64507    -686.98883
       2.25652     688.31837    -687.49884
       2.28652     689.16915    -688.11239
       2.31652     690.13481    -688.92417
       2.34652     691.12900    -689.89401
       2.37552     692.07897    -690.90986
       2.40552     692.96783    -691.87134
       2.43552     693.79291    -692.75662
       2.46552     694.55869    -693.57737
       2.49552     695.31206    -694.34732
       2.52552     696.08799    -695.11459
       2.55552     696.85884    -695.90128
       2.58552     697.56142    -696.66555
       2.61452     698.17497    -697.35738
       2.64452     698.77865    -697.96958
       2.67452     699.50349    -698.55713
       2.70452     700.39146    -699.23073
       2.73452     701.34905    -700.07493
       2.76452     702.26661    -701.04223
       2.79452     703.14547    -701.98473
       2.82452     704.09230    -702.82789
       2.85352     705.19599    -703.67164
       2.88352     706.44086    -704.66404
       2.91352     707.71097    -705.82405
       2.94352     708.83752    -707.04471
       2.97352     709.72325    -708.19561
       3.00352     710.45466    -709.18935
       3.03352     711.15575    -710.03819
       3.06352     711.77871    -710.82413
       3.09252     712.24152    -711.53672
       3.12252     712.66279    -712.07751
       3.15252     713.27514    -712.49221
       3.18252     714.12592    -713.01403
       3.21252     714.96728    -713.79400
       3.24252     715.53586    -714.67585
       3.27252     715.81854    -715.35736
       3.30252     715.94071    -715.73085
       3.33152     715.98867    -715.89996
       3.36152     716.00264    -715.97255
       3.39152     716.00514    -715.99820
       3.42152     716.00547    -716.00417
       3.45152     716.00708    -716.00640
       3.48152     716.02337    -716.02160
       3.51152     716.11816    -716.11168
       3.54152     716.44855    -716.43179
       3.57052     717.17040    -717.14259
       3.60052     718.19118    -718.16053
       3.63052     719.14937    -719.11632
       3.66052     719.79443    -719.70851
       3.69052     720.24559    -719.97684
       3.72052     720.77503    -720.20721
       3.75052     721.53916    -720.72498
       3.78052     722.58324    -721.66793
       3.81052     723.92013    -722.87665
       3.83952     725.66157    -724.27688
       3.86952     727.93349    -726.16262
       3.89952     730.46117    -728.53016
       3.92952     732.73309    -730.72902
       3.95952     734.49708    -732.42818
       3.98952     735.79648    -734.03129
       4.01952     736.90629    -735.82411
       4.04952     738.04957    -737.56032
       4.07852     739.13624    -738.92829
       4.10852     740.10592    -739.97372
       4.13852     741.11236    -740.98270
       4.16852     742.20336    -742.07608
       4.19852     743.24849    -743.13182
       4.22852     744.19219    -744.07118
       4.25852     745.10585    -744.95452
       4.28852     746.13291    -745.84085
       4.31752     747.57407    -746.81413
       4.34752     749.58053    -748.05855
       4.37752     751.71725    -749.77593
       4.40752     753.48423    -751.93088
       4.43752     754.94243    -754.10854
       4.46752     756.39300    -755.98741
       4.49752     757.92993    -757.64594
       4.52752     759.44967    -759.19227
       4.55652     760.91444    -760.65823
       4.58652     762.41312    -762.14526
       4.61652     763.91150    -763.65544
       4.64652     765.26930    -765.02774
       4.67652     766.56765    -766.20179
       4.70652     768.14864    -767.34597
       4.73652     770.22381    -768.73963
       4.76652     772.65215    -770.62762
       4.79552     775.15876    -773.02249
       4.82552     777.56244    -775.60140
       4.85552     779.94372    -778.00299
       4.88552     782.51815    -780.25923
       4.91552     785.17206    -782.66470
       4.94552     787.59472    -785.20851
       4.97552     789.75848    -787.61802
       5.00552     791.83843    -789.82107
       5.03552     793.88881    -791.93614
       5.06452     795.80414    -794.02804
       5.09452     797.57202    -796.02897
       5.12452     799.36544    -797.91128
       5.15452     801.34530    -799.86919
       5.18452     803.58600    -802.12617
       5.21452     806.10950    -804.68536
       5.24452     808.83123    -807.37558
       5.27452     811.56417    -809.98183
       5.30352     814.19896    -812.41181
       5.33352     816.80252    -814.83775
       5.36352     819.51126    -817.52288
       5.39352     822.40539    -820.53891
       5.42352     825.41261    -823.72092
       5.45352     828.37112    -826.85213
       5.48352     831.18264    -829.82155
       5.51352     833.79651    -832.56883
       5.54252     836.24621    -835.08530
       5.57252     838.73475    -837.53873
       5.60252     841.41331    -840.14051
       5.63252     844.15222    -842.86463
       5.66252     846.69110    -845.47253
       5.69252     848.87100    -847.74295
       5.72252     850.71865    -849.64693
       5.75252     852.43828    -851.38120
       5.78152     854.26666    -853.19001
       5.81152     856.31240    -855.18944
       5.84152     858.52696    -857.36530
       5.87152     860.81442    -859.65978
       5.90152     863.22138    -862.09932
       5.93152     865.89292    -864.75980
       5.96152     868.77884    -867.56027
       5.99152     871.62053    -870.29604
       6.02052     874.25905    -872.88019
       6.05052     876.72249    -875.35901
       6.08052     879.09839    -877.78660
       6.11052     881.51103    -880.24092
       6.14052     884.08278    -882.83000
       6.17052     886.80915    -885.58490
       6.20052     889.54552    -888.40523
       6.23052     892.13534    -891.12158
       6.26052     894.53813    -893.62596
       6.28952     896.83022    -895.94822
       6.31952     899.08570    -898.19295
       6.34952     901.30907    -900.43664
       6.37952     903.50346    -902.67853
       6.40952     905.71831    -904.88129
       6.43952     907.98351    -907.05476
       6.46952     910.27829    -909.26080
       6.49952     912.56291    -911.54960
       6.52852     914.78553    -913.90428
       6.55852     916.94661    -916.25299
       6.58852     919.15444    -918.54433
       6.61852     921.48597    -920.78309
       6.64852     923.87082    -923.00690
       6.67852     926.20011    -925.24103
       6.70852     928.43379    -927.46739
       6.73852     930.57021    -929.65147
       6.76752     932.61745    -931.78341
       6.79752     934.61031    -933.86874
       6.82752     936.58943    -935.90373
       6.85752     938.57168    -937.88733
       6.88752     940.56529    -939.84658
       6.91752     942.57936    -941.81643
       6.94752     944.61077    -943.80810
       6.97752     946.65367    -945.83726
       7.00652     948.70211    -947.92618
       7.03652     950.74038    -950.04871
       7.06652     952.77074    -952.16750
       7.09652     954.82873    -954.31439
       7.12652     956.96112    -956.52267
       7.15652     959.20675    -958.75336
       7.18652     961.56054    -960.97359
       7.21652     963.95108    -963.19023
       7.24552     966.29381    -965.38671
       7.27552     968.53899    -967.54226
       7.30552     970.67347    -969.67465
       7.33552     972.71757    -971.78956
       7.36552     974.69863    -973.84024
       7.39552     976.61351    -975.78320
       7.42552     978.43651    -977.64579
       7.45552     980.16809    -979.47567
       7.48552     981.84380    -981.26850
       7.51452     983.50516    -983.01382
       7.54452     985.16787    -984.72837
       7.57452     986.80832    -986.41363
       7.60452     988.41262    -988.04452
       7.63452     989.97075    -989.58966
       7.66452     991.45121    -991.05353
       7.69452     992.87220    -992.50232
       7.72452     994.28797    -993.98217
       7.75352     995.70613    -995.45904
       7.78352     997.09620    -996.87914
       7.81352     998.42099    -998.21424
       7.84352     999.64688    -999.45581
       7.87352    1000.76432   -1000.62031
       7.90352    1001.80482   -1001.72968
       7.93352    1002.81873   -1002.77332
       7.96352    1003.82158   -1003.73718
       7.99252    1004.79082   -1004.64622
       8.02252    1005.71734   -1005.54031
       8.05252    1006.60964   -1006.43053
       8.08252    1007.45863   -1007.29191
       8.11252    1008.25727   -1008.10011
       8.14252    1009.02378   -1008.86319
       8.17252    1009.75326   -1009.61014
       8.20252    1010.41087   -1010.33633
       8.23152    1011.00320   -1010.99125
       8.26152    1011.57596   -1011.56267
       8.29152    1012.14678   -1012.09166
       8.32152    1012.69803   -1012.59241
       8.35152    1013.21088   -1013.05149
       8.38152    1013.67564   -1013.47127
       8.41152    1014.08511   -1013.86745
       8.44152    1014.44201   -1014.25139
       8.47052    1014.76065   -1014.62127
       8.50052    1015.04666   -1014.96517
       8.53052    1015.29082   -1015.26292
       8.56052    1015.48458   -1015.49528
       8.59052    1015.63082   -1015.66095
       8.62052    1015.73935   -1015.77400
       8.65052    1015.81857   -1015.85497
       8.68052    1015.87604   -1015.91961
       8.71052    1015.91978   -1015.96684
       8.73952    1015.95419   -1015.99186
       8.76952    1015.97939   -1016.00053
       8.79952    1015.99483   -1016.00241
       8.82952    1016.00185   -1016.00266
       8.85952    1016.00392   -1016.00267
       8.88952    1016.00428   -1016.00267
       8.91952    1016.00431   -1016.00267
       8.94952    1016.00432   -1016.00267
       8.97852    1016.00432   -1016.00267
       9.00852    1016.00432   -1016.00267
       9.03852    1016.00432   -1016.00267
       9.06852    1016.00432   -1016.00267
       9.09852    1016.00432   -1016.00267
       9.12852    1016.00432   -1016.00267
       9.15852    1016.00432   -1016.00267
       9.18852    1016.00432   -1016.00267
       9.21752    1016.00432   -1016.00267
       9.24752    1016.00432   -1016.00267
       9.27752    1016.00432   -1016.00267
       9.30752    1016.00432   -1016.00267
       9.33752    1016.00432   -1016.00267
       9.36752    1016.00432   -1016.00267
       9.39752    1016.00432   -1016.00267
       9.42752    1016.00432   -1016.00267
       9.45652    1016.00432   -1016.00267
       9.48652    1016.00432   -1016.00267
       9.51652    1016.00432   -1016.00267
       9.54652    1016.00432   -1016.00267
       9.57652    1016.00432   -1016.00267
       9.60652    1016.00432   -1016.00267
       9.63652    1016.00432   -1016.00267
       9.66652    1016.00432   -1016.00267
       9.69552    1016.00432   -1016.00267
       9.72552    1016.00432   -1016.00267
       9.75552    1016.00432   -1016.00267
       9.78552    1016.00432   -1016.00267
       9.81552    1016.00432   -1016.00267
       9.84552    1016.00432   -1016.00267
       9.87552    1016.00432   -1016.00267
       9.90552    1016.00432   -1016.00267
       9.93552    1016.00432   -1016.00267
       9.96452    1016.00432   -1016.00267
       9.99452    1016.00432   -1016.00267
      10.02452    1016.00432   -1016.00267
      10.05452    1016.00432   -1016.00267
      10.08452    1016.00432   -1016.00267
      10.11452    1016.00432   -1016.00267
