      #Energy        TDOS-UP        TDOS-DOWN
     -22.91508       0.00000       0.00000
     -22.88208       0.00000       0.00000
     -22.84908       0.00000       0.00000
     -22.81608       0.00000       0.00000
     -22.78308       0.00000       0.00000
     -22.75008       0.00000       0.00000
     -22.71708       0.00000       0.00000
     -22.68408       0.00000       0.00000
     -22.65108       0.00000       0.00000
     -22.61808       0.00000       0.00000
     -22.58508       0.00000       0.00000
     -22.55208       0.00000       0.00000
     -22.51908       0.00000       0.00000
     -22.48608       0.00000       0.00000
     -22.45308       0.00000       0.00000
     -22.42008       0.00000       0.00000
     -22.38708       0.00000       0.00000
     -22.35408       0.00000       0.00000
     -22.32208       0.00000       0.00000
     -22.28908       0.00000       0.00000
     -22.25608       0.00000       0.00000
     -22.22308       0.00000       0.00000
     -22.19008       0.00000       0.00000
     -22.15708       0.00000       0.00000
     -22.12408       0.00000       0.00000
     -22.09108       0.00000       0.00000
     -22.05808       0.00000       0.00000
     -22.02508       0.00000       0.00000
     -21.99208       0.00000       0.00000
     -21.95908       0.00000       0.00000
     -21.92608       0.00000       0.00000
     -21.89308       0.00000       0.00000
     -21.86008       0.00000       0.00000
     -21.82708       0.00000       0.00000
     -21.79408       0.00000       0.00000
     -21.76108       0.00000       0.00000
     -21.72808       0.00000       0.00000
     -21.69508       0.00000      -0.00000
     -21.66208       0.00000      -0.00000
     -21.62908       0.00000      -0.00000
     -21.59608       0.00001      -0.00000
     -21.56308       0.00116      -0.00046
     -21.53008       0.04326      -0.02079
     -21.49708       0.70020      -0.40470
     -21.46408       4.96900      -3.44800
     -21.43108      15.58000     -12.96000
     -21.39808      21.70000     -21.62000
     -21.36508      13.45000     -16.05000
     -21.33208       3.70000      -5.29200
     -21.29908       0.44910      -0.77110
     -21.26608       0.02387      -0.04929
     -21.23308       0.00055      -0.00137
     -21.20008       0.00001      -0.00002
     -21.16708       0.00000      -0.00000
     -21.13408       0.00000      -0.00000
     -21.10108       0.00000      -0.00000
     -21.06808       0.00000       0.00000
     -21.03508       0.00000       0.00000
     -21.00208       0.00000       0.00000
     -20.96908       0.00000       0.00000
     -20.93608       0.00000       0.00000
     -20.90308       0.00000       0.00000
     -20.87008       0.00000       0.00000
     -20.83708       0.00000       0.00000
     -20.80408       0.00000       0.00000
     -20.77108       0.00000       0.00000
     -20.73808       0.00000       0.00000
     -20.70508       0.00000       0.00000
     -20.67208       0.00000       0.00000
     -20.63908       0.00000       0.00000
     -20.60608       0.00000       0.00000
     -20.57308       0.00000       0.00000
     -20.54008       0.00000       0.00000
     -20.50708       0.00000       0.00000
     -20.47408       0.00000       0.00000
     -20.44108       0.00000       0.00000
     -20.40808       0.00000       0.00000
     -20.37508       0.00000       0.00000
     -20.34208       0.00000       0.00000
     -20.30908       0.00000       0.00000
     -20.27608       0.00000       0.00000
     -20.24308       0.00000       0.00000
     -20.21008       0.00000       0.00000
     -20.17708       0.00000       0.00000
     -20.14408       0.00000       0.00000
     -20.11108       0.00000       0.00000
     -20.07808       0.00000       0.00000
     -20.04508       0.00000       0.00000
     -20.01208       0.00000       0.00000
     -19.97908       0.00000       0.00000
     -19.94608       0.00000       0.00000
     -19.91308       0.00000       0.00000
     -19.88008       0.00000       0.00000
     -19.84708       0.00000       0.00000
     -19.81408       0.00000       0.00000
     -19.78108       0.00000       0.00000
     -19.74808       0.00000       0.00000
     -19.71508       0.00000       0.00000
     -19.68208       0.00000       0.00000
     -19.64908       0.00000       0.00000
     -19.61608       0.00000       0.00000
     -19.58308       0.00000       0.00000
     -19.55008       0.00000       0.00000
     -19.51708       0.00000       0.00000
     -19.48408       0.00000       0.00000
     -19.45108       0.00000       0.00000
     -19.41808       0.00000       0.00000
     -19.38508       0.00000       0.00000
     -19.35208       0.00000       0.00000
     -19.31908       0.00000       0.00000
     -19.28608       0.00000       0.00000
     -19.25308       0.00000       0.00000
     -19.22008       0.00000       0.00000
     -19.18708       0.00000       0.00000
     -19.15408       0.00000       0.00000
     -19.12108       0.00000       0.00000
     -19.08808       0.00000       0.00000
     -19.05508       0.00000       0.00000
     -19.02208       0.00000       0.00000
     -18.98908       0.00000       0.00000
     -18.95608       0.00000       0.00000
     -18.92308       0.00000       0.00000
     -18.89008       0.00000       0.00000
     -18.85708       0.00000       0.00000
     -18.82408       0.00000       0.00000
     -18.79108       0.00000       0.00000
     -18.75808       0.00000       0.00000
     -18.72508       0.00000      -0.00000
     -18.69208       0.00000      -0.00000
     -18.65908       0.00000      -0.00000
     -18.62608       0.00000      -0.00000
     -18.59308       0.00038      -0.00004
     -18.56008       0.01686      -0.00282
     -18.52708       0.33880      -0.08341
     -18.49408       3.17000      -1.14100
     -18.46108      14.53000      -7.49900
     -18.42808      36.43000     -25.50000
     -18.39508      60.19000     -51.48000
     -18.36208      74.91000     -72.40000
     -18.32908      68.56000     -74.41000
     -18.29608      48.96000     -56.15000
     -18.26308      36.53000     -39.52000
     -18.23008      33.14000     -34.40000
     -18.19708      35.00000     -35.35000
     -18.16508      34.49000     -36.21000
     -18.13208      31.09000     -32.26000
     -18.09908      30.11000     -29.47000
     -18.06608      26.11000     -27.05000
     -18.03308      21.86000     -22.20000
     -18.00008      23.16000     -21.74000
     -17.96708      20.88000     -22.64000
     -17.93408      20.41000     -19.98000
     -17.90108      32.47000     -27.15000
     -17.86808      36.57000     -37.62000
     -17.83508      23.71000     -30.47000
     -17.80208      10.65000     -15.52000
     -17.76908       3.45500      -5.69400
     -17.73608       0.79820      -1.35500
     -17.70308       2.03700      -0.68040
     -17.67008      12.96000      -5.17300
     -17.63708      41.94000     -24.57000
     -17.60408      72.37000     -58.89000
     -17.57108      75.27000     -77.64000
     -17.53808      55.47000     -65.44000
     -17.50508      31.73000     -43.09000
     -17.47208      17.93000     -24.85000
     -17.43908      23.83000     -20.49000
     -17.40608      37.47000     -31.94000
     -17.37308      36.54000     -39.13000
     -17.34008      22.61000     -29.41000
     -17.30708      13.44000     -16.73000
     -17.27408      13.94000     -13.02000
     -17.24108      21.38000     -18.08000
     -17.20808      26.58000     -25.69000
     -17.17508      22.17000     -25.09000
     -17.14208      14.43000     -16.94000
     -17.10908      12.10000     -10.54000
     -17.07608      14.84000     -11.73000
     -17.04308      14.76000     -15.11000
     -17.01008      11.61000     -13.87000
     -16.97708       7.29600     -10.34000
     -16.94408       2.81900      -5.75700
     -16.91108       0.55270      -1.82600
     -16.87808       0.05078      -0.28430
     -16.84508       0.00211      -0.02047
     -16.81208       0.00008      -0.00067
     -16.77908       0.00215      -0.00073
     -16.74608       0.05388      -0.02258
     -16.71308       0.63430      -0.32480
     -16.68008       3.70900      -2.27000
     -16.64708      11.47000      -8.31000
     -16.61408      19.56000     -16.99000
     -16.58108      19.94000     -20.30000
     -16.54808      18.51000     -18.14000
     -16.51508      21.68000     -20.45000
     -16.48208      20.44000     -21.82000
     -16.44908      18.12000     -18.23000
     -16.41608      20.21000     -19.29000
     -16.38308      18.68000     -19.97000
     -16.35008      17.53000     -17.65000
     -16.31708      21.72000     -20.08000
     -16.28408      26.22000     -24.60000
     -16.25108      29.03000     -28.19000
     -16.21808      24.46000     -27.20000
     -16.18508      14.81000     -17.90000
     -16.15208      11.67000     -11.60000
     -16.11908      13.37000     -12.37000
     -16.08608      16.53000     -15.05000
     -16.05308      20.85000     -19.21000
     -16.02008      23.94000     -23.25000
     -15.98708      25.71000     -25.45000
     -15.95408      28.48000     -27.61000
     -15.92108      31.65000     -30.27000
     -15.88808      37.01000     -33.33000
     -15.85508      42.39000     -40.16000
     -15.82208      35.10000     -39.26000
     -15.78908      25.67000     -27.88000
     -15.75608      27.19000     -24.98000
     -15.72308      29.27000     -29.04000
     -15.69008      27.56000     -29.32000
     -15.65708      22.47000     -25.41000
     -15.62408      22.19000     -21.65000
     -15.59108      29.36000     -26.49000
     -15.55808      31.97000     -31.74000
     -15.52508      30.56000     -31.11000
     -15.49208      28.58000     -28.96000
     -15.45908      27.80000     -25.48000
     -15.42608      32.69000     -26.55000
     -15.39308      37.08000     -33.71000
     -15.36008      33.85000     -36.74000
     -15.32708      23.75000     -31.22000
     -15.29408      15.92000     -20.98000
     -15.26108      17.68000     -16.00000
     -15.22808      22.99000     -19.67000
     -15.19508      21.39000     -23.30000
     -15.16208      14.23000     -18.99000
     -15.12908      13.03000     -13.19000
     -15.09608      25.79000     -17.61000
     -15.06308      46.92000     -34.92000
     -15.03008      57.76000     -52.75000
     -14.99708      52.91000     -56.85000
     -14.96408      43.97000     -50.08000
     -14.93108      41.00000     -43.36000
     -14.89808      42.61000     -42.12000
     -14.86508      44.36000     -43.15000
     -14.83208      46.50000     -45.33000
     -14.79908      45.14000     -45.93000
     -14.76608      40.25000     -41.56000
     -14.73308      40.27000     -38.66000
     -14.70008      45.89000     -42.81000
     -14.66708      48.32000     -48.66000
     -14.63408      38.73000     -45.69000
     -14.60108      21.83000     -30.67000
     -14.56808      11.24000     -14.99000
     -14.53508      10.93000      -9.68500
     -14.50208      14.90000     -12.88000
     -14.46908      20.11000     -18.34000
     -14.43608      27.21000     -24.87000
     -14.40308      36.07000     -33.36000
     -14.37008      40.29000     -39.80000
     -14.33708      39.29000     -39.37000
     -14.30408      44.54000     -41.80000
     -14.27108      51.92000     -50.42000
     -14.23808      47.55000     -50.98000
     -14.20508      32.48000     -38.28000
     -14.17208      19.70000     -22.62000
     -14.13908      20.31000     -17.23000
     -14.10608      30.14000     -24.79000
     -14.07308      35.80000     -34.15000
     -14.04008      34.08000     -36.67000
     -14.00808      27.98000     -32.42000
     -13.97508      21.65000     -24.57000
     -13.94208      21.49000     -20.99000
     -13.90908      28.70000     -24.85000
     -13.87608      41.89000     -36.04000
     -13.84308      48.09000     -47.19000
     -13.81008      36.39000     -42.49000
     -13.77708      18.98000     -25.49000
     -13.74408       9.18900     -12.27000
     -13.71108       6.51800      -7.29700
     -13.67808       5.11800      -5.79800
     -13.64508       3.18100      -3.88700
     -13.61208       2.30600      -2.39200
     -13.57908       2.99500      -2.34000
     -13.54608       6.23800      -3.87100
     -13.51308      14.30000      -9.01700
     -13.48008      21.12000     -18.01000
     -13.44708      16.16000     -20.43000
     -13.41408       6.19600     -11.82000
     -13.38108       1.19900      -3.48100
     -13.34808       0.11710      -0.52530
     -13.31508       0.03353      -0.04539
     -13.28208       0.46790      -0.13630
     -13.24908       3.55600      -1.46600
     -13.21608      12.60000      -7.39700
     -13.18308      22.51000     -17.89000
     -13.15008      26.39000     -23.63000
     -13.11708      29.64000     -25.50000
     -13.08408      29.43000     -29.31000
     -13.05108      23.10000     -27.51000
     -13.01808      19.18000     -22.05000
     -12.98508      24.00000     -21.93000
     -12.95208      32.77000     -28.94000
     -12.91908      33.27000     -33.99000
     -12.88608      23.28000     -28.58000
     -12.85308      14.83000     -18.20000
     -12.82008      19.88000     -17.33000
     -12.78708      35.08000     -30.53000
     -12.75408      46.43000     -43.08000
     -12.72108      46.05000     -45.02000
     -12.68808      33.25000     -38.69000
     -12.65508      18.47000     -25.22000
     -12.62208      13.17000     -15.27000
     -12.58908      16.25000     -14.24000
     -12.55608      24.75000     -19.83000
     -12.52308      32.17000     -27.36000
     -12.49008      32.37000     -29.76000
     -12.45708      28.91000     -28.61000
     -12.42408      28.72000     -27.84000
     -12.39108      35.33000     -30.83000
     -12.35808      41.52000     -38.53000
     -12.32508      38.25000     -41.67000
     -12.29208      29.79000     -35.12000
     -12.25908      25.06000     -27.20000
     -12.22608      21.13000     -23.59000
     -12.19308      19.47000     -21.03000
     -12.16008      28.67000     -24.14000
     -12.12708      40.12000     -36.18000
     -12.09408      36.72000     -41.37000
     -12.06108      24.84000     -31.00000
     -12.02808      21.08000     -20.37000
     -11.99508      27.59000     -22.37000
     -11.96208      32.70000     -32.29000
     -11.92908      30.14000     -35.48000
     -11.89608      28.41000     -30.91000
     -11.86308      35.26000     -31.95000
     -11.83008      44.63000     -39.97000
     -11.79708      42.79000     -43.94000
     -11.76408      28.92000     -35.85000
     -11.73108      16.38000     -21.76000
     -11.69808      11.23000     -12.65000
     -11.66508      11.74000     -10.95000
     -11.63208      13.06000     -12.89000
     -11.59908      10.03000     -11.47000
     -11.56608       5.91000      -7.02400
     -11.53308       5.00100      -5.03800
     -11.50008       6.26300      -5.95100
     -11.46708       6.97600      -6.88300
     -11.43408       8.55400      -7.87000
     -11.40108      15.71000     -13.50000
     -11.36808      26.81000     -23.95000
     -11.33508      34.58000     -32.62000
     -11.30208      35.07000     -35.10000
     -11.26908      29.00000     -30.90000
     -11.23608      21.32000     -23.29000
     -11.20308      16.90000     -17.52000
     -11.17008      18.27000     -16.39000
     -11.13708      28.01000     -23.05000
     -11.10408      39.53000     -35.81000
     -11.07108      41.07000     -41.46000
     -11.03808      36.99000     -38.30000
     -11.00508      33.41000     -35.12000
     -10.97208      30.70000     -32.02000
     -10.93908      31.14000     -30.45000
     -10.90608      31.64000     -30.86000
     -10.87308      30.17000     -30.07000
     -10.84008      28.20000     -28.87000
     -10.80708      27.07000     -26.12000
     -10.77408      33.22000     -26.60000
     -10.74108      43.82000     -34.25000
     -10.70808      48.68000     -44.47000
     -10.67508      42.82000     -49.27000
     -10.64208      33.75000     -43.32000
     -10.60908      29.41000     -34.01000
     -10.57608      32.80000     -31.16000
     -10.54308      43.04000     -38.88000
     -10.51008      44.75000     -45.96000
     -10.47708      32.34000     -38.19000
     -10.44408      18.76000     -23.03000
     -10.41108      15.85000     -15.08000
     -10.37808      24.53000     -20.41000
     -10.34508      31.69000     -30.77000
     -10.31208      27.26000     -30.96000
     -10.27908      17.89000     -21.64000
     -10.24608      14.62000     -15.28000
     -10.21308      20.87000     -18.88000
     -10.18008      27.07000     -26.38000
     -10.14708      23.80000     -25.25000
     -10.11408      20.01000     -20.39000
     -10.08108      21.41000     -20.86000
     -10.04808      23.87000     -23.40000
     -10.01508      24.50000     -24.39000
      -9.98208      23.02000     -22.81000
      -9.94908      23.22000     -22.20000
      -9.91608      24.76000     -24.26000
      -9.88308      29.53000     -27.68000
      -9.85108      40.71000     -37.03000
      -9.81808      44.92000     -44.34000
      -9.78508      38.28000     -39.71000
      -9.75208      34.13000     -33.97000
      -9.71908      31.16000     -32.77000
      -9.68608      27.07000     -29.00000
      -9.65308      31.47000     -29.86000
      -9.62008      42.68000     -39.42000
      -9.58708      51.77000     -49.24000
      -9.55408      51.18000     -51.54000
      -9.52108      41.32000     -44.00000
      -9.48808      34.88000     -35.86000
      -9.45508      32.18000     -33.31000
      -9.42208      24.98000     -27.62000
      -9.38908      21.84000     -21.58000
      -9.35608      29.41000     -25.39000
      -9.32308      38.16000     -34.97000
      -9.29008      38.18000     -39.02000
      -9.25708      34.98000     -36.92000
      -9.22408      36.07000     -36.18000
      -9.19108      40.90000     -39.31000
      -9.15808      46.24000     -45.04000
      -9.12508      42.49000     -45.38000
      -9.09208      27.56000     -33.49000
      -9.05908      13.19000     -17.39000
      -9.02608       9.96900      -9.64500
      -8.99308      16.85000     -13.82000
      -8.96008      22.29000     -21.32000
      -8.92708      20.33000     -21.68000
      -8.89408      19.55000     -19.47000
      -8.86108      22.65000     -21.79000
      -8.82808      25.07000     -24.77000
      -8.79508      25.90000     -26.21000
      -8.76208      25.44000     -26.03000
      -8.72908      25.89000     -25.78000
      -8.69608      27.21000     -26.65000
      -8.66308      27.17000     -27.32000
      -8.63008      28.14000     -27.84000
      -8.59708      35.45000     -33.72000
      -8.56408      40.71000     -40.20000
      -8.53108      39.70000     -40.01000
      -8.49808      42.04000     -41.12000
      -8.46508      45.49000     -45.33000
      -8.43208      41.08000     -42.65000
      -8.39908      34.77000     -36.00000
      -8.36608      30.16000     -31.44000
      -8.33308      25.05000     -26.12000
      -8.30008      25.83000     -24.98000
      -8.26708      32.84000     -31.21000
      -8.23408      39.14000     -38.08000
      -8.20108      42.77000     -41.77000
      -8.16808      48.50000     -46.52000
      -8.13508      55.80000     -54.25000
      -8.10208      56.17000     -56.37000
      -8.06908      49.97000     -50.62000
      -8.03608      46.48000     -45.74000
      -8.00308      50.57000     -47.14000
      -7.97008      64.96000     -58.40000
      -7.93708      79.39000     -76.49000
      -7.90408      76.46000     -80.67000
      -7.87108      63.97000     -68.76000
      -7.83808      56.63000     -59.35000
      -7.80508      48.71000     -52.36000
      -7.77208      35.13000     -39.11000
      -7.73908      24.03000     -26.03000
      -7.70608      22.92000     -22.15000
      -7.67308      31.38000     -28.98000
      -7.64008      40.19000     -38.68000
      -7.60708      42.96000     -42.92000
      -7.57408      41.67000     -42.39000
      -7.54108      42.48000     -41.98000
      -7.50808      51.95000     -47.43000
      -7.47508      63.17000     -54.87000
      -7.44208      66.96000     -63.53000
      -7.40908      60.47000     -68.44000
      -7.37608      43.83000     -53.01000
      -7.34308      30.87000     -33.15000
      -7.31008      32.53000     -31.03000
      -7.27708      38.45000     -37.26000
      -7.24408      39.58000     -40.06000
      -7.21108      33.80000     -35.52000
      -7.17808      30.18000     -30.66000
      -7.14508      30.53000     -30.46000
      -7.11208      30.16000     -30.17000
      -7.07908      33.38000     -31.94000
      -7.04608      50.27000     -45.45000
      -7.01308      75.25000     -70.81000
      -6.98008      75.56000     -78.27000
      -6.94708      44.46000     -51.85000
      -6.91408      16.70000     -21.28000
      -6.88108       9.10900      -9.87800
      -6.84808      10.24000      -9.90500
      -6.81508      13.80000     -12.48000
      -6.78208      23.45000     -20.54000
      -6.74908      35.20000     -32.53000
      -6.71608      40.11000     -39.17000
      -6.68308      40.67000     -39.90000
      -6.65008      42.01000     -41.13000
      -6.61708      41.33000     -41.45000
      -6.58408      42.79000     -42.92000
      -6.55108      49.63000     -49.54000
      -6.51808      55.11000     -55.20000
      -6.48508      62.17000     -60.34000
      -6.45208      78.51000     -72.46000
      -6.41908      90.91000     -79.02000
      -6.38608      95.51000     -78.25000
      -6.35308      97.40000     -82.53000
      -6.32008     100.30000     -90.98000
      -6.28708      99.50000     -99.05000
      -6.25408      87.65000    -101.50000
      -6.22108      70.75000     -88.23000
      -6.18808      59.12000     -65.17000
      -6.15508      52.98000     -53.82000
      -6.12208      51.32000     -53.79000
      -6.08908      64.75000     -61.13000
      -6.05608      77.75000     -75.59000
      -6.02308      68.51000     -75.27000
      -5.99008      57.76000     -62.58000
      -5.95708      62.21000     -61.60000
      -5.92408      76.10000     -73.15000
      -5.89108      95.87000     -91.22000
      -5.85808     111.90000    -110.00000
      -5.82508     111.80000    -114.50000
      -5.79208      99.46000    -100.10000
      -5.75908      90.52000     -81.06000
      -5.72608      89.86000     -79.18000
      -5.69408      82.21000     -88.27000
      -5.66108      67.00000     -83.24000
      -5.62808      60.31000     -69.06000
      -5.59508      64.85000     -66.90000
      -5.56208      71.04000     -73.54000
      -5.52908      76.95000     -79.14000
      -5.49608      80.93000     -81.28000
      -5.46308      79.38000     -75.84000
      -5.43008      78.85000     -63.32000
      -5.39708      80.46000     -56.19000
      -5.36408      78.16000     -66.95000
      -5.33108      84.14000     -82.26000
      -5.29808      98.89000     -97.96000
      -5.26508      97.21000    -110.80000
      -5.23208      71.77000     -88.36000
      -5.19908      51.64000     -55.96000
      -5.16608      64.20000     -59.69000
      -5.13308     105.50000     -91.62000
      -5.10008     141.60000    -127.00000
      -5.06708     128.50000    -137.50000
      -5.03408      79.18000    -105.70000
      -5.00108      47.88000     -65.56000
      -4.96808      40.07000     -44.59000
      -4.93508      36.13000     -35.29000
      -4.90208      36.01000     -34.08000
      -4.86908      45.27000     -41.65000
      -4.83608      57.25000     -50.01000
      -4.80308      60.92000     -55.35000
      -4.77008      55.91000     -58.90000
      -4.73708      52.76000     -59.84000
      -4.70408      48.02000     -54.88000
      -4.67108      42.34000     -43.66000
      -4.63808      46.44000     -39.19000
      -4.60508      50.60000     -44.36000
      -4.57208      43.59000     -47.49000
      -4.53908      34.50000     -41.02000
      -4.50608      33.14000     -35.17000
      -4.47308      32.09000     -33.71000
      -4.44008      30.08000     -31.44000
      -4.40708      37.64000     -34.83000
      -4.37408      54.10000     -47.30000
      -4.34108      65.32000     -60.05000
      -4.30808      59.38000     -61.57000
      -4.27508      49.60000     -51.40000
      -4.24208      48.62000     -44.38000
      -4.20908      43.52000     -43.28000
      -4.17608      35.72000     -38.86000
      -4.14308      43.52000     -40.86000
      -4.11008      58.06000     -57.15000
      -4.07708      59.57000     -63.44000
      -4.04408      56.19000     -54.89000
      -4.01108      56.01000     -51.82000
      -3.97808      58.03000     -56.44000
      -3.94508      61.93000     -59.05000
      -3.91208      70.00000     -59.96000
      -3.87908      83.10000     -73.47000
      -3.84608      89.61000     -91.92000
      -3.81308      90.77000     -99.22000
      -3.78008      98.90000    -103.10000
      -3.74708     107.60000    -106.10000
      -3.71408     104.00000    -104.50000
      -3.68108      93.90000    -100.50000
      -3.64808      92.74000     -96.40000
      -3.61508     106.10000     -99.69000
      -3.58208     115.40000    -108.80000
      -3.54908     117.00000    -115.30000
      -3.51608     122.80000    -119.30000
      -3.48308     108.80000    -110.80000
      -3.45008      64.15000     -75.38000
      -3.41708      33.11000     -38.12000
      -3.38408      31.27000     -24.28000
      -3.35108      36.62000     -27.65000
      -3.31808      36.33000     -34.12000
      -3.28508      28.68000     -37.64000
      -3.25208      21.00000     -32.93000
      -3.21908      21.91000     -23.17000
      -3.18608      29.01000     -20.50000
      -3.15308      34.98000     -26.56000
      -3.12008      42.26000     -32.93000
      -3.08708      53.27000     -38.62000
      -3.05408      62.26000     -46.82000
      -3.02108      58.07000     -57.16000
      -2.98808      40.66000     -60.22000
      -2.95508      24.83000     -47.20000
      -2.92208      17.43000     -30.00000
      -2.88908      20.08000     -20.14000
      -2.85608      30.07000     -19.29000
      -2.82308      36.96000     -27.59000
      -2.79008      36.69000     -36.31000
      -2.75708      32.20000     -37.07000
      -2.72408      28.38000     -32.47000
      -2.69108      29.33000     -27.67000
      -2.65808      34.27000     -26.81000
      -2.62508      36.82000     -29.88000
      -2.59208      35.00000     -35.69000
      -2.55908      34.10000     -39.33000
      -2.52608      35.46000     -38.75000
      -2.49308      34.99000     -37.66000
      -2.46008      30.49000     -34.76000
      -2.42708      24.75000     -29.89000
      -2.39408      20.96000     -26.05000
      -2.36108      19.81000     -22.00000
      -2.32808      19.70000     -19.09000
      -2.29508      19.73000     -19.45000
      -2.26208      19.84000     -21.45000
      -2.22908      20.70000     -22.83000
      -2.19608      24.29000     -22.87000
      -2.16308      28.78000     -25.03000
      -2.13008      28.57000     -28.98000
      -2.09708      25.03000     -28.41000
      -2.06408      25.39000     -24.69000
      -2.03108      28.14000     -25.39000
      -1.99808      28.25000     -28.53000
      -1.96508      25.40000     -29.02000
      -1.93208      18.41000     -25.64000
      -1.89908      16.04000     -18.12000
      -1.86608      24.08000     -16.07000
      -1.83308      31.01000     -24.02000
      -1.80008      29.13000     -30.20000
      -1.76708      20.40000     -28.28000
      -1.73408      13.09000     -20.19000
      -1.70108      13.58000     -12.97000
      -1.66808      17.05000     -13.48000
      -1.63508      20.43000     -17.80000
      -1.60208      22.41000     -21.48000
      -1.56908      19.16000     -22.56000
      -1.53708      11.64000     -18.91000
      -1.50408       6.14400     -11.48000
      -1.47108       6.96000      -5.51400
      -1.43808      14.01000      -5.55800
      -1.40508      23.19000     -11.12000
      -1.37208      26.36000     -19.90000
      -1.33908      22.49000     -27.32000
      -1.30608      19.97000     -27.38000
      -1.27308      22.41000     -22.95000
      -1.24008      25.56000     -23.19000
      -1.20708      28.36000     -26.04000
      -1.17408      26.75000     -27.97000
      -1.14108      19.61000     -25.26000
      -1.10808      14.93000     -17.24000
      -1.07508      13.73000     -12.26000
      -1.04208      14.63000     -13.54000
      -1.00908      19.26000     -15.70000
      -0.97608      23.58000     -17.59000
      -0.94308      23.69000     -20.78000
      -0.91008      27.71000     -23.11000
      -0.87708      37.39000     -25.28000
      -0.84408      37.56000     -29.69000
      -0.81108      27.79000     -33.44000
      -0.77808      19.18000     -33.83000
      -0.74508      17.37000     -30.88000
      -0.71208      23.98000     -27.87000
      -0.67908      35.70000     -31.65000
      -0.64608      44.47000     -40.24000
      -0.61308      42.81000     -41.74000
      -0.58008      33.67000     -34.23000
      -0.54708      28.27000     -24.17000
      -0.51408      25.42000     -19.42000
      -0.48108      18.31000     -21.92000
      -0.44808      12.34000     -22.01000
      -0.41508      12.65000     -15.45000
      -0.38208      17.86000     -10.36000
      -0.34908      22.83000     -11.56000
      -0.31608      19.05000     -17.44000
      -0.28308      10.58000     -23.08000
      -0.25008       7.73900     -20.05000
      -0.21708      10.04000     -11.61000
      -0.18408      14.47000      -8.36100
      -0.15108      18.39000     -10.38000
      -0.11808      21.05000     -13.56000
      -0.08508      24.52000     -13.64000
      -0.05208      25.16000     -10.10000
      -0.01908      21.89000     -10.14000
       0.01392      24.73000     -17.48000
       0.04692      33.83000     -25.82000
       0.07992      36.26000     -28.54000
       0.11292      33.49000     -29.84000
       0.14592      33.68000     -33.13000
       0.17892      27.23000     -34.05000
       0.21192      12.75000     -33.37000
       0.24492       3.17600     -32.03000
       0.27792       1.63700     -25.79000
       0.31092       7.64400     -15.51000
       0.34392      21.87000      -8.93600
       0.37692      32.11000     -15.08000
       0.40992      26.91000     -27.90000
       0.44292      15.75000     -30.22000
       0.47592       8.91200     -21.15000
       0.50892       4.78300     -12.10000
       0.54192       1.61600      -7.20800
       0.57492       0.27300      -3.57200
       0.60792       0.02137      -1.00600
       0.64092       0.00075      -0.13690
       0.67392       0.00001      -0.00852
       0.70692       0.00000      -0.00024
       0.73992       0.00000      -0.00000
       0.77292       0.00000      -0.00000
       0.80592       0.00000      -0.00000
       0.83892       0.00000      -0.00000
       0.87192       0.00000      -0.00000
       0.90492       0.00000      -0.00000
       0.93792       0.00000      -0.00000
       0.97092       0.00026      -0.00000
       1.00392       0.01199      -0.00015
       1.03692       0.24900      -0.00766
       1.06992       2.32700      -0.17130
       1.10292       9.92200      -1.74100
       1.13592      19.63000      -8.17100
       1.16892      18.32000     -18.05000
       1.20192       8.19500     -19.23000
       1.23492       1.77200     -10.15000
       1.26792       0.18490      -2.70500
       1.30092       0.00918      -0.36270
       1.33392       0.00062      -0.02388
       1.36692       0.01170      -0.00279
       1.39992       0.15220      -0.04055
       1.43292       0.93830      -0.36660
       1.46592       2.99000      -1.59900
       1.49892       5.69600      -3.78800
       1.53192       7.79500      -5.97800
       1.56492       9.89900      -7.61800
       1.59792      14.54000      -9.53400
       1.63092      21.09000     -13.95000
       1.66392      25.22000     -20.45000
       1.69692      22.15000     -25.28000
       1.72992      16.47000     -22.60000
       1.76292      19.86000     -17.10000
       1.79592      28.80000     -21.05000
       1.82892      32.40000     -29.78000
       1.86192      29.19000     -32.00000
       1.89492      26.02000     -28.34000
       1.92792      27.84000     -26.18000
       1.96092      34.66000     -28.44000
       1.99392      42.75000     -34.50000
       2.02692      43.27000     -41.18000
       2.05992      34.99000     -41.90000
       2.09292      28.46000     -35.30000
       2.12592      25.55000     -28.27000
       2.15892      19.49000     -24.41000
       2.19192      12.94000     -19.27000
       2.22492      12.80000     -13.14000
       2.25792      23.70000     -11.35000
       2.29092      36.87000     -19.37000
       2.32392      33.88000     -33.94000
       2.35692      20.04000     -36.15000
       2.38992      14.32000     -23.74000
       2.42292      20.25000     -16.20000
       2.45592      28.30000     -19.80000
       2.48892      34.01000     -25.52000
       2.52192      33.60000     -30.45000
       2.55492      25.87000     -33.61000
       2.58792      22.50000     -27.92000
       2.62092      26.55000     -20.19000
       2.65292      29.56000     -21.48000
       2.68592      32.17000     -29.96000
       2.71892      38.22000     -37.15000
       2.75192      39.55000     -41.04000
       2.78492      33.55000     -39.55000
       2.81792      25.32000     -32.92000
       2.85092      16.92000     -25.94000
       2.88392      11.47000     -18.85000
       2.91692      11.96000     -12.98000
       2.94992      14.45000     -12.17000
       2.98292      16.85000     -14.24000
       3.01592      20.59000     -16.59000
       3.04892      22.52000     -20.92000
       3.08192      25.06000     -23.74000
       3.11492      29.36000     -25.25000
       3.14792      27.20000     -27.76000
       3.18092      18.55000     -26.15000
       3.21392      12.65000     -19.39000
       3.24692      13.38000     -14.94000
       3.27992      19.88000     -19.65000
       3.31292      28.10000     -29.47000
       3.34592      28.22000     -31.60000
       3.37892      24.91000     -28.97000
       3.41192      34.62000     -37.08000
       3.44492      50.02000     -50.91000
       3.47792      48.50000     -49.23000
       3.51092      27.27000     -28.01000
       3.54392       8.15300      -8.49900
       3.57692       1.23200      -1.29600
       3.60992       0.23570      -0.09784
       3.64292       1.36300      -0.07915
       3.67592       7.27100      -1.08300
       3.70892      26.23000      -7.81200
       3.74192      63.99000     -30.51000
       3.77492      98.66000     -69.20000
       3.80792     100.30000     -97.89000
       3.84092      81.24000     -95.99000
       3.87392      70.68000     -84.06000
       3.90692      70.81000     -85.99000
       3.93992      66.08000     -84.23000
       3.97292      61.32000     -64.93000
       4.00592      64.01000     -53.33000
       4.03892      59.31000     -60.71000
       4.07192      47.21000     -64.12000
       4.10492      38.01000     -50.69000
       4.13792      27.33000     -31.23000
       4.17092      16.23000     -16.73000
       4.20392      12.92000     -12.09000
       4.23692      20.67000     -18.57000
       4.26992      34.36000     -32.37000
       4.30292      44.18000     -43.31000
       4.33592      47.70000     -47.30000
       4.36892      49.68000     -48.96000
       4.40192      52.02000     -51.81000
       4.43492      50.21000     -51.20000
       4.46792      48.23000     -46.72000
       4.50092      62.63000     -51.98000
       4.53392      90.71000     -73.58000
       4.56692     102.50000     -91.71000
       4.59992      95.92000     -90.75000
       4.63292      85.11000     -82.99000
       4.66592      71.16000     -76.35000
       4.69892      61.84000     -66.47000
       4.73192      65.71000     -58.41000
       4.76492      86.61000     -67.42000
       4.79792     100.20000     -88.47000
       4.83092      88.76000     -96.18000
       4.86392      77.41000     -86.51000
       4.89692      74.82000     -80.41000
       4.92992      73.84000     -83.00000
       4.96292      70.98000     -84.98000
       4.99592      67.23000     -78.05000
       5.02892      65.06000     -66.86000
       5.06192      63.30000     -61.22000
       5.09492      76.69000     -70.47000
       5.12792     106.60000     -96.93000
       5.16092     115.90000    -113.00000
       5.19392      98.50000     -98.37000
       5.22692      84.81000     -82.43000
       5.25992      78.21000     -79.64000
       5.29292      75.55000     -78.85000
       5.32592      82.88000     -82.86000
       5.35892      96.11000     -93.97000
       5.39192     103.20000    -103.70000
       5.42492      96.83000    -101.60000
       5.45792      84.00000     -89.02000
       5.49092      80.59000     -83.18000
       5.52392      90.21000     -91.56000
       5.55692      98.15000     -98.64000
       5.58992      91.85000     -91.24000
       5.62292      77.12000     -75.82000
       5.65592      65.10000     -64.38000
       5.68892      60.65000     -60.08000
       5.72192      61.62000     -61.60000
       5.75492      63.64000     -65.47000
       5.78792      66.89000     -69.67000
       5.82092      73.69000     -75.77000
       5.85392      79.95000     -80.16000
       5.88692      82.75000     -80.97000
       5.91992      86.75000     -83.46000
       5.95292      91.43000     -86.22000
       5.98592      90.25000     -86.81000
       6.01892      84.26000     -86.15000
       6.05192      79.07000     -84.02000
       6.08492      76.81000     -81.44000
       6.11792      77.42000     -80.41000
       6.15092      80.85000     -81.98000
       6.18392      84.60000     -83.81000
       6.21692      84.19000     -83.34000
       6.24992      79.94000     -80.95000
       6.28292      75.30000     -78.81000
       6.31592      72.86000     -76.17000
       6.34892      73.65000     -73.01000
       6.38192      76.02000     -73.14000
       6.41492      77.88000     -77.24000
       6.44792      78.04000     -80.51000
       6.48092      77.83000     -79.81000
       6.51392      77.98000     -77.16000
       6.54692      77.31000     -76.41000
       6.57992      75.44000     -77.15000
       6.61292      74.23000     -76.07000
       6.64592      73.70000     -72.55000
       6.67892      71.21000     -70.12000
       6.71192      68.16000     -68.65000
       6.74492      67.24000     -67.37000
       6.77792      67.51000     -68.02000
       6.80992      67.05000     -68.17000
       6.84292      66.82000     -66.28000
       6.87592      68.10000     -65.65000
       6.90892      70.81000     -69.25000
       6.94192      74.03000     -73.79000
       6.97492      76.55000     -76.51000
       7.00792      76.52000     -77.55000
       7.04092      75.14000     -76.56000
       7.07392      74.72000     -74.25000
       7.10692      72.54000     -72.15000
       7.13992      68.61000     -70.63000
       7.17292      65.04000     -68.39000
       7.20592      61.58000     -64.92000
       7.23892      60.03000     -61.58000
       7.27192      61.30000     -59.53000
       7.30492      62.00000     -59.17000
       7.33792      59.11000     -59.10000
       7.37092      55.51000     -56.58000
       7.40392      53.89000     -53.69000
       7.43692      52.76000     -52.68000
       7.46992      51.48000     -52.15000
       7.50292      50.78000     -50.77000
       7.53592      49.22000     -48.46000
       7.56892      45.05000     -44.91000
       7.60192      40.64000     -41.47000
       7.63492      38.14000     -39.94000
       7.66792      35.77000     -39.92000
       7.70092      33.36000     -39.21000
       7.73392      33.93000     -36.54000
       7.76692      34.69000     -33.91000
       7.79992      31.98000     -32.55000
       7.83292      28.72000     -31.13000
       7.86592      27.36000     -28.96000
       7.89892      27.79000     -26.50000
       7.93192      28.05000     -23.99000
       7.96492      26.21000     -22.66000
       7.99792      23.88000     -22.94000
       8.03092      22.79000     -22.87000
       8.06392      22.13000     -21.40000
       8.09692      19.83000     -19.64000
       8.12992      16.19000     -18.17000
       8.16292      13.75000     -16.81000
       8.19592      12.80000     -15.56000
       8.22892      12.63000     -14.38000
       8.26192      13.17000     -13.27000
       8.29492      13.35000     -11.57000
       8.32792      11.73000      -9.89400
       8.36092       8.32800      -8.36500
       8.39392       5.30700      -6.63900
       8.42692       4.15100      -4.90900
       8.45992       4.18300      -3.66500
       8.49292       3.69800      -2.91800
       8.52592       2.07100      -1.94200
       8.55892       0.82450      -0.86410
       8.59192       0.31370      -0.22180
       8.62492       0.08568      -0.02903
       8.65792       0.01174      -0.00179
       8.69092       0.00072      -0.00005
       8.72392       0.00002      -0.00000
       8.75692       0.00000      -0.00000
       8.78992       0.00000      -0.00000
       8.82292       0.00000      -0.00000
       8.85592       0.00000       0.00000
       8.88892       0.00000       0.00000
       8.92192       0.00000       0.00000
       8.95492       0.00000       0.00000
       8.98792       0.00000       0.00000
       9.02092       0.00000       0.00000
       9.05392       0.00000       0.00000
       9.08692       0.00000       0.00000
       9.11992       0.00000       0.00000
       9.15292       0.00000       0.00000
       9.18592       0.00000       0.00000
       9.21892       0.00000       0.00000
       9.25192       0.00000       0.00000
       9.28492       0.00000       0.00000
       9.31792       0.00000       0.00000
       9.35092       0.00000       0.00000
       9.38392       0.00000       0.00000
       9.41692       0.00000       0.00000
       9.44992       0.00000       0.00000
       9.48292       0.00000       0.00000
       9.51592       0.00000       0.00000
       9.54892       0.00000       0.00000
       9.58192       0.00000       0.00000
       9.61492       0.00000       0.00000
       9.64792       0.00000       0.00000
       9.68092       0.00000       0.00000
       9.71392       0.00000       0.00000
       9.74692       0.00000       0.00000
       9.77992       0.00000       0.00000
       9.81292       0.00000       0.00000
       9.84592       0.00000       0.00000
       9.87892       0.00000       0.00000
       9.91192       0.00000       0.00000
       9.94492       0.00000       0.00000
       9.97792       0.00000       0.00000
      10.01092       0.00000       0.00000
      10.04392       0.00000       0.00000
