      #Energy        TDOS-UP        TDOS-DOWN
     -21.87860       0.00000       0.00000
     -21.84560       0.00000       0.00000
     -21.81360       0.00000       0.00000
     -21.78160       0.00000       0.00000
     -21.74860       0.00000       0.00000
     -21.71660       0.00000       0.00000
     -21.68360       0.00000       0.00000
     -21.65160       0.00000       0.00000
     -21.61960       0.00000       0.00000
     -21.58660       0.00000       0.00000
     -21.55460       0.00000       0.00000
     -21.52160       0.00000       0.00000
     -21.48960       0.00000       0.00000
     -21.45760       0.00000       0.00000
     -21.42460       0.00000       0.00000
     -21.39260       0.00000       0.00000
     -21.36060       0.00000       0.00000
     -21.32760       0.00000       0.00000
     -21.29560       0.00000       0.00000
     -21.26260       0.00000       0.00000
     -21.23060       0.00000       0.00000
     -21.19860       0.00000       0.00000
     -21.16560       0.00000       0.00000
     -21.13360       0.00000       0.00000
     -21.10060       0.00000       0.00000
     -21.06860       0.00000       0.00000
     -21.03660       0.00000       0.00000
     -21.00360       0.00000       0.00000
     -20.97160       0.00000       0.00000
     -20.93860       0.00000       0.00000
     -20.90660       0.00000       0.00000
     -20.87460       0.00000       0.00000
     -20.84160       0.00000       0.00000
     -20.80960       0.00000       0.00000
     -20.77760       0.00000       0.00000
     -20.74460       0.00000       0.00000
     -20.71260       0.00000       0.00000
     -20.67960       0.00000       0.00000
     -20.64760       0.00000      -0.00000
     -20.61560       0.00000      -0.00000
     -20.58260       0.00005      -0.00000
     -20.55060       0.00358      -0.00009
     -20.51760       0.12720      -0.00646
     -20.48560       2.06100      -0.20390
     -20.45360      15.35000      -2.93400
     -20.42060      53.03000     -19.44000
     -20.38860      85.43000     -59.81000
     -20.35560      64.36000     -85.92000
     -20.32360      22.64000     -57.74000
     -20.29160       3.70100     -18.12000
     -20.25860       0.27860      -2.63800
     -20.22660       0.00958      -0.17680
     -20.19460       0.00015      -0.00540
     -20.16160       0.00000      -0.00007
     -20.12960       0.00000      -0.00000
     -20.09660       0.00000      -0.00000
     -20.06460       0.00000      -0.00000
     -20.03260       0.00000       0.00000
     -19.99960       0.00000       0.00000
     -19.96760       0.00000       0.00000
     -19.93460       0.00000       0.00000
     -19.90260       0.00000       0.00000
     -19.87060       0.00000       0.00000
     -19.83760       0.00000       0.00000
     -19.80560       0.00000       0.00000
     -19.77260       0.00000       0.00000
     -19.74060       0.00000       0.00000
     -19.70860       0.00000       0.00000
     -19.67560       0.00000       0.00000
     -19.64360       0.00000       0.00000
     -19.61160       0.00000       0.00000
     -19.57860       0.00000       0.00000
     -19.54660       0.00000       0.00000
     -19.51360       0.00000       0.00000
     -19.48160       0.00000       0.00000
     -19.44960       0.00000       0.00000
     -19.41660       0.00000       0.00000
     -19.38460       0.00000       0.00000
     -19.35160       0.00000       0.00000
     -19.31960       0.00000       0.00000
     -19.28760       0.00000       0.00000
     -19.25460       0.00000       0.00000
     -19.22260       0.00000       0.00000
     -19.18960       0.00000       0.00000
     -19.15760       0.00000       0.00000
     -19.12560       0.00000       0.00000
     -19.09260       0.00000       0.00000
     -19.06060       0.00000       0.00000
     -19.02860       0.00000       0.00000
     -18.99560       0.00000       0.00000
     -18.96360       0.00000       0.00000
     -18.93060       0.00000       0.00000
     -18.89860       0.00000       0.00000
     -18.86660       0.00000       0.00000
     -18.83360       0.00000       0.00000
     -18.80160       0.00000       0.00000
     -18.76860       0.00000       0.00000
     -18.73660       0.00000       0.00000
     -18.70460       0.00000       0.00000
     -18.67160       0.00000       0.00000
     -18.63960       0.00000       0.00000
     -18.60660       0.00000       0.00000
     -18.57460       0.00000       0.00000
     -18.54260       0.00000      -0.00000
     -18.50960       0.00000      -0.00000
     -18.47760       0.00000      -0.00000
     -18.44560       0.00009      -0.00001
     -18.41260       0.00484      -0.00050
     -18.38060       0.11760      -0.01927
     -18.34760       1.36400      -0.34640
     -18.31560       7.79700      -3.01100
     -18.28360      22.70000     -13.06000
     -18.25060      35.21000     -29.29000
     -18.21860      32.81000     -36.30000
     -18.18560      27.33000     -31.11000
     -18.15360      34.06000     -31.57000
     -18.12160      50.32000     -43.91000
     -18.08860      61.65000     -58.21000
     -18.05660      54.40000     -60.32000
     -18.02360      32.19000     -42.53000
     -17.99160      17.83000     -21.61000
     -17.95960      24.56000     -20.00000
     -17.92660      39.43000     -33.94000
     -17.89460      44.36000     -43.68000
     -17.86260      38.81000     -41.28000
     -17.82960      34.29000     -35.60000
     -17.79760      31.08000     -33.20000
     -17.76460      19.51000     -25.07000
     -17.73260       6.52000     -10.84000
     -17.70060       1.05700      -2.33100
     -17.66760       0.08045      -0.23740
     -17.63560       0.00868      -0.01161
     -17.60260       0.13660      -0.01778
     -17.57060       1.58800      -0.33920
     -17.53860       9.75000      -3.32200
     -17.50560      33.49000     -17.28000
     -17.47360      68.51000     -50.19000
     -17.44060      88.15000     -85.20000
     -17.40860      73.82000     -87.29000
     -17.37660      46.00000     -58.35000
     -17.34360      30.97000     -35.84000
     -17.31160      26.28000     -28.60000
     -17.27960      27.04000     -26.87000
     -17.24660      31.69000     -29.03000
     -17.21460      38.57000     -34.24000
     -17.18160      40.40000     -39.90000
     -17.14960      30.22000     -36.43000
     -17.11760      17.07000     -23.46000
     -17.08460      13.70000     -14.59000
     -17.05260      20.95000     -17.65000
     -17.01960      32.50000     -28.00000
     -16.98760      40.18000     -37.93000
     -16.95560      34.71000     -38.60000
     -16.92260      20.97000     -27.03000
     -16.89060      10.00000     -13.88000
     -16.85760       3.49200      -5.40700
     -16.82560       0.71450      -1.34700
     -16.79360       0.07489      -0.18060
     -16.76060       0.00380      -0.01198
     -16.72860       0.00009      -0.00038
     -16.69660       0.00000      -0.00001
     -16.66360       0.00000      -0.00000
     -16.63160       0.00000      -0.00000
     -16.59860       0.00003      -0.00001
     -16.56660       0.00173      -0.00037
     -16.53460       0.04090      -0.01198
     -16.50160       0.44820      -0.18050
     -16.46960       2.33800      -1.27800
     -16.43660       6.09400      -4.41300
     -16.40460       8.90100      -8.04300
     -16.37260       9.81700      -9.53900
     -16.33960      12.14000     -11.11000
     -16.30760      15.52000     -14.39000
     -16.27460      18.60000     -17.33000
     -16.24260      23.63000     -21.97000
     -16.21060      26.86000     -27.12000
     -16.17760      22.04000     -24.78000
     -16.14560      13.22000     -15.67000
     -16.11360       8.34100      -8.96100
     -16.08060       7.62600      -7.45700
     -16.04860       8.30200      -7.83400
     -16.01560      13.29000     -10.41000
     -15.98360      23.17000     -19.09000
     -15.95160      25.48000     -26.10000
     -15.91860      17.56000     -21.28000
     -15.88660      13.76000     -13.87000
     -15.85360      25.10000     -17.80000
     -15.82160      46.02000     -36.44000
     -15.78960      50.40000     -51.55000
     -15.75660      34.98000     -43.51000
     -15.72460      26.43000     -30.05000
     -15.69160      25.86000     -26.21000
     -15.65960      29.90000     -26.47000
     -15.62760      41.39000     -36.48000
     -15.59460      38.04000     -42.29000
     -15.56260      18.31000     -26.65000
     -15.53060       7.63500      -9.92500
     -15.49760      12.00000      -8.66600
     -15.46560      19.91000     -16.03000
     -15.43260      21.90000     -20.53000
     -15.40060      21.69000     -20.59000
     -15.36860      27.06000     -22.51000
     -15.33560      36.59000     -30.53000
     -15.30360      42.82000     -40.02000
     -15.27060      42.54000     -43.77000
     -15.23860      37.46000     -40.30000
     -15.20660      31.95000     -35.01000
     -15.17360      27.12000     -31.35000
     -15.14160      26.72000     -28.64000
     -15.10860      28.96000     -28.30000
     -15.07660      27.94000     -28.58000
     -15.04460      24.04000     -25.86000
     -15.01160      23.10000     -22.41000
     -14.97960      21.52000     -22.65000
     -14.94760      13.31000     -18.03000
     -14.91460       8.32800      -9.72500
     -14.88260      16.88000     -10.00000
     -14.84960      40.30000     -25.55000
     -14.81760      61.92000     -52.09000
     -14.78560      56.29000     -64.08000
     -14.75260      32.18000     -45.92000
     -14.72060      20.98000     -24.46000
     -14.68760      25.74000     -22.38000
     -14.65560      29.96000     -28.14000
     -14.62360      33.02000     -30.39000
     -14.59060      40.42000     -36.01000
     -14.55860      44.26000     -43.87000
     -14.52560      44.32000     -45.22000
     -14.49360      46.93000     -46.25000
     -14.46160      41.44000     -46.10000
     -14.42860      25.55000     -33.67000
     -14.39660      15.95000     -19.28000
     -14.36460      18.01000     -16.31000
     -14.33160      25.84000     -22.15000
     -14.29960      35.08000     -31.15000
     -14.26660      41.18000     -39.08000
     -14.23460      39.97000     -40.52000
     -14.20260      35.21000     -36.39000
     -14.16960      32.00000     -32.26000
     -14.13760      33.58000     -31.59000
     -14.10460      37.27000     -35.54000
     -14.07260      39.59000     -39.78000
     -14.04060      37.98000     -40.83000
     -14.00760      30.56000     -35.18000
     -13.97560      22.86000     -26.33000
     -13.94260      17.83000     -20.13000
     -13.91060      14.44000     -15.97000
     -13.87860      16.63000     -15.38000
     -13.84560      26.69000     -22.55000
     -13.81360      38.59000     -34.40000
     -13.78160      43.51000     -42.27000
     -13.74860      39.36000     -40.36000
     -13.71660      33.68000     -34.25000
     -13.68360      28.28000     -29.60000
     -13.65160      20.87000     -24.25000
     -13.61960      16.61000     -18.82000
     -13.58660      18.89000     -18.17000
     -13.55460      18.71000     -19.62000
     -13.52160      10.77000     -14.67000
     -13.48960       3.16300      -5.95200
     -13.45760       0.45090      -1.20200
     -13.42460       0.03106      -0.11630
     -13.39260       0.02646      -0.00789
     -13.35960       0.43420      -0.07265
     -13.32760       3.58300      -0.95060
     -13.29560      14.98000      -6.14000
     -13.26260      33.03000     -20.52000
     -13.23060      38.91000     -36.90000
     -13.19860      23.97000     -35.77000
     -13.16560       7.54900     -18.09000
     -13.13360       2.94400      -5.21800
     -13.10060      10.37000      -5.93600
     -13.06860      27.23000     -19.55000
     -13.03660      35.59000     -33.93000
     -13.00360      25.61000     -30.42000
     -12.97160      13.20000     -17.30000
     -12.93860       7.48900      -9.30800
     -12.90660       8.69800      -7.35600
     -12.87460      18.09000     -12.25000
     -12.84160      32.16000     -24.99000
     -12.80960      46.75000     -41.10000
     -12.77660      52.17000     -51.69000
     -12.74460      40.20000     -46.96000
     -12.71260      26.64000     -33.11000
     -12.67960      23.74000     -25.00000
     -12.64760      23.86000     -24.35000
     -12.61560      18.94000     -21.88000
     -12.58260      16.36000     -16.62000
     -12.55060      26.92000     -20.29000
     -12.51760      43.01000     -35.55000
     -12.48560      46.64000     -45.94000
     -12.45360      38.93000     -41.91000
     -12.42060      33.24000     -34.27000
     -12.38860      32.94000     -33.02000
     -12.35560      29.23000     -32.81000
     -12.32360      20.21000     -25.31000
     -12.29160      14.96000     -15.83000
     -12.25860      18.23000     -13.52000
     -12.22660      25.05000     -19.57000
     -12.19360      30.51000     -26.20000
     -12.16160      39.72000     -30.75000
     -12.12960      46.90000     -40.69000
     -12.09660      39.30000     -46.67000
     -12.06460      23.73000     -36.83000
     -12.03260      15.19000     -22.09000
     -11.99960      15.73000     -16.42000
     -11.96760      19.29000     -19.14000
     -11.93460      22.25000     -23.00000
     -11.90260      20.62000     -22.48000
     -11.87060      14.42000     -16.42000
     -11.83760      12.94000     -10.28000
     -11.80560      22.74000     -14.22000
     -11.77260      34.53000     -28.92000
     -11.74060      38.22000     -40.33000
     -11.70860      41.16000     -43.57000
     -11.67560      48.89000     -49.21000
     -11.64360      49.33000     -52.73000
     -11.61060      35.46000     -41.49000
     -11.57860      18.68000     -22.66000
     -11.54660      13.62000     -13.39000
     -11.51360      21.39000     -18.60000
     -11.48160      29.89000     -28.78000
     -11.44960      25.33000     -28.02000
     -11.41660      13.12000     -16.13000
     -11.38460       6.12300      -7.19000
     -11.35160       4.92500      -4.87800
     -11.31960       6.55500      -5.81800
     -11.28760      11.81000      -9.79300
     -11.25460      20.75000     -17.94000
     -11.22260      25.76000     -24.81000
     -11.18960      22.47000     -23.25000
     -11.15760      21.48000     -19.89000
     -11.12560      28.19000     -24.96000
     -11.09260      29.41000     -30.46000
     -11.06060      23.16000     -26.29000
     -11.02760      22.59000     -22.98000
     -10.99560      26.34000     -25.17000
     -10.96360      29.09000     -26.75000
     -10.93060      32.28000     -30.21000
     -10.89860      29.90000     -31.82000
     -10.86660      23.16000     -25.89000
     -10.83360      19.23000     -20.61000
     -10.80160      15.77000     -17.08000
     -10.76860      16.18000     -15.11000
     -10.73660      23.71000     -20.21000
     -10.70460      32.13000     -29.11000
     -10.67160      35.81000     -34.71000
     -10.63960      33.45000     -34.36000
     -10.60660      28.71000     -29.35000
     -10.57460      32.18000     -27.70000
     -10.54260      43.65000     -38.05000
     -10.50960      44.16000     -46.55000
     -10.47760      35.37000     -38.86000
     -10.44460      34.53000     -31.93000
     -10.41260      36.57000     -35.31000
     -10.38060      34.52000     -37.78000
     -10.34760      34.60000     -36.86000
     -10.31560      36.66000     -37.23000
     -10.28360      33.62000     -35.77000
     -10.25060      23.67000     -28.16000
     -10.21860      17.36000     -19.20000
     -10.18560      25.57000     -22.07000
     -10.15360      37.72000     -34.99000
     -10.12160      34.79000     -37.38000
     -10.08860      26.42000     -28.30000
     -10.05660      29.51000     -27.69000
     -10.02360      35.20000     -34.49000
      -9.99160      28.94000     -32.08000
      -9.95960      17.96000     -20.53000
      -9.92660      16.08000     -15.21000
      -9.89460      18.47000     -18.03000
      -9.86160      13.32000     -16.01000
      -9.82960       4.87400      -7.38600
      -9.79760       0.91990      -1.66900
      -9.76460       0.68880      -0.41350
      -9.73260       4.22800      -2.13200
      -9.70060      16.10000     -10.38000
      -9.66760      33.42000     -27.42000
      -9.63560      38.13000     -39.02000
      -9.60260      28.26000     -32.43000
      -9.57060      25.43000     -24.75000
      -9.53860      31.95000     -29.46000
      -9.50560      33.67000     -33.68000
      -9.47360      35.39000     -33.77000
      -9.44060      43.00000     -40.03000
      -9.40860      43.71000     -44.68000
      -9.37660      39.54000     -41.26000
      -9.34360      41.98000     -41.83000
      -9.31160      46.73000     -46.80000
      -9.27860      47.04000     -47.71000
      -9.24660      42.42000     -43.57000
      -9.21460      36.87000     -37.85000
      -9.18160      37.38000     -36.17000
      -9.14960      44.44000     -42.12000
      -9.11760      47.46000     -47.42000
      -9.08460      41.57000     -44.12000
      -9.05260      31.01000     -34.01000
      -9.01960      24.73000     -24.75000
      -8.98760      30.14000     -26.22000
      -8.95560      39.19000     -36.07000
      -8.92260      40.90000     -40.61000
      -8.89060      40.15000     -40.40000
      -8.85760      39.35000     -41.29000
      -8.82560      37.43000     -39.90000
      -8.79360      35.85000     -37.35000
      -8.76060      34.83000     -35.63000
      -8.72860      31.31000     -33.17000
      -8.69560      20.35000     -24.05000
      -8.66360       9.14700     -11.50000
      -8.63160       6.45000      -6.25300
      -8.59860       8.86200      -8.12200
      -8.56660      10.80000     -10.68000
      -8.53460      12.33000     -12.17000
      -8.50160      17.39000     -16.10000
      -8.46960      25.16000     -23.16000
      -8.43660      30.41000     -28.76000
      -8.40460      34.58000     -33.04000
      -8.37260      40.66000     -38.97000
      -8.33960      47.39000     -45.45000
      -8.30760      53.76000     -52.05000
      -8.27460      52.46000     -53.57000
      -8.24260      42.91000     -45.56000
      -8.21060      37.96000     -38.71000
      -8.17760      39.76000     -39.56000
      -8.14560      37.49000     -38.80000
      -8.11260      32.22000     -33.42000
      -8.08060      28.94000     -29.87000
      -8.04860      25.04000     -26.18000
      -8.01560      26.70000     -25.89000
      -7.98360      36.32000     -34.34000
      -7.95160      40.51000     -40.57000
      -7.91860      33.03000     -34.97000
      -7.88660      27.21000     -26.72000
      -7.85360      37.99000     -32.72000
      -7.82160      57.19000     -51.36000
      -7.78960      68.01000     -65.02000
      -7.75660      71.60000     -69.89000
      -7.72460      74.93000     -74.25000
      -7.69160      75.55000     -78.08000
      -7.65960      67.95000     -72.85000
      -7.62760      53.93000     -58.26000
      -7.59460      42.93000     -44.96000
      -7.56260      40.29000     -40.38000
      -7.52960      40.40000     -40.43000
      -7.49760      42.52000     -41.69000
      -7.46560      47.85000     -47.18000
      -7.43260      46.12000     -47.79000
      -7.40060      38.00000     -40.04000
      -7.36860      32.64000     -33.52000
      -7.33560      31.00000     -31.46000
      -7.30360      29.38000     -29.90000
      -7.27060      31.43000     -30.10000
      -7.23860      45.67000     -41.79000
      -7.20660      61.94000     -59.60000
      -7.17360      67.51000     -68.45000
      -7.14160      62.62000     -65.88000
      -7.10860      41.26000     -46.09000
      -7.07660      15.29000     -18.60000
      -7.04460       2.86600      -3.83800
      -7.01160       0.48180      -0.49670
      -6.97960       2.13400      -1.30200
      -6.94660       9.82600      -7.10800
      -6.91460      24.10000     -20.33000
      -6.88260      36.39000     -34.22000
      -6.84960      41.72000     -41.46000
      -6.81760      42.95000     -43.40000
      -6.78560      43.75000     -43.70000
      -6.75260      48.47000     -47.56000
      -6.72060      55.52000     -55.07000
      -6.68760      56.51000     -57.76000
      -6.65560      46.62000     -48.74000
      -6.62360      35.51000     -35.26000
      -6.59060      34.45000     -32.46000
      -6.55860      34.40000     -34.47000
      -6.52560      32.35000     -33.14000
      -6.49360      33.37000     -33.95000
      -6.46160      31.70000     -32.27000
      -6.42860      33.98000     -30.97000
      -6.39660      44.01000     -40.90000
      -6.36360      44.06000     -45.74000
      -6.33160      39.75000     -40.27000
      -6.29960      44.51000     -39.82000
      -6.26660      53.43000     -41.07000
      -6.23460      64.01000     -44.87000
      -6.20260      73.98000     -63.36000
      -6.16960      80.63000     -85.71000
      -6.13760      84.77000     -88.40000
      -6.10460      92.97000     -83.81000
      -6.07260     104.10000     -95.16000
      -6.04060     101.40000    -106.00000
      -6.00760      77.07000     -95.43000
      -5.97560      49.36000     -68.02000
      -5.94260      48.61000     -49.55000
      -5.91060      71.71000     -57.18000
      -5.87860      87.64000     -76.88000
      -5.84560      91.10000     -91.48000
      -5.81360      85.45000     -92.57000
      -5.78060      67.47000     -78.39000
      -5.74860      61.14000     -65.93000
      -5.71660      83.43000     -76.01000
      -5.68360     104.10000    -100.70000
      -5.65160      99.89000    -110.30000
      -5.61960      83.08000     -93.72000
      -5.58660      76.55000     -76.47000
      -5.55460      87.84000     -76.93000
      -5.52160      94.89000     -77.57000
      -5.48960      85.27000     -77.17000
      -5.45760      75.33000     -85.44000
      -5.42460      84.45000     -95.96000
      -5.39260     102.80000    -108.20000
      -5.35960      96.80000    -102.20000
      -5.32760      68.36000     -71.61000
      -5.29560      51.26000     -44.25000
      -5.26260      62.45000     -39.62000
      -5.23060      95.27000     -57.98000
      -5.19760     118.30000     -90.62000
      -5.16560     108.80000    -118.90000
      -5.13360      94.31000    -126.10000
      -5.10060     100.90000    -124.90000
      -5.06860      97.55000    -113.90000
      -5.03660      73.32000     -82.42000
      -5.00360      66.61000     -59.62000
      -4.97160      96.05000     -73.27000
      -4.93860     139.00000    -119.30000
      -4.90660     151.90000    -153.70000
      -4.87460     124.60000    -144.00000
      -4.84160      80.67000     -99.72000
      -4.80960      55.60000     -60.74000
      -4.77660      58.80000     -57.11000
      -4.74460      56.68000     -61.26000
      -4.71260      37.26000     -46.46000
      -4.67960      21.95000     -26.17000
      -4.64760      26.33000     -21.74000
      -4.61460      47.51000     -36.55000
      -4.58260      66.48000     -52.95000
      -4.55060      65.61000     -60.35000
      -4.51760      52.39000     -61.86000
      -4.48560      39.48000     -49.13000
      -4.45360      35.15000     -33.24000
      -4.42060      42.78000     -38.29000
      -4.38860      54.64000     -57.68000
      -4.35560      62.42000     -66.38000
      -4.32360      63.11000     -58.91000
      -4.29160      53.53000     -49.56000
      -4.25860      41.08000     -47.12000
      -4.22660      43.70000     -51.69000
      -4.19360      52.46000     -56.75000
      -4.16160      51.86000     -54.34000
      -4.12960      47.75000     -48.44000
      -4.09660      47.41000     -42.25000
      -4.06460      56.64000     -36.86000
      -4.03160      71.40000     -48.86000
      -3.99960      67.51000     -71.87000
      -3.96760      54.19000     -71.66000
      -3.93460      61.81000     -62.99000
      -3.90260      81.80000     -71.98000
      -3.87060      79.99000     -79.30000
      -3.83760      52.10000     -65.80000
      -3.80560      28.87000     -42.20000
      -3.77260      27.66000     -30.23000
      -3.74060      41.12000     -34.94000
      -3.70860      62.35000     -47.85000
      -3.67560      91.92000     -70.34000
      -3.64360     118.60000    -103.60000
      -3.61060     135.60000    -136.40000
      -3.57860     143.50000    -152.10000
      -3.54660     131.10000    -135.90000
      -3.51360     104.00000    -106.30000
      -3.48160      84.27000     -95.73000
      -3.44860      83.05000     -93.64000
      -3.41660      99.61000     -92.42000
      -3.38460     119.30000    -106.90000
      -3.35160     118.80000    -122.60000
      -3.31960     101.60000    -119.50000
      -3.28760      89.71000    -105.30000
      -3.25460      75.92000     -84.42000
      -3.22260      46.71000     -51.72000
      -3.18960      17.51000     -19.84000
      -3.15760       5.28600      -4.21400
      -3.12560       7.72300      -0.92410
      -3.09260      19.82000      -4.00800
      -3.06060      36.92000     -15.98000
      -3.02760      47.39000     -32.28000
      -2.99560      44.70000     -39.10000
      -2.96360      38.17000     -40.66000
      -2.93060      42.78000     -41.25000
      -2.89860      50.73000     -40.56000
      -2.86560      51.49000     -47.72000
      -2.83360      49.65000     -55.26000
      -2.80160      44.57000     -55.28000
      -2.76860      37.51000     -49.87000
      -2.73660      31.58000     -41.29000
      -2.70460      28.93000     -33.09000
      -2.67160      27.03000     -29.35000
      -2.63960      22.74000     -28.30000
      -2.60660      19.24000     -24.12000
      -2.57460      23.87000     -18.37000
      -2.54260      33.68000     -19.33000
      -2.50960      35.50000     -28.78000
      -2.47760      29.49000     -35.08000
      -2.44460      30.14000     -31.37000
      -2.41260      39.70000     -28.29000
      -2.38060      44.58000     -36.42000
      -2.34760      42.88000     -47.41000
      -2.31560      42.62000     -47.76000
      -2.28260      42.18000     -42.10000
      -2.25060      35.15000     -39.37000
      -2.21860      24.18000     -36.28000
      -2.18560      14.45000     -28.34000
      -2.15360       6.93500     -18.84000
      -2.12160       4.80100      -9.89600
      -2.08860       9.37200      -4.77600
      -2.05660      14.46000      -7.14600
      -2.02360      14.68000     -13.22000
      -1.99160      15.45000     -15.01000
      -1.95960      20.83000     -14.53000
      -1.92660      27.53000     -18.23000
      -1.89460      31.85000     -24.79000
      -1.86160      28.87000     -30.75000
      -1.82960      19.99000     -31.11000
      -1.79760      15.54000     -22.72000
      -1.76460      18.32000     -15.93000
      -1.73260      22.21000     -18.01000
      -1.69960      21.91000     -22.99000
      -1.66760      19.28000     -23.79000
      -1.63560      18.62000     -21.01000
      -1.60260      24.90000     -19.42000
      -1.57060      40.91000     -24.06000
      -1.53860      52.24000     -38.24000
      -1.50560      42.49000     -50.73000
      -1.47360      22.24000     -44.82000
      -1.44060       8.35400     -25.45000
      -1.40860       5.72700      -9.70700
      -1.37660      13.11000      -5.89800
      -1.34360      27.40000     -12.81000
      -1.31160      37.37000     -26.62000
      -1.27860      29.13000     -36.65000
      -1.24660      14.60000     -29.05000
      -1.21460      12.46000     -13.79000
      -1.18160      19.49000      -9.59400
      -1.14960      20.72000     -16.51000
      -1.11660      12.42000     -21.86000
      -1.08460       4.99500     -16.26000
      -1.05260       3.42200      -7.15100
      -1.01960       7.06500      -3.30200
      -0.98760      13.76000      -5.08100
      -0.95560      16.61000     -11.41000
      -0.92260      14.45000     -16.54000
      -0.89060      13.59000     -15.36000
      -0.85760      16.18000     -13.35000
      -0.82560      15.78000     -15.18000
      -0.79360       8.66400     -16.76000
      -0.76060       2.82100     -11.65000
      -0.72860       4.51000      -4.40300
      -0.69560      18.23000      -2.69300
      -0.66360      42.35000     -10.17000
      -0.63160      64.20000     -32.04000
      -0.59860      89.70000     -69.10000
      -0.56660     115.80000    -110.00000
      -0.53360     114.60000    -128.70000
      -0.50160     103.70000    -120.50000
      -0.46960      90.41000    -105.00000
      -0.43660      67.65000     -77.36000
      -0.40460      52.77000     -53.10000
      -0.37260      40.52000     -47.60000
      -0.33960      25.50000     -41.66000
      -0.30760      17.99000     -27.57000
      -0.27460      20.17000     -16.72000
      -0.24260      23.56000     -14.98000
      -0.21060      20.00000     -20.57000
      -0.17760      15.26000     -23.07000
      -0.14560      17.12000     -16.17000
      -0.11260      20.58000     -10.04000
      -0.08060      20.02000     -13.04000
      -0.04860      18.33000     -19.87000
      -0.01560      16.09000     -20.14000
       0.01640      11.43000     -16.70000
       0.04940       7.42500     -15.49000
       0.08140       5.11400     -12.55000
       0.11340       5.75100      -8.69500
       0.14640      12.63000      -6.42000
       0.17840      23.33000      -5.03000
       0.21040      28.73000      -6.84600
       0.24340      30.29000     -14.64000
       0.27540      37.84000     -24.51000
       0.30840      44.02000     -27.98000
       0.34040      39.97000     -27.42000
       0.37240      28.26000     -35.99000
       0.40540      16.39000     -48.25000
       0.43740      12.20000     -44.53000
       0.47040      12.53000     -27.90000
       0.50240      13.07000     -17.40000
       0.53440      15.74000     -16.80000
       0.56740      18.24000     -19.07000
       0.59940      17.04000     -20.17000
       0.63240      12.80000     -18.35000
       0.66440       6.31100     -14.49000
       0.69640       1.64000      -8.33800
       0.72940       0.20370      -2.67900
       0.76140       0.01167      -0.42040
       0.79340       0.00030      -0.03071
       0.82640       0.00000      -0.00102
       0.85840       0.00000      -0.00002
       0.89140       0.00006      -0.00000
       0.92340       0.00306      -0.00008
       0.95540       0.07517      -0.00398
       0.98840       0.85940      -0.09223
       1.02040       4.76500      -0.99920
       1.05340      13.66000      -5.27400
       1.08540      22.11000     -14.48000
       1.11740      22.55000     -22.51000
       1.15040      17.94000     -22.18000
       1.18240      15.59000     -17.41000
       1.21540      13.85000     -15.29000
       1.24740       8.55700     -13.59000
       1.27940       2.95400      -8.30200
       1.31240       0.52110      -2.82700
       1.34440       0.04498      -0.49210
       1.37640       0.00185      -0.04196
       1.40940       0.00004      -0.00170
       1.44140       0.00001      -0.00003
       1.47440       0.00032      -0.00002
       1.50640       0.00856      -0.00105
       1.53840       0.10710      -0.02146
       1.57140       0.65280      -0.20650
       1.60340       2.11100      -0.98360
       1.63640       4.13700      -2.58000
       1.66840       5.57100      -4.37600
       1.70040       5.60900      -5.43000
       1.73340       4.83300      -5.23400
       1.76540       4.28400      -4.48400
       1.79840       4.70000      -4.03800
       1.83040       7.88900      -4.49000
       1.86240      14.76000      -7.59800
       1.89540      20.14000     -14.38000
       1.92740      19.07000     -20.18000
       1.95940      15.67000     -19.98000
       1.99240      16.00000     -16.92000
       2.02440      19.37000     -16.86000
       2.05740      21.52000     -18.72000
       2.08940      24.79000     -19.06000
       2.12140      34.54000     -22.40000
       2.15440      45.36000     -33.30000
       2.18640      42.28000     -45.38000
       2.21940      29.09000     -43.13000
       2.25140      23.84000     -29.07000
       2.28340      23.30000     -22.32000
       2.31640      17.83000     -23.15000
       2.34840      13.01000     -19.59000
       2.38140      11.13000     -14.32000
       2.41340      10.61000     -11.87000
       2.44540      13.40000     -10.91000
       2.47840      21.07000     -13.39000
       2.51040      32.29000     -21.05000
       2.54240      37.51000     -31.54000
       2.57540      36.29000     -35.79000
       2.60740      37.23000     -34.26000
       2.64040      35.09000     -36.93000
       2.67240      27.88000     -37.16000
       2.70440      21.30000     -29.50000
       2.73740      18.36000     -21.00000
       2.76940      19.89000     -16.41000
       2.80240      25.11000     -17.23000
       2.83440      33.79000     -22.67000
       2.86640      40.32000     -30.98000
       2.89940      39.34000     -37.53000
       2.93140      34.67000     -37.25000
       2.96440      30.25000     -34.42000
       2.99640      26.66000     -33.32000
       3.02840      23.45000     -30.42000
       3.06140      21.73000     -24.95000
       3.09340      21.52000     -21.77000
       3.12540      21.83000     -22.62000
       3.15840      24.25000     -24.26000
       3.19040      27.81000     -26.27000
       3.22340      27.26000     -28.65000
       3.25540      21.50000     -27.49000
       3.28740      15.91000     -21.19000
       3.32040      13.68000     -15.03000
       3.35240      17.03000     -13.39000
       3.38540      28.38000     -16.54000
       3.41740      32.99000     -26.71000
       3.44940      19.97000     -33.56000
       3.48240       5.88900     -23.17000
       3.51440       0.97290      -8.06000
       3.54740       1.63900      -2.69000
       3.57940       8.46700      -7.86400
       3.61140      23.91000     -22.88000
       3.64440      37.04000     -36.80000
       3.67640      32.11000     -32.97000
       3.70840      15.61000     -16.44000
       3.74140       4.91200      -4.49300
       3.77340       4.95800      -1.11000
       3.80640      11.53000      -3.13400
       3.83840      16.16000      -9.54600
       3.87040      16.97000     -15.82000
       3.90340      26.59000     -21.17000
       3.93540      52.10000     -37.78000
       3.96840      67.08000     -59.18000
       4.00040      58.49000     -56.57000
       4.03240      54.48000     -44.01000
       4.06540      57.93000     -55.98000
       4.09740      54.75000     -75.78000
       4.13040      40.35000     -65.21000
       4.16240      25.08000     -36.79000
       4.19440      21.78000     -23.86000
       4.22740      31.72000     -30.79000
       4.25940      45.08000     -44.29000
       4.29140      47.19000     -46.68000
       4.32440      40.99000     -34.38000
       4.35640      43.40000     -23.38000
       4.38940      48.40000     -33.10000
       4.42140      39.10000     -51.39000
       4.45340      31.99000     -51.71000
       4.48640      35.36000     -43.17000
       4.51840      42.32000     -42.61000
       4.55140      50.21000     -49.10000
       4.58340      52.27000     -52.09000
       4.61540      51.02000     -50.96000
       4.64840      48.08000     -49.07000
       4.68040      37.84000     -40.09000
       4.71340      31.25000     -32.04000
       4.74540      35.53000     -33.78000
       4.77740      44.57000     -37.70000
       4.81040      57.66000     -39.82000
       4.84240      73.23000     -46.54000
       4.87440      77.64000     -60.75000
       4.90740      68.20000     -75.35000
       4.93940      69.97000     -79.36000
       4.97240      88.46000     -77.83000
       5.00440      88.13000     -82.07000
       5.03640      71.63000     -81.92000
       5.06940      74.78000     -75.94000
       5.10140      85.35000     -79.34000
       5.13440      78.32000     -83.54000
       5.16640      62.40000     -75.86000
       5.19840      54.18000     -63.44000
       5.23140      56.44000     -55.69000
       5.26340      63.05000     -58.37000
       5.29640      79.45000     -74.90000
       5.32840     106.20000     -99.62000
       5.36040     121.20000    -115.90000
       5.39340     110.30000    -111.50000
       5.42540      92.58000     -95.36000
       5.45740      88.99000     -90.10000
       5.49040      87.46000     -92.41000
       5.52240      73.64000     -83.34000
       5.55540      57.66000     -65.59000
       5.58740      55.72000     -58.03000
       5.61940      67.07000     -65.35000
       5.65240      77.87000     -76.58000
       5.68440      74.96000     -76.38000
       5.71740      64.95000     -66.45000
       5.74940      66.87000     -65.47000
       5.78140      79.09000     -76.91000
       5.81440      83.78000     -85.36000
       5.84640      79.65000     -82.24000
       5.87940      74.37000     -75.81000
       5.91140      65.05000     -66.84000
       5.94340      55.66000     -55.79000
       5.97640      55.88000     -53.36000
       6.00840      63.85000     -61.97000
       6.04040      70.51000     -71.96000
       6.07340      75.37000     -78.24000
       6.10540      76.30000     -78.01000
       6.13840      71.86000     -70.59000
       6.17040      67.98000     -65.15000
       6.20240      71.79000     -69.56000
       6.23540      84.29000     -82.25000
       6.26740      94.67000     -93.14000
       6.30040      95.25000     -95.26000
       6.33240      87.92000     -89.07000
       6.36440      79.22000     -79.69000
       6.39740      72.76000     -73.70000
       6.42940      71.37000     -74.56000
       6.46240      75.79000     -78.42000
       6.49440      78.84000     -79.50000
       6.52640      76.89000     -76.39000
       6.55940      73.72000     -72.34000
       6.59140      73.01000     -73.05000
       6.62340      76.08000     -77.97000
       6.65640      80.66000     -82.29000
       6.68840      83.04000     -83.97000
       6.72140      81.11000     -83.10000
       6.75340      77.50000     -80.36000
       6.78540      75.94000     -77.23000
       6.81840      74.14000     -74.09000
       6.85040      71.11000     -71.72000
       6.88340      68.07000     -70.06000
       6.91540      66.72000     -68.20000
       6.94740      68.91000     -67.24000
       6.98040      71.48000     -67.97000
       7.01240      71.32000     -69.34000
       7.04540      70.53000     -70.28000
       7.07740      71.07000     -70.61000
       7.10940      71.87000     -70.39000
       7.14240      71.64000     -70.81000
       7.17440      73.28000     -72.65000
       7.20640      75.97000     -76.02000
       7.23940      76.10000     -78.99000
       7.27140      75.57000     -79.60000
       7.30440      77.52000     -78.35000
       7.33640      79.25000     -74.71000
       7.36840      77.54000     -71.37000
       7.40140      74.64000     -72.03000
       7.43340      71.63000     -73.07000
       7.46640      68.02000     -71.27000
       7.49840      66.45000     -69.66000
       7.53040      65.56000     -68.81000
       7.56340      62.29000     -67.90000
       7.59540      58.52000     -65.47000
       7.62840      57.32000     -61.61000
       7.66040      59.17000     -60.30000
       7.69240      60.60000     -61.22000
       7.72540      60.86000     -60.57000
       7.75740      60.75000     -59.15000
       7.78940      59.00000     -57.11000
       7.82240      57.43000     -54.13000
       7.85440      56.55000     -52.21000
       7.88740      53.77000     -50.89000
       7.91940      48.46000     -49.61000
       7.95140      44.45000     -48.66000
       7.98440      44.09000     -47.62000
       8.01640      44.03000     -44.71000
       8.04940      43.26000     -40.97000
       8.08140      42.33000     -39.79000
       8.11340      40.67000     -41.01000
       8.14640      38.56000     -40.82000
       8.17840      35.49000     -37.95000
       8.21140      31.92000     -34.20000
       8.24340      30.78000     -31.60000
       8.27540      32.09000     -31.10000
       8.30840      32.10000     -30.52000
       8.34040      29.91000     -28.96000
       8.37240      28.28000     -27.95000
       8.40540      28.40000     -27.12000
       8.43740      27.82000     -26.27000
       8.47040      24.18000     -25.23000
       8.50240      20.54000     -22.90000
       8.53440      19.92000     -20.11000
       8.56740      20.38000     -18.78000
       8.59940      19.52000     -19.49000
       8.63240      17.71000     -20.67000
       8.66440      16.50000     -20.65000
       8.69640      15.31000     -17.84000
       8.72940      14.08000     -13.58000
       8.76140      13.49000     -11.23000
       8.79440      12.11000     -10.79000
       8.82640       9.64500     -10.08000
       8.85840       6.73600      -7.93100
       8.89140       3.98300      -5.59500
       8.92340       2.51300      -3.89600
       8.95540       2.22800      -2.45300
       8.98840       2.13400      -1.35300
       9.02040       1.49500      -0.71990
       9.05340       0.60550      -0.32980
       9.08540       0.12880      -0.09373
       9.11740       0.01381      -0.01345
       9.15040       0.00072      -0.00090
       9.18240       0.00002      -0.00003
       9.21540       0.00000      -0.00000
       9.24740       0.00000      -0.00000
       9.27940       0.00000      -0.00000
       9.31240       0.00000      -0.00000
       9.34440       0.00000       0.00000
       9.37740       0.00000       0.00000
       9.40940       0.00000       0.00000
       9.44140       0.00000       0.00000
       9.47440       0.00000       0.00000
       9.50640       0.00000       0.00000
       9.53840       0.00000       0.00000
       9.57140       0.00000       0.00000
       9.60340       0.00000       0.00000
       9.63640       0.00000       0.00000
       9.66840       0.00000       0.00000
       9.70040       0.00000       0.00000
       9.73340       0.00000       0.00000
       9.76540       0.00000       0.00000
       9.79840       0.00000       0.00000
       9.83040       0.00000       0.00000
       9.86240       0.00000       0.00000
       9.89540       0.00000       0.00000
       9.92740       0.00000       0.00000
       9.96040       0.00000       0.00000
       9.99240       0.00000       0.00000
      10.02440       0.00000       0.00000
      10.05740       0.00000       0.00000
      10.08940       0.00000       0.00000
      10.12140       0.00000       0.00000
      10.15440       0.00000       0.00000
      10.18640       0.00000       0.00000
      10.21940       0.00000       0.00000
      10.25140       0.00000       0.00000
      10.28340       0.00000       0.00000
      10.31640       0.00000       0.00000
      10.34840       0.00000       0.00000
      10.38140       0.00000       0.00000
      10.41340       0.00000       0.00000
      10.44540       0.00000       0.00000
      10.47840       0.00000       0.00000
