      #Energy        TDOS-UP        TDOS-DOWN
     -25.64000       0.00000       0.00000
     -25.60700       0.00000       0.00000
     -25.57400       0.00000       0.00000
     -25.54100       0.00000       0.00000
     -25.50800       0.00000       0.00000
     -25.47500       0.00000       0.00000
     -25.44200       0.00000       0.00000
     -25.40900       0.00000       0.00000
     -25.37600       0.00000       0.00000
     -25.34300       0.00000       0.00000
     -25.31000       0.00000       0.00000
     -25.27700       0.00000       0.00000
     -25.24400       0.00000       0.00000
     -25.21100       0.00000       0.00000
     -25.17800       0.00000       0.00000
     -25.14500       0.00000       0.00000
     -25.11200       0.00000       0.00000
     -25.07900       0.00000       0.00000
     -25.04600       0.00000       0.00000
     -25.01300       0.00000       0.00000
     -24.98000       0.00000       0.00000
     -24.94700       0.00000       0.00000
     -24.91400       0.00000       0.00000
     -24.88000       0.00000       0.00000
     -24.84700       0.00000       0.00000
     -24.81400       0.00000       0.00000
     -24.78100       0.00000       0.00000
     -24.74800       0.00000       0.00000
     -24.71500       0.00000       0.00000
     -24.68200       0.00000       0.00000
     -24.64900       0.00000       0.00000
     -24.61600       0.00000       0.00000
     -24.58300       0.00000       0.00000
     -24.55000       0.00000       0.00000
     -24.51700       0.00000       0.00000
     -24.48400       0.00000       0.00000
     -24.45100       0.00000       0.00000
     -24.41800       0.00000      -0.00000
     -24.38500       0.00000      -0.00000
     -24.35200       0.00000      -0.00000
     -24.31900       0.00000      -0.00000
     -24.28600       0.00002      -0.00002
     -24.25300       0.00074      -0.00074
     -24.22000       0.01294      -0.01294
     -24.18700       0.10626      -0.10626
     -24.15400       0.44519      -0.44519
     -24.12100       1.06059      -1.06059
     -24.08800       1.64083      -1.64083
     -24.05500       1.92365      -1.92365
     -24.02200       1.99191      -1.99191
     -23.98900       1.99966      -1.99966
     -23.95600       2.00006      -2.00006
     -23.92300       2.00007      -2.00007
     -23.89000       2.00007      -2.00007
     -23.85700       2.00007      -2.00007
     -23.82400       2.00007      -2.00007
     -23.79100       2.00007      -2.00007
     -23.75800       2.00007      -2.00007
     -23.72500       2.00007      -2.00007
     -23.69200       2.00007      -2.00007
     -23.65900       2.00007      -2.00007
     -23.62600       2.00007      -2.00007
     -23.59300       2.00007      -2.00007
     -23.56000       2.00007      -2.00007
     -23.52700       2.00007      -2.00007
     -23.49300       2.00007      -2.00007
     -23.46000       2.00007      -2.00007
     -23.42700       2.00007      -2.00007
     -23.39400       2.00007      -2.00007
     -23.36100       2.00007      -2.00007
     -23.32800       2.00007      -2.00007
     -23.29500       2.00007      -2.00007
     -23.26200       2.00007      -2.00007
     -23.22900       2.00007      -2.00007
     -23.19600       2.00007      -2.00007
     -23.16300       2.00007      -2.00007
     -23.13000       2.00007      -2.00007
     -23.09700       2.00007      -2.00007
     -23.06400       2.00007      -2.00007
     -23.03100       2.00007      -2.00007
     -22.99800       2.00007      -2.00007
     -22.96500       2.00007      -2.00007
     -22.93200       2.00007      -2.00007
     -22.89900       2.00007      -2.00007
     -22.86600       2.00007      -2.00007
     -22.83300       2.00007      -2.00007
     -22.80000       2.00007      -2.00007
     -22.76700       2.00007      -2.00007
     -22.73400       2.00007      -2.00007
     -22.70100       2.00007      -2.00007
     -22.66800       2.00007      -2.00007
     -22.63500       2.00007      -2.00007
     -22.60200       2.00007      -2.00007
     -22.56900       2.00007      -2.00007
     -22.53600       2.00007      -2.00007
     -22.50300       2.00007      -2.00007
     -22.47000       2.00007      -2.00007
     -22.43700       2.00007      -2.00007
     -22.40400       2.00007      -2.00007
     -22.37100       2.00007      -2.00007
     -22.33800       2.00007      -2.00007
     -22.30500       2.00007      -2.00007
     -22.27200       2.00007      -2.00007
     -22.23900       2.00007      -2.00007
     -22.20600       2.00007      -2.00007
     -22.17300       2.00007      -2.00007
     -22.13900       2.00007      -2.00007
     -22.10600       2.00007      -2.00007
     -22.07300       2.00007      -2.00007
     -22.04000       2.00007      -2.00007
     -22.00700       2.00007      -2.00007
     -21.97400       2.00007      -2.00007
     -21.94100       2.00007      -2.00007
     -21.90800       2.00007      -2.00007
     -21.87500       2.00007      -2.00007
     -21.84200       2.00007      -2.00007
     -21.80900       2.00007      -2.00007
     -21.77600       2.00007      -2.00007
     -21.74300       2.00007      -2.00007
     -21.71000       2.00007      -2.00007
     -21.67700       2.00007      -2.00007
     -21.64400       2.00007      -2.00007
     -21.61100       2.00007      -2.00007
     -21.57800       2.00007      -2.00007
     -21.54500       2.00007      -2.00007
     -21.51200       2.00007      -2.00007
     -21.47900       2.00007      -2.00007
     -21.44600       2.00007      -2.00007
     -21.41300       2.00007      -2.00007
     -21.38000       2.00007      -2.00007
     -21.34700       2.00007      -2.00007
     -21.31400       2.00008      -2.00008
     -21.28100       2.00059      -2.00059
     -21.24800       2.00993      -2.00993
     -21.21500       2.09202      -2.09202
     -21.18200       2.46944      -2.46944
     -21.14900       3.48278      -3.48278
     -21.11600       5.29349      -5.29349
     -21.08300       7.65390      -7.65390
     -21.05000       9.96311      -9.96311
     -21.01700      11.74641     -11.74641
     -20.98400      13.05697     -13.05697
     -20.95100      14.19152     -14.19152
     -20.91800      15.34224     -15.34224
     -20.88500      16.49016     -16.49016
     -20.85200      17.54446     -17.54446
     -20.81900      18.52280     -18.52280
     -20.78600      19.39893     -19.39893
     -20.75200      20.15271     -20.15271
     -20.71900      20.88832     -20.88832
     -20.68600      21.59784     -21.59784
     -20.65300      22.30638     -22.30638
     -20.62000      23.27035     -23.27035
     -20.58700      24.42256     -24.42256
     -20.55400      25.31702     -25.31702
     -20.52100      25.77838     -25.77838
     -20.48800      25.94993     -25.94993
     -20.45500      25.99796     -25.99796
     -20.42200      26.06223     -26.06223
     -20.38900      26.41150     -26.41150
     -20.35600      27.52705     -27.52705
     -20.32300      29.59469     -29.59469
     -20.29000      32.02362     -32.02362
     -20.25700      34.02488     -34.02488
     -20.22400      35.30605     -35.30605
     -20.19100      36.07948     -36.07948
     -20.15800      36.85984     -36.85984
     -20.12500      37.97341     -37.97341
     -20.09200      39.16014     -39.16014
     -20.05900      40.01563     -40.01563
     -20.02600      40.54368     -40.54368
     -19.99300      41.02336     -41.02336
     -19.96000      41.68599     -41.68599
     -19.92700      42.51522     -42.51522
     -19.89400      43.26702     -43.26702
     -19.86100      43.78368     -43.78368
     -19.82800      44.16940     -44.16940
     -19.79500      44.60400     -44.60400
     -19.76200      45.08797     -45.08797
     -19.72900      45.50870     -45.50870
     -19.69600      45.80025     -45.80025
     -19.66300      45.94739     -45.94739
     -19.63000      45.99251     -45.99251
     -19.59700      45.99982     -45.99982
     -19.56400      46.00039     -46.00039
     -19.53100      46.00041     -46.00041
     -19.49800      46.00054     -46.00054
     -19.46500      46.00305     -46.00305
     -19.43200      46.02631     -46.02631
     -19.39800      46.14072     -46.14072
     -19.36500      46.46525     -46.46525
     -19.33200      47.02699     -47.02699
     -19.29900      47.67047     -47.67047
     -19.26600      48.30404     -48.30404
     -19.23300      48.99391     -48.99391
     -19.20000      49.68015     -49.68015
     -19.16700      50.29968     -50.29968
     -19.13400      50.93920     -50.93920
     -19.10100      51.57986     -51.57986
     -19.06800      52.19808     -52.19808
     -19.03500      52.90149     -52.90149
     -19.00200      53.74361     -53.74361
     -18.96900      54.66762     -54.66762
     -18.93600      55.48068     -55.48068
     -18.90300      56.02690     -56.02690
     -18.87000      56.42368     -56.42368
     -18.83700      56.84837     -56.84837
     -18.80400      57.37412     -57.37412
     -18.77100      58.03906     -58.03906
     -18.73800      58.83114     -58.83114
     -18.70500      59.70645     -59.70645
     -18.67200      60.65605     -60.65605
     -18.63900      61.68954     -61.68954
     -18.60600      62.87131     -62.87131
     -18.57300      64.19145     -64.19145
     -18.54000      65.36794     -65.36794
     -18.50700      66.27594     -66.27594
     -18.47400      67.15306     -67.15306
     -18.44100      68.10878     -68.10878
     -18.40800      69.03048     -69.03048
     -18.37500      69.82190     -69.82190
     -18.34200      70.58311     -70.58311
     -18.30900      71.50217     -71.50217
     -18.27600      72.54227     -72.54227
     -18.24300      73.56453     -73.56453
     -18.21000      74.50407     -74.50407
     -18.17700      75.39242     -75.39242
     -18.14400      76.38743     -76.38743
     -18.11100      77.54377     -77.54377
     -18.07800      78.67683     -78.67683
     -18.04500      79.56221     -79.56221
     -18.01100      80.18603     -80.18603
     -17.97800      80.77172     -80.77172
     -17.94500      81.47876     -81.47876
     -17.91200      82.18680     -82.18680
     -17.87900      82.72311     -82.72311
     -17.84600      83.19982     -83.19982
     -17.81300      83.99867     -83.99867
     -17.78000      85.38882     -85.38882
     -17.74700      87.18418     -87.18418
     -17.71400      88.95873     -88.95873
     -17.68100      90.50195     -90.50195
     -17.64800      91.90283     -91.90283
     -17.61500      93.30966     -93.30966
     -17.58200      94.77659     -94.77659
     -17.54900      96.29620     -96.29620
     -17.51600      97.77122     -97.77122
     -17.48300      99.11861     -99.11861
     -17.45000     100.45642    -100.45642
     -17.41700     101.94514    -101.94514
     -17.38400     103.50322    -103.50322
     -17.35100     104.80817    -104.80817
     -17.31800     105.62354    -105.62354
     -17.28500     106.06590    -106.06590
     -17.25200     106.43428    -106.43428
     -17.21900     106.91726    -106.91726
     -17.18600     107.58451    -107.58451
     -17.15300     108.49631    -108.49631
     -17.12000     109.67015    -109.67015
     -17.08700     110.97427    -110.97427
     -17.05400     112.30300    -112.30300
     -17.02100     113.78000    -113.78000
     -16.98800     115.43352    -115.43352
     -16.95500     116.95940    -116.95940
     -16.92200     118.05267    -118.05267
     -16.88900     118.76120    -118.76120
     -16.85600     119.44596    -119.44596
     -16.82300     120.39078    -120.39078
     -16.79000     121.53556    -121.53556
     -16.75700     122.66003    -122.66003
     -16.72400     123.61344    -123.61344
     -16.69100     124.38818    -124.38818
     -16.65700     125.13651    -125.13651
     -16.62400     126.09421    -126.09421
     -16.59100     127.42327    -127.42327
     -16.55800     128.92570    -128.92570
     -16.52500     130.12266    -130.12266
     -16.49200     130.80246    -130.80246
     -16.45900     131.14258    -131.14258
     -16.42600     131.36349    -131.36349
     -16.39300     131.53560    -131.53560
     -16.36000     131.65240    -131.65240
     -16.32700     131.73490    -131.73490
     -16.29400     131.83277    -131.83277
     -16.26100     132.02860    -132.02860
     -16.22800     132.44911    -132.44911
     -16.19500     133.07723    -133.07723
     -16.16200     133.63336    -133.63336
     -16.12900     133.91180    -133.91180
     -16.09600     133.98862    -133.98862
     -16.06300     134.00006    -134.00006
     -16.03000     134.00209    -134.00209
     -15.99700     134.01817    -134.01817
     -15.96400     134.12400    -134.12400
     -15.93100     134.47812    -134.47812
     -15.89800     135.14934    -135.14934
     -15.86500     136.02382    -136.02382
     -15.83200     136.99638    -136.99638
     -15.79900     137.95573    -137.95573
     -15.76600     138.76086    -138.76086
     -15.73300     139.45568    -139.45568
     -15.70000     140.26263    -140.26263
     -15.66700     141.29051    -141.29051
     -15.63400     142.34216    -142.34216
     -15.60100     143.13920    -143.13920
     -15.56800     143.71761    -143.71761
     -15.53500     144.45636    -144.45636
     -15.50200     145.62459    -145.62459
     -15.46900     147.08525    -147.08525
     -15.43600     148.50826    -148.50826
     -15.40300     149.59641    -149.59641
     -15.37000     150.27522    -150.27522
     -15.33700     150.75390    -150.75390
     -15.30300     151.29715    -151.29715
     -15.27000     152.07008    -152.07008
     -15.23700     153.04611    -153.04611
     -15.20400     154.05945    -154.05945
     -15.17100     155.01121    -155.01121
     -15.13800     155.96511    -155.96511
     -15.10500     157.08793    -157.08793
     -15.07200     158.40708    -158.40708
     -15.03900     159.68974    -159.68974
     -15.00600     160.73611    -160.73611
     -14.97300     161.58070    -161.58070
     -14.94000     162.30277    -162.30277
     -14.90700     163.01758    -163.01758
     -14.87400     163.98519    -163.98519
     -14.84100     165.25315    -165.25315
     -14.80800     166.45061    -166.45061
     -14.77500     167.30890    -167.30890
     -14.74200     168.02239    -168.02239
     -14.70900     168.91421    -168.91421
     -14.67600     169.99872    -169.99872
     -14.64300     171.05566    -171.05566
     -14.61000     172.06141    -172.06141
     -14.57700     173.23195    -173.23195
     -14.54400     174.63019    -174.63019
     -14.51100     175.97576    -175.97576
     -14.47800     176.94766    -176.94766
     -14.44500     177.52707    -177.52707
     -14.41200     177.91560    -177.91560
     -14.37900     178.30000    -178.30000
     -14.34600     178.70818    -178.70818
     -14.31300     179.03535    -179.03535
     -14.28000     179.24711    -179.24711
     -14.24700     179.42554    -179.42554
     -14.21400     179.63312    -179.63312
     -14.18100     179.87205    -179.87205
     -14.14800     180.19674    -180.19674
     -14.11500     180.76046    -180.76046
     -14.08200     181.65608    -181.65608
     -14.04900     182.78005    -182.78005
     -14.01600     183.89775    -183.89775
     -13.98300     184.81913    -184.81913
     -13.95000     185.51511    -185.51511
     -13.91600     186.08792    -186.08792
     -13.88300     186.72924    -186.72924
     -13.85000     187.66994    -187.66994
     -13.81700     188.92370    -188.92370
     -13.78400     190.23921    -190.23921
     -13.75100     191.45384    -191.45384
     -13.71800     192.56543    -192.56543
     -13.68500     193.60437    -193.60437
     -13.65200     194.62631    -194.62631
     -13.61900     195.63684    -195.63684
     -13.58600     196.60709    -196.60709
     -13.55300     197.52318    -197.52318
     -13.52000     198.43184    -198.43184
     -13.48700     199.51867    -199.51867
     -13.45400     200.91080    -200.91080
     -13.42100     202.46822    -202.46822
     -13.38800     203.91302    -203.91302
     -13.35500     205.10569    -205.10569
     -13.32200     206.14876    -206.14876
     -13.28900     207.29668    -207.29668
     -13.25600     208.69327    -208.69327
     -13.22300     210.09349    -210.09349
     -13.19000     211.12913    -211.12913
     -13.15700     211.77558    -211.77558
     -13.12400     212.35713    -212.35713
     -13.09100     213.18439    -213.18439
     -13.05800     214.19245    -214.19245
     -13.02500     215.06478    -215.06478
     -12.99200     215.67853    -215.67853
     -12.95900     216.22822    -216.22822
     -12.92600     216.95195    -216.95195
     -12.89300     217.79819    -217.79819
     -12.86000     218.55576    -218.55576
     -12.82700     219.22979    -219.22979
     -12.79400     219.95021    -219.95021
     -12.76100     220.73882    -220.73882
     -12.72800     221.52298    -221.52298
     -12.69500     222.26173    -222.26173
     -12.66200     223.02079    -223.02079
     -12.62900     223.88090    -223.88090
     -12.59600     224.94626    -224.94626
     -12.56200     226.28126    -226.28126
     -12.52900     227.68314    -227.68314
     -12.49600     228.92699    -228.92699
     -12.46300     230.04205    -230.04205
     -12.43000     231.05722    -231.05722
     -12.39700     232.00963    -232.00963
     -12.36400     233.12733    -233.12733
     -12.33100     234.57247    -234.57247
     -12.29800     236.23788    -236.23788
     -12.26500     237.84235    -237.84235
     -12.23200     239.19403    -239.19403
     -12.19900     240.35483    -240.35483
     -12.16600     241.37098    -241.37098
     -12.13300     242.18899    -242.18899
     -12.10000     242.96126    -242.96126
     -12.06700     243.95298    -243.95298
     -12.03400     245.17553    -245.17553
     -12.00100     246.43012    -246.43012
     -11.96800     247.63517    -247.63517
     -11.93500     248.88381    -248.88381
     -11.90200     250.28205    -250.28205
     -11.86900     251.77606    -251.77606
     -11.83600     253.07391    -253.07391
     -11.80300     253.90744    -253.90744
     -11.77000     254.34483    -254.34483
     -11.73700     254.71980    -254.71980
     -11.70400     255.28930    -255.28930
     -11.67100     255.99619    -255.99619
     -11.63800     256.67302    -256.67302
     -11.60500     257.34506    -257.34506
     -11.57200     258.10610    -258.10610
     -11.53900     258.94376    -258.94376
     -11.50600     259.79512    -259.79512
     -11.47300     260.63327    -260.63327
     -11.44000     261.48694    -261.48694
     -11.40700     262.37695    -262.37695
     -11.37400     263.29138    -263.29138
     -11.34100     264.30126    -264.30126
     -11.30800     265.51110    -265.51110
     -11.27500     266.83867    -266.83867
     -11.24200     268.18804    -268.18804
     -11.20900     269.62327    -269.62327
     -11.17500     271.08690    -271.08690
     -11.14200     272.39531    -272.39531
     -11.10900     273.51368    -273.51368
     -11.07600     274.46675    -274.46675
     -11.04300     275.30193    -275.30193
     -11.01000     276.20894    -276.20894
     -10.97700     277.33523    -277.33523
     -10.94400     278.64282    -278.64282
     -10.91100     280.08697    -280.08697
     -10.87800     281.73338    -281.73338
     -10.84500     283.55698    -283.55698
     -10.81200     285.34986    -285.34986
     -10.77900     286.98290    -286.98290
     -10.74600     288.54758    -288.54758
     -10.71300     290.29836    -290.29836
     -10.68000     292.51098    -292.51098
     -10.64700     295.08389    -295.08389
     -10.61400     297.54534    -297.54534
     -10.58100     299.66780    -299.66780
     -10.54800     301.51930    -301.51930
     -10.51500     303.03759    -303.03759
     -10.48200     304.11896    -304.11896
     -10.44900     304.90939    -304.90939
     -10.41600     305.73533    -305.73533
     -10.38300     306.83024    -306.83024
     -10.35000     308.16112    -308.16112
     -10.31700     309.55754    -309.55754
     -10.28400     310.93052    -310.93052
     -10.25100     312.36509    -312.36509
     -10.21800     314.00672    -314.00672
     -10.18500     315.93417    -315.93417
     -10.15200     318.11740    -318.11740
     -10.11900     320.16655    -320.16655
     -10.08600     321.64008    -321.64008
     -10.05300     322.71816    -322.71816
     -10.02000     323.84791    -323.84791
      -9.98700     325.12925    -325.12925
      -9.95400     326.38037    -326.38037
      -9.92100     327.47165    -327.47165
      -9.88800     328.48219    -328.48219
      -9.85500     329.49834    -329.49834
      -9.82100     330.54537    -330.54537
      -9.78800     331.83728    -331.83728
      -9.75500     333.75614    -333.75614
      -9.72200     336.21017    -336.21017
      -9.68900     338.36070    -338.36070
      -9.65600     339.57797    -339.57797
      -9.62300     340.09714    -340.09714
      -9.59000     340.42231    -340.42231
      -9.55700     340.78543    -340.78543
      -9.52400     341.31497    -341.31497
      -9.49100     342.17624    -342.17624
      -9.45800     343.36445    -343.36445
      -9.42500     344.69252    -344.69252
      -9.39200     346.04403    -346.04403
      -9.35900     347.38580    -347.38580
      -9.32600     348.73797    -348.73797
      -9.29300     350.24189    -350.24189
      -9.26000     351.97368    -351.97368
      -9.22700     353.90411    -353.90411
      -9.19400     356.13852    -356.13852
      -9.16100     358.71869    -358.71869
      -9.12800     361.48083    -361.48083
      -9.09500     364.37078    -364.37078
      -9.06200     367.44169    -367.44169
      -9.02900     370.68862    -370.68862
      -8.99600     373.96924    -373.96924
      -8.96300     376.93052    -376.93052
      -8.93000     379.28794    -379.28794
      -8.89700     381.19129    -381.19129
      -8.86400     382.95461    -382.95461
      -8.83100     384.83204    -384.83204
      -8.79800     387.09072    -387.09072
      -8.76500     389.55581    -389.55581
      -8.73200     391.75984    -391.75984
      -8.69900     393.75202    -393.75202
      -8.66600     395.94004    -395.94004
      -8.63300     398.62820    -398.62820
      -8.60000     401.94102    -401.94102
      -8.56700     405.63972    -405.63972
      -8.53400     409.19642    -409.19642
      -8.50100     412.29772    -412.29772
      -8.46800     415.13812    -415.13812
      -8.43400     417.99950    -417.99950
      -8.40100     420.71541    -420.71541
      -8.36800     423.04130    -423.04130
      -8.33500     425.17581    -425.17581
      -8.30200     427.44242    -427.44242
      -8.26900     429.92699    -429.92699
      -8.23600     432.57570    -432.57570
      -8.20300     435.21878    -435.21878
      -8.17000     437.63252    -437.63252
      -8.13700     439.85653    -439.85653
      -8.10400     442.17978    -442.17978
      -8.07100     444.74426    -444.74426
      -8.03800     447.67235    -447.67235
      -8.00500     451.00861    -451.00861
      -7.97200     454.11817    -454.11817
      -7.93900     456.39964    -456.39964
      -7.90600     458.33056    -458.33056
      -7.87300     460.88035    -460.88035
      -7.84000     464.58451    -464.58451
      -7.80700     469.02956    -469.02956
      -7.77400     472.92673    -472.92673
      -7.74100     475.50097    -475.50097
      -7.70800     477.14937    -477.14937
      -7.67500     478.42988    -478.42988
      -7.64200     479.58638    -479.58638
      -7.60900     480.84328    -480.84328
      -7.57600     482.38980    -482.38980
      -7.54300     484.22710    -484.22710
      -7.51000     486.20343    -486.20343
      -7.47700     488.15879    -488.15879
      -7.44400     489.96703    -489.96703
      -7.41100     491.49390    -491.49390
      -7.37800     492.83253    -492.83253
      -7.34500     494.27502    -494.27502
      -7.31200     495.83475    -495.83475
      -7.27900     497.23712    -497.23712
      -7.24600     498.40519    -498.40519
      -7.21300     499.49713    -499.49713
      -7.18000     500.56843    -500.56843
      -7.14700     501.69935    -501.69935
      -7.11400     503.15687    -503.15687
      -7.08000     505.05840    -505.05840
      -7.04700     507.11250    -507.11250
      -7.01400     508.91132    -508.91132
      -6.98100     510.43621    -510.43621
      -6.94800     511.90645    -511.90645
      -6.91500     513.29214    -513.29214
      -6.88200     514.64828    -514.64828
      -6.84900     516.33234    -516.33234
      -6.81600     518.30685    -518.30685
      -6.78300     520.18758    -520.18758
      -6.75000     521.93588    -521.93588
      -6.71700     523.73999    -523.73999
      -6.68400     525.65621    -525.65621
      -6.65100     527.67465    -527.67465
      -6.61800     530.00648    -530.00648
      -6.58500     532.85944    -532.85944
      -6.55200     536.04181    -536.04181
      -6.51900     539.34191    -539.34191
      -6.48600     542.76651    -542.76651
      -6.45300     546.22249    -546.22249
      -6.42000     549.52177    -549.52177
      -6.38700     552.64024    -552.64024
      -6.35400     555.83119    -555.83119
      -6.32100     559.35322    -559.35322
      -6.28800     563.10806    -563.10806
      -6.25500     566.96363    -566.96363
      -6.22200     570.78948    -570.78948
      -6.18900     573.88665    -573.88665
      -6.15600     575.69587    -575.69587
      -6.12300     576.70047    -576.70047
      -6.09000     577.65932    -577.65932
      -6.05700     578.81137    -578.81137
      -6.02400     580.01328    -580.01328
      -5.99100     581.03158    -581.03158
      -5.95800     581.80138    -581.80138
      -5.92500     582.53303    -582.53303
      -5.89200     583.44334    -583.44334
      -5.85900     584.56021    -584.56021
      -5.82600     585.89373    -585.89373
      -5.79300     587.53519    -587.53519
      -5.76000     589.47437    -589.47437
      -5.72600     591.38713    -591.38713
      -5.69300     592.85208    -592.85208
      -5.66000     593.79640    -593.79640
      -5.62700     594.45276    -594.45276
      -5.59400     595.13074    -595.13074
      -5.56100     596.07028    -596.07028
      -5.52800     597.24660    -597.24660
      -5.49500     598.44472    -598.44472
      -5.46200     599.51123    -599.51123
      -5.42900     600.45192    -600.45192
      -5.39600     601.39262    -601.39262
      -5.36300     602.46590    -602.46590
      -5.33000     603.66930    -603.66930
      -5.29700     604.88244    -604.88244
      -5.26400     606.06223    -606.06223
      -5.23100     607.23888    -607.23888
      -5.19800     608.36599    -608.36599
      -5.16500     609.36629    -609.36629
      -5.13200     610.21733    -610.21733
      -5.09900     610.93560    -610.93560
      -5.06600     611.58287    -611.58287
      -5.03300     612.23560    -612.23560
      -5.00000     612.92564    -612.92564
      -4.96700     613.64044    -613.64044
      -4.93400     614.37721    -614.37721
      -4.90100     615.19852    -615.19852
      -4.86800     616.12881    -616.12881
      -4.83500     617.05811    -617.05811
      -4.80200     617.91839    -617.91839
      -4.76900     618.79155    -618.79155
      -4.73600     619.72052    -619.72052
      -4.70300     620.64007    -620.64007
      -4.67000     621.44306    -621.44306
      -4.63700     622.05879    -622.05879
      -4.60400     622.64580    -622.64580
      -4.57100     623.44548    -623.44548
      -4.53800     624.41985    -624.41985
      -4.50500     625.32620    -625.32620
      -4.47200     625.98569    -625.98569
      -4.43900     626.44407    -626.44407
      -4.40600     626.89831    -626.89831
      -4.37300     627.45692    -627.45692
      -4.33900     628.11839    -628.11839
      -4.30600     628.81999    -628.81999
      -4.27300     629.43061    -629.43061
      -4.24000     629.83860    -629.83860
      -4.20700     630.07543    -630.07543
      -4.17400     630.31438    -630.31438
      -4.14100     630.74909    -630.74909
      -4.10800     631.46456    -631.46456
      -4.07500     632.34086    -632.34086
      -4.04200     633.15721    -633.15721
      -4.00900     633.87169    -633.87169
      -3.97600     634.60945    -634.60945
      -3.94300     635.43786    -635.43786
      -3.91000     636.33463    -636.33463
      -3.87700     637.17031    -637.17031
      -3.84400     637.80850    -637.80850
      -3.81100     638.30221    -638.30221
      -3.77800     638.77396    -638.77396
      -3.74500     639.27989    -639.27989
      -3.71200     639.87317    -639.87317
      -3.67900     640.57262    -640.57262
      -3.64600     641.33647    -641.33647
      -3.61300     642.22003    -642.22003
      -3.58000     643.32815    -643.32815
      -3.54700     644.53122    -644.53122
      -3.51400     645.57313    -645.57313
      -3.48100     646.39659    -646.39659
      -3.44800     647.16721    -647.16721
      -3.41500     648.13201    -648.13201
      -3.38200     649.40526    -649.40526
      -3.34900     650.80465    -650.80465
      -3.31600     652.01664    -652.01664
      -3.28300     652.93719    -652.93719
      -3.25000     653.73422    -653.73422
      -3.21700     654.51558    -654.51558
      -3.18400     655.16004    -655.16004
      -3.15100     655.60157    -655.60157
      -3.11800     655.97954    -655.97954
      -3.08500     656.47506    -656.47506
      -3.05200     657.15520    -657.15520
      -3.01900     657.85828    -657.85828
      -2.98500     658.35397    -658.35397
      -2.95200     658.66149    -658.66149
      -2.91900     658.95717    -658.95717
      -2.88600     659.34559    -659.34559
      -2.85300     659.82675    -659.82675
      -2.82000     660.33185    -660.33185
      -2.78700     660.86899    -660.86899
      -2.75400     661.55606    -661.55606
      -2.72100     662.37952    -662.37952
      -2.68800     663.22014    -663.22014
      -2.65500     664.14911    -664.14911
      -2.62200     665.27507    -665.27507
      -2.58900     666.47649    -666.47649
      -2.55600     667.62887    -667.62887
      -2.52300     668.68927    -668.68927
      -2.49000     669.48202    -669.48202
      -2.45700     669.87845    -669.87845
      -2.42400     670.04516    -670.04516
      -2.39100     670.32565    -670.32565
      -2.35800     670.99274    -670.99274
      -2.32500     671.95539    -671.95539
      -2.29200     672.82673    -672.82673
      -2.25900     673.39128    -673.39128
      -2.22600     673.71735    -673.71735
      -2.19300     673.90093    -673.90093
      -2.16000     673.98027    -673.98027
      -2.12700     674.00047    -674.00047
      -2.09400     674.00310    -674.00310
      -2.06100     674.00326    -674.00326
      -2.02800     674.00326    -674.00326
      -1.99500     674.00326    -674.00326
      -1.96200     674.00326    -674.00326
      -1.92900     674.00326    -674.00326
      -1.89600     674.00326    -674.00326
      -1.86300     674.00326    -674.00326
      -1.83000     674.00326    -674.00326
      -1.79700     674.00326    -674.00326
      -1.76400     674.00326    -674.00326
      -1.73100     674.00330    -674.00330
      -1.69800     674.00435    -674.00435
      -1.66500     674.01934    -674.01934
      -1.63200     674.12014    -674.12014
      -1.59800     674.45680    -674.45680
      -1.56500     675.04628    -675.04628
      -1.53200     675.60934    -675.60934
      -1.49900     675.90529    -675.90529
      -1.46600     675.98952    -675.98952
      -1.43300     676.00214    -676.00214
      -1.40000     676.00310    -676.00310
      -1.36700     676.00328    -676.00328
      -1.33400     676.00542    -676.00542
      -1.30100     676.02038    -676.02038
      -1.26800     676.07579    -676.07579
      -1.23500     676.20025    -676.20025
      -1.20200     676.39655    -676.39655
      -1.16900     676.64757    -676.64757
      -1.13600     676.96610    -676.96610
      -1.10300     677.42827    -677.42827
      -1.07000     678.10494    -678.10494
      -1.03700     678.92641    -678.92641
      -1.00400     679.68019    -679.68019
      -0.97100     680.32069    -680.32069
      -0.93800     681.07397    -681.07397
      -0.90500     682.04439    -682.04439
      -0.87200     683.06781    -683.06781
      -0.83900     683.99958    -683.99958
      -0.80600     684.88413    -684.88413
      -0.77300     685.86313    -685.86313
      -0.74000     687.05679    -687.05679
      -0.70700     688.44116    -688.44116
      -0.67400     689.79251    -689.79251
      -0.64100     690.90972    -690.90972
      -0.60800     691.81805    -691.81805
      -0.57500     692.59345    -692.59345
      -0.54200     693.19928    -693.19928
      -0.50900     693.63553    -693.63553
      -0.47600     694.09077    -694.09077
      -0.44300     694.87212    -694.87212
      -0.41000     696.01129    -696.01129
      -0.37700     697.08540    -697.08540
      -0.34400     697.79624    -697.79624
      -0.31100     698.34841    -698.34841
      -0.27800     699.04786    -699.04786
      -0.24400     699.97204    -699.97204
      -0.21100     701.05622    -701.05622
      -0.17800     702.11448    -702.11448
      -0.14500     702.95643    -702.95643
      -0.11200     703.67272    -703.67272
      -0.07900     704.50361    -704.50361
      -0.04600     705.52637    -705.52637
      -0.01300     706.71127    -706.71127
       0.02000     708.01523    -708.01523
       0.05300     709.28303    -709.28303
       0.08600     710.34541    -710.34541
       0.11900     711.14460    -711.14460
       0.15200     711.69445    -711.69445
       0.18500     712.10131    -712.10131
       0.21800     712.51807    -712.51807
       0.25100     713.01310    -713.01310
       0.28400     713.61431    -713.61431
       0.31700     714.33209    -714.33209
       0.35000     715.12170    -715.12170
       0.38300     715.98082    -715.98082
       0.41600     716.88320    -716.88320
       0.44900     717.67397    -717.67397
       0.48200     718.24842    -718.24842
       0.51500     718.70399    -718.70415
       0.54800     719.25764    -719.25846
       0.58100     720.06326    -720.06491
       0.61400     721.03252    -721.03434
       0.64700     721.99220    -721.99336
       0.68000     723.09719    -723.09736
       0.71300     724.59814    -724.59748
       0.74600     726.22408    -726.22309
       0.77900     727.37728    -727.37662
       0.81200     727.87017    -727.86992
       0.84500     727.98826    -727.98812
       0.87800     728.00352    -728.00339
       0.91100     728.01231    -728.01219
       0.94400     728.08170    -728.08165
       0.97700     728.44202    -728.44237
       1.01000     729.60447    -729.60531
       1.04300     731.98617    -731.98735
       1.07600     735.20454    -735.20588
       1.10900     738.34497    -738.34614
       1.14300     741.07640    -741.07741
       1.17600     743.69587    -743.69671
       1.20900     746.17978    -746.18013
       1.24200     748.23620    -748.23588
       1.27500     750.08125    -750.08045
       1.30800     752.10481    -752.10383
       1.34100     754.12176    -754.12095
       1.37400     755.73086    -755.73022
       1.40700     756.82297    -756.82232
       1.44000     757.48642    -757.48578
       1.47300     757.94331    -757.94267
       1.50600     758.52074    -758.51993
       1.53900     759.47596    -759.47499
       1.57200     760.81063    -760.80966
       1.60500     762.34048    -762.33950
       1.63800     763.94925    -763.94827
       1.67100     765.63546    -765.63448
       1.70400     767.32729    -767.32615
       1.73700     768.93556    -768.93442
       1.77000     770.71507    -770.71393
       1.80300     773.14333    -773.14087
       1.83600     776.19460    -776.18950
       1.86900     779.32941    -779.32382
       1.90200     782.20631    -782.20715
       1.93500     784.75743    -784.76471
       1.96800     786.96872    -786.96362
       2.00100     789.03091    -788.99972
       2.03400     791.41707    -791.37647
       2.06700     794.40361    -794.37671
       2.10000     797.58119    -797.56189
       2.13300     800.47262    -800.41633
       2.16600     803.13437    -803.00972
       2.19900     805.74113    -805.58659
       2.23200     808.26021    -808.15752
       2.26500     810.57405    -810.57472
       2.29800     812.69733    -812.77182
       2.33100     814.78033    -814.87215
       2.36400     817.15625    -817.23635
       2.39700     820.27769    -820.30710
       2.43000     823.96154    -823.91334
       2.46300     827.41702    -827.32159
       2.49700     830.36508    -830.25133
       2.53000     833.05259    -832.90994
       2.56300     835.63458    -835.46997
       2.59600     838.29897    -838.12363
       2.62900     841.31572    -841.08127
       2.66200     844.65975    -844.34669
       2.69500     847.93739    -847.63590
       2.72800     850.85111    -850.63053
       2.76100     853.55364    -853.39481
       2.79400     856.42542    -856.31646
       2.82700     859.57807    -859.50477
       2.86000     862.69885    -862.58328
       2.89300     865.42929    -865.21729
       2.92600     867.70762    -867.46128
       2.95900     869.72771    -869.55220
       2.99200     871.71989    -871.66723
       3.02500     873.78406    -873.85706
       3.05800     875.95160    -876.12483
       3.09100     878.29434    -878.52338
       3.12400     880.84545    -881.08572
       3.15700     883.54583    -883.75968
       3.19000     886.36213    -886.50680
       3.22300     889.31301    -889.33168
       3.25600     892.32250    -892.20841
       3.28900     895.21904    -895.07144
       3.32200     897.92355    -897.85818
       3.35500     900.50621    -900.54684
       3.38800     903.09249    -903.19092
       3.42100     905.78330    -905.88206
       3.45400     908.58408    -908.61761
       3.48700     911.37940    -911.30660
       3.52000     914.04032    -913.91452
       3.55300     916.53976    -916.46795
       3.58600     918.94837    -918.97134
       3.61900     921.36128    -921.42404
       3.65200     923.83561    -923.86799
       3.68500     926.38640    -926.38179
       3.71800     928.97714    -928.98806
       3.75100     931.57697    -931.62223
       3.78400     934.21081    -934.21726
       3.81700     936.85769    -936.74906
       3.85100     939.42334    -939.25477
       3.88400     941.85705    -941.75635
       3.91700     944.21134    -944.18709
       3.95000     946.56629    -946.50224
       3.98300     948.90870    -948.74987
       4.01600     951.16672    -950.98478
       4.04900     953.35622    -953.20152
       4.08200     955.54407    -955.39333
       4.11500     957.74497    -957.60446
       4.14800     959.96452    -959.87570
       4.18100     962.25804    -962.22058
       4.21400     964.69209    -964.62853
       4.24700     967.25740    -967.08735
       4.28000     969.85277    -969.61171
       4.31300     972.36987    -972.16761
       4.34600     974.77502    -974.66721
       4.37900     977.12006    -977.07896
       4.41200     979.43984    -979.40799
       4.44500     981.67062    -981.62870
       4.47800     983.78549    -983.74257
       4.51100     985.87129    -985.79156
       4.54400     987.96684    -987.79992
       4.57700     990.02391    -989.77196
       4.61000     992.00404    -991.69908
       4.64300     993.87370    -993.55240
       4.67600     995.62712    -995.31968
       4.70900     997.31730    -997.03925
       4.74200     998.98848    -998.74643
       4.77500    1000.65554   -1000.43974
       4.80800    1002.30675   -1002.10548
       4.84100    1003.86532   -1003.69741
       4.87400    1005.24689   -1005.14948
       4.90700    1006.46746   -1006.47870
       4.94000    1007.62611   -1007.75360
       4.97300    1008.78394   -1008.98045
       5.00600    1009.92822   -1010.13282
       5.03900    1011.04774   -1011.21453
       5.07200    1012.13721   -1012.26090
       5.10500    1013.15980   -1013.27920
       5.13800    1014.09290   -1014.24251
       5.17100    1014.98917   -1015.15332
       5.20400    1015.91170   -1016.01360
       5.23800    1016.82300   -1016.81344
       5.27100    1017.64382   -1017.57382
       5.30400    1018.37464   -1018.30878
       5.33700    1019.07013   -1019.02325
       5.37000    1019.75307   -1019.73245
       5.40300    1020.40018   -1020.40763
       5.43600    1020.96984   -1020.99975
       5.46900    1021.44671   -1021.49990
       5.50200    1021.84713   -1021.93483
       5.53500    1022.20462   -1022.33739
       5.56800    1022.56045   -1022.70594
       5.60100    1022.90968   -1023.01557
       5.63400    1023.21265   -1023.26403
       5.66700    1023.45025   -1023.46404
       5.70000    1023.62190   -1023.62203
       5.73300    1023.73900   -1023.75104
       5.76600    1023.82448   -1023.86048
       5.79900    1023.89430   -1023.94023
       5.83200    1023.94702   -1023.98322
       5.86500    1023.97990   -1023.99915
       5.89800    1023.99718   -1024.00283
       5.93100    1024.00408   -1024.00329
       5.96400    1024.00575   -1024.00332
       5.99700    1024.00596   -1024.00332
       6.03000    1024.00597   -1024.00332
       6.06300    1024.00597   -1024.00332
       6.09600    1024.00597   -1024.00332
       6.12900    1024.00597   -1024.00332
       6.16200    1024.00597   -1024.00332
       6.19500    1024.00597   -1024.00332
       6.22800    1024.00597   -1024.00332
       6.26100    1024.00597   -1024.00332
       6.29400    1024.00597   -1024.00332
       6.32700    1024.00597   -1024.00332
       6.36000    1024.00597   -1024.00332
       6.39300    1024.00597   -1024.00332
       6.42600    1024.00597   -1024.00332
       6.45900    1024.00597   -1024.00332
       6.49200    1024.00597   -1024.00332
       6.52500    1024.00597   -1024.00332
       6.55800    1024.00597   -1024.00332
       6.59200    1024.00597   -1024.00332
       6.62500    1024.00597   -1024.00332
       6.65800    1024.00597   -1024.00332
       6.69100    1024.00597   -1024.00332
       6.72400    1024.00597   -1024.00332
       6.75700    1024.00597   -1024.00332
       6.79000    1024.00597   -1024.00332
       6.82300    1024.00597   -1024.00332
       6.85600    1024.00597   -1024.00332
       6.88900    1024.00597   -1024.00332
       6.92200    1024.00597   -1024.00332
       6.95500    1024.00597   -1024.00332
       6.98800    1024.00597   -1024.00332
       7.02100    1024.00597   -1024.00332
       7.05400    1024.00597   -1024.00332
       7.08700    1024.00597   -1024.00332
       7.12000    1024.00597   -1024.00332
       7.15300    1024.00597   -1024.00332
       7.18600    1024.00597   -1024.00332
       7.21900    1024.00597   -1024.00332
       7.25200    1024.00597   -1024.00332
       7.28500    1024.00597   -1024.00332
       7.31800    1024.00597   -1024.00332
       7.35100    1024.00597   -1024.00332
