      #Energy        TDOS-UP        TDOS-DOWN
     -25.65400       0.00000       0.00000
     -25.62100       0.00000       0.00000
     -25.58800       0.00000       0.00000
     -25.55500       0.00000       0.00000
     -25.52200       0.00000       0.00000
     -25.48900       0.00000       0.00000
     -25.45600       0.00000       0.00000
     -25.42300       0.00000       0.00000
     -25.39000       0.00000       0.00000
     -25.35700       0.00000       0.00000
     -25.32400       0.00000       0.00000
     -25.29100       0.00000       0.00000
     -25.25800       0.00000       0.00000
     -25.22500       0.00000       0.00000
     -25.19200       0.00000       0.00000
     -25.15900       0.00000       0.00000
     -25.12600       0.00000       0.00000
     -25.09300       0.00000       0.00000
     -25.06000       0.00000       0.00000
     -25.02700       0.00000       0.00000
     -24.99400       0.00000       0.00000
     -24.96100       0.00000       0.00000
     -24.92800       0.00000       0.00000
     -24.89500       0.00000       0.00000
     -24.86200       0.00000       0.00000
     -24.82900       0.00000       0.00000
     -24.79600       0.00000       0.00000
     -24.76300       0.00000       0.00000
     -24.73000       0.00000       0.00000
     -24.69700       0.00000       0.00000
     -24.66400       0.00000       0.00000
     -24.63100       0.00000       0.00000
     -24.59800       0.00000       0.00000
     -24.56500       0.00000       0.00000
     -24.53200       0.00000       0.00000
     -24.49900       0.00000       0.00000
     -24.46600       0.00000       0.00000
     -24.43300       0.00000      -0.00000
     -24.40000       0.00000      -0.00000
     -24.36700       0.00000      -0.00000
     -24.33400       0.00002      -0.00001
     -24.30100       0.00200      -0.00097
     -24.26900       0.07642      -0.04279
     -24.23600       1.27300      -0.82450
     -24.20300       9.31600      -6.96800
     -24.17000      30.17000     -26.03000
     -24.13700      43.48000     -43.23000
     -24.10400      27.93000     -32.01000
     -24.07100       7.98100     -10.55000
     -24.03800       1.00900      -1.53900
     -24.00500       0.05595      -0.09871
     -23.97200       0.00135      -0.00276
     -23.93900       0.00001      -0.00003
     -23.90600       0.00000      -0.00000
     -23.87300       0.00000      -0.00000
     -23.84000       0.00000      -0.00000
     -23.80700       0.00000       0.00000
     -23.77400       0.00000       0.00000
     -23.74100       0.00000       0.00000
     -23.70800       0.00000       0.00000
     -23.67500       0.00000       0.00000
     -23.64200       0.00000       0.00000
     -23.60900       0.00000       0.00000
     -23.57600       0.00000       0.00000
     -23.54300       0.00000       0.00000
     -23.51000       0.00000       0.00000
     -23.47700       0.00000       0.00000
     -23.44400       0.00000       0.00000
     -23.41100       0.00000       0.00000
     -23.37800       0.00000       0.00000
     -23.34500       0.00000       0.00000
     -23.31200       0.00000       0.00000
     -23.27900       0.00000       0.00000
     -23.24600       0.00000       0.00000
     -23.21300       0.00000       0.00000
     -23.18000       0.00000       0.00000
     -23.14700       0.00000       0.00000
     -23.11400       0.00000       0.00000
     -23.08100       0.00000       0.00000
     -23.04800       0.00000       0.00000
     -23.01500       0.00000       0.00000
     -22.98200       0.00000       0.00000
     -22.94900       0.00000       0.00000
     -22.91600       0.00000       0.00000
     -22.88300       0.00000       0.00000
     -22.85000       0.00000       0.00000
     -22.81800       0.00000       0.00000
     -22.78500       0.00000       0.00000
     -22.75200       0.00000       0.00000
     -22.71900       0.00000       0.00000
     -22.68600       0.00000       0.00000
     -22.65300       0.00000       0.00000
     -22.62000       0.00000       0.00000
     -22.58700       0.00000       0.00000
     -22.55400       0.00000       0.00000
     -22.52100       0.00000       0.00000
     -22.48800       0.00000       0.00000
     -22.45500       0.00000       0.00000
     -22.42200       0.00000       0.00000
     -22.38900       0.00000       0.00000
     -22.35600       0.00000       0.00000
     -22.32300       0.00000       0.00000
     -22.29000       0.00000       0.00000
     -22.25700       0.00000       0.00000
     -22.22400       0.00000       0.00000
     -22.19100       0.00000       0.00000
     -22.15800       0.00000       0.00000
     -22.12500       0.00000       0.00000
     -22.09200       0.00000       0.00000
     -22.05900       0.00000       0.00000
     -22.02600       0.00000       0.00000
     -21.99300       0.00000       0.00000
     -21.96000       0.00000       0.00000
     -21.92700       0.00000       0.00000
     -21.89400       0.00000       0.00000
     -21.86100       0.00000       0.00000
     -21.82800       0.00000       0.00000
     -21.79500       0.00000       0.00000
     -21.76200       0.00000       0.00000
     -21.72900       0.00000       0.00000
     -21.69600       0.00000       0.00000
     -21.66300       0.00000       0.00000
     -21.63000       0.00000       0.00000
     -21.59700       0.00000       0.00000
     -21.56400       0.00000       0.00000
     -21.53100       0.00000       0.00000
     -21.49800       0.00000       0.00000
     -21.46500       0.00000       0.00000
     -21.43200       0.00000      -0.00000
     -21.40000       0.00000      -0.00000
     -21.36700       0.00000      -0.00000
     -21.33400       0.00001      -0.00000
     -21.30100       0.00099      -0.00020
     -21.26800       0.03569      -0.00980
     -21.23500       0.57810      -0.21570
     -21.20200       4.32100      -2.16600
     -21.16900      15.69000     -10.29000
     -21.13600      31.75000     -25.35000
     -21.10300      47.24000     -40.47000
     -21.07000      63.00000     -55.89000
     -21.03700      68.03000     -67.28000
     -21.00400      56.47000     -62.21000
     -20.97100      41.45000     -47.53000
     -20.93800      31.33000     -35.26000
     -20.90500      29.48000     -29.74000
     -20.87200      30.81000     -30.58000
     -20.83900      30.14000     -30.06000
     -20.80600      30.70000     -29.94000
     -20.77300      29.15000     -30.49000
     -20.74000      27.41000     -28.76000
     -20.70700      25.20000     -27.13000
     -20.67400      18.53000     -21.51000
     -20.64100      16.41000     -16.28000
     -20.60800      23.80000     -20.48000
     -20.57500      31.94000     -29.58000
     -20.54200      32.87000     -32.96000
     -20.50900      25.67000     -28.99000
     -20.47600      12.39000     -17.71000
     -20.44300       3.10400      -5.89800
     -20.41000       1.45600      -1.24000
     -20.37700       7.29800      -3.00600
     -20.34400      24.97000     -13.78000
     -20.31100      52.18000     -36.50000
     -20.27800      74.71000     -63.64000
     -20.24500      74.30000     -77.80000
     -20.21200      49.81000     -65.24000
     -20.17900      23.42000     -37.02000
     -20.14600      11.37000     -16.37000
     -20.11300      11.17000     -10.16000
     -20.08000      18.37000     -13.94000
     -20.04700      26.45000     -22.96000
     -20.01400      28.72000     -28.22000
     -19.98100      27.27000     -27.61000
     -19.94900      23.98000     -25.75000
     -19.91600      19.85000     -22.69000
     -19.88300      16.38000     -18.33000
     -19.85000      13.92000     -15.22000
     -19.81700      12.96000     -13.89000
     -19.78400      14.63000     -14.41000
     -19.75100      16.32000     -16.09000
     -19.71800      16.38000     -16.67000
     -19.68500      14.64000     -15.49000
     -19.65200      12.33000     -13.20000
     -19.61900       8.90200     -10.46000
     -19.58600       3.97500      -5.78500
     -19.55300       0.90000      -1.71200
     -19.52000       0.09568      -0.24280
     -19.48700       0.00481      -0.01584
     -19.45400       0.00977      -0.00341
     -19.42100       0.21580      -0.08540
     -19.38800       2.15500      -1.10300
     -19.35500       9.81300      -6.46400
     -19.32200      21.30000     -17.75000
     -19.28900      25.22000     -25.03000
     -19.25600      22.71000     -23.51000
     -19.22300      22.04000     -21.69000
     -19.19000      23.50000     -22.80000
     -19.15700      23.33000     -23.55000
     -19.12400      24.15000     -23.29000
     -19.09100      29.37000     -27.51000
     -19.05800      28.78000     -30.39000
     -19.02500      17.85000     -22.16000
     -18.99200       8.47600     -10.93000
     -18.95900       6.20800      -6.26700
     -18.92600       9.46900      -7.57500
     -18.89300      16.29000     -13.57000
     -18.86000      18.72000     -18.87000
     -18.82700      13.64000     -16.10000
     -18.79400      11.25000     -11.27000
     -18.76100      18.43000     -14.62000
     -18.72800      30.69000     -26.15000
     -18.69500      36.52000     -35.28000
     -18.66200      34.81000     -35.19000
     -18.62900      35.65000     -34.21000
     -18.59600      41.00000     -38.38000
     -18.56300      46.71000     -44.30000
     -18.53100      48.58000     -48.41000
     -18.49800      42.32000     -45.70000
     -18.46500      31.41000     -36.27000
     -18.43200      18.62000     -24.23000
     -18.39900       8.07300     -11.79000
     -18.36600       7.49000      -5.83200
     -18.33300      16.42000     -10.95000
     -18.30000      22.15000     -20.08000
     -18.26700      18.47000     -20.85000
     -18.23400      15.81000     -16.33000
     -18.20100      22.50000     -17.78000
     -18.16800      34.26000     -27.31000
     -18.13500      40.73000     -37.19000
     -18.10200      38.07000     -40.51000
     -18.06900      31.75000     -35.52000
     -18.03600      31.92000     -30.97000
     -18.00300      36.46000     -35.04000
     -17.97000      36.00000     -38.67000
     -17.93700      29.42000     -34.58000
     -17.90400      21.92000     -25.97000
     -17.87100      19.88000     -19.83000
     -17.83800      25.86000     -21.60000
     -17.80500      35.09000     -29.51000
     -17.77200      39.43000     -37.17000
     -17.73900      36.94000     -38.02000
     -17.70600      38.30000     -36.41000
     -17.67300      40.83000     -40.94000
     -17.64000      37.63000     -41.72000
     -17.60700      36.37000     -38.32000
     -17.57400      33.37000     -34.96000
     -17.54100      30.03000     -29.37000
     -17.50800      37.12000     -30.28000
     -17.47500      50.88000     -43.27000
     -17.44200      53.61000     -54.36000
     -17.40900      46.28000     -50.55000
     -17.37600      42.93000     -44.22000
     -17.34300      41.62000     -43.05000
     -17.31000      36.56000     -39.78000
     -17.27700      29.51000     -33.12000
     -17.24400      24.44000     -26.60000
     -17.21100      24.73000     -24.24000
     -17.17800      24.12000     -25.29000
     -17.14500      19.08000     -21.84000
     -17.11200      18.98000     -18.53000
     -17.08000      26.99000     -23.59000
     -17.04700      37.67000     -33.56000
     -17.01400      43.49000     -41.62000
     -16.98100      39.54000     -41.72000
     -16.94800      31.06000     -34.40000
     -16.91500      26.14000     -27.35000
     -16.88200      24.51000     -25.10000
     -16.84900      20.78000     -22.69000
     -16.81600      20.16000     -19.66000
     -16.78300      29.18000     -24.58000
     -16.75000      40.55000     -36.71000
     -16.71700      40.47000     -42.52000
     -16.68400      30.48000     -35.14000
     -16.65100      27.41000     -27.79000
     -16.61800      32.16000     -30.51000
     -16.58500      31.65000     -31.98000
     -16.55200      26.62000     -26.91000
     -16.51900      21.98000     -22.66000
     -16.48600      16.21000     -19.35000
     -16.45300      10.18000     -13.60000
     -16.42000       5.99000      -8.15800
     -16.38700       3.60600      -4.69200
     -16.35400       2.92300      -3.09300
     -16.32100       3.83800      -3.44600
     -16.28800       7.84800      -6.39000
     -16.25500      15.48000     -12.93000
     -16.22200      20.83000     -19.36000
     -16.18900      21.35000     -19.92000
     -16.15600      23.37000     -20.65000
     -16.12300      20.34000     -22.77000
     -16.09000       9.29200     -15.16000
     -16.05700       1.97300      -4.80100
     -16.02400       0.27440      -0.73070
     -15.99100       0.99230      -0.61610
     -15.95800       5.45400      -3.76000
     -15.92500      15.30000     -12.34000
     -15.89200      23.65000     -21.22000
     -15.85900      26.90000     -23.21000
     -15.82600      33.37000     -27.36000
     -15.79300      37.31000     -36.16000
     -15.76000      29.48000     -34.37000
     -15.72700      20.76000     -23.60000
     -15.69400      21.65000     -17.87000
     -15.66200      28.26000     -21.72000
     -15.62900      27.75000     -28.53000
     -15.59600      18.48000     -26.41000
     -15.56300      11.80000     -17.14000
     -15.53000      15.61000     -13.75000
     -15.49700      25.93000     -20.97000
     -15.46400      28.72000     -28.36000
     -15.43100      25.54000     -27.04000
     -15.39800      30.77000     -28.45000
     -15.36500      40.12000     -37.66000
     -15.33200      39.39000     -39.60000
     -15.29900      32.66000     -32.35000
     -15.26600      29.57000     -29.02000
     -15.23300      27.73000     -29.47000
     -15.20000      23.08000     -26.23000
     -15.16700      20.87000     -20.58000
     -15.13400      24.25000     -20.90000
     -15.10100      27.61000     -24.74000
     -15.06800      31.90000     -28.02000
     -15.03500      33.96000     -32.19000
     -15.00200      30.34000     -32.89000
     -14.96900      28.06000     -31.52000
     -14.93600      28.81000     -31.10000
     -14.90300      29.62000     -30.41000
     -14.87000      31.30000     -31.83000
     -14.83700      32.31000     -33.51000
     -14.80400      30.96000     -30.75000
     -14.77100      29.03000     -26.77000
     -14.73800      23.32000     -25.28000
     -14.70500      19.17000     -20.77000
     -14.67200      28.65000     -22.55000
     -14.63900      40.45000     -36.95000
     -14.60600      39.93000     -44.60000
     -14.57300      31.92000     -38.20000
     -14.54000      25.04000     -29.00000
     -14.50700      25.10000     -25.06000
     -14.47400      30.52000     -29.30000
     -14.44100      27.67000     -29.56000
     -14.40800      19.61000     -21.91000
     -14.37500      18.28000     -18.49000
     -14.34200      19.42000     -19.59000
     -14.30900      17.29000     -17.88000
     -14.27600      14.94000     -15.22000
     -14.24300      14.30000     -14.28000
     -14.21100      16.60000     -15.81000
     -14.17800      20.81000     -20.03000
     -14.14500      18.96000     -20.34000
     -14.11200      11.08000     -13.03000
     -14.07900       7.96800      -7.80400
     -14.04600      13.71000     -10.86000
     -14.01300      24.70000     -20.67000
     -13.98000      29.42000     -28.85000
     -13.94700      23.05000     -25.97000
     -13.91400      18.07000     -19.24000
     -13.88100      21.87000     -20.11000
     -13.84800      28.79000     -26.50000
     -13.81500      34.81000     -32.94000
     -13.78200      38.21000     -38.04000
     -13.74900      34.81000     -36.58000
     -13.71600      28.51000     -30.04000
     -13.68300      24.82000     -25.23000
     -13.65000      24.32000     -23.65000
     -13.61700      26.39000     -23.88000
     -13.58400      34.67000     -29.22000
     -13.55100      45.60000     -40.38000
     -13.51800      50.57000     -48.72000
     -13.48500      51.84000     -50.42000
     -13.45200      51.42000     -50.47000
     -13.41900      45.29000     -47.02000
     -13.38600      39.38000     -40.27000
     -13.35300      35.54000     -37.21000
     -13.32000      27.97000     -33.84000
     -13.28700      18.85000     -25.55000
     -13.25400      16.91000     -17.79000
     -13.22100      24.37000     -20.01000
     -13.18800      34.04000     -31.05000
     -13.15500      36.24000     -38.12000
     -13.12200      31.61000     -34.42000
     -13.08900      28.34000     -29.41000
     -13.05600      26.93000     -27.26000
     -13.02300      26.35000     -26.50000
     -12.99000      25.86000     -26.32000
     -12.95700      27.35000     -26.94000
     -12.92400      29.65000     -29.23000
     -12.89100      28.39000     -29.36000
     -12.85800      25.25000     -26.73000
     -12.82500      24.64000     -25.52000
     -12.79300      22.38000     -24.00000
     -12.76000      14.77000     -16.75000
     -12.72700      10.23000     -10.28000
     -12.69400      13.09000     -11.21000
     -12.66100      19.71000     -17.13000
     -12.62800      24.35000     -23.12000
     -12.59500      24.25000     -24.69000
     -12.56200      25.31000     -24.69000
     -12.52900      34.48000     -30.89000
     -12.49600      47.22000     -43.66000
     -12.46300      50.82000     -50.97000
     -12.43000      44.85000     -47.71000
     -12.39700      34.66000     -37.90000
     -12.36400      28.56000     -28.94000
     -12.33100      31.68000     -29.18000
     -12.29800      34.98000     -33.80000
     -12.26500      32.64000     -33.60000
     -12.23200      29.41000     -30.65000
     -12.19900      31.94000     -30.61000
     -12.16600      40.14000     -37.15000
     -12.13300      43.42000     -42.61000
     -12.10000      41.00000     -40.91000
     -12.06700      41.95000     -40.11000
     -12.03400      42.30000     -42.74000
     -12.00100      35.88000     -39.01000
     -11.96800      30.76000     -31.70000
     -11.93500      31.14000     -29.79000
     -11.90200      31.26000     -31.36000
     -11.86900      28.31000     -30.43000
     -11.83600      27.79000     -28.83000
     -11.80300      29.80000     -29.98000
     -11.77000      27.92000     -29.82000
     -11.73700      19.97000     -23.57000
     -11.70400      14.11000     -15.97000
     -11.67100      16.45000     -15.41000
     -11.63800      25.13000     -23.07000
     -11.60500      29.42000     -29.64000
     -11.57200      24.50000     -25.80000
     -11.53900      22.47000     -21.85000
     -11.50600      25.61000     -24.77000
     -11.47300      27.29000     -27.22000
     -11.44000      27.90000     -27.70000
     -11.40700      28.94000     -28.53000
     -11.37400      30.60000     -30.26000
     -11.34200      33.33000     -32.64000
     -11.30900      36.31000     -35.80000
     -11.27600      35.16000     -35.53000
     -11.24300      33.82000     -33.27000
     -11.21000      35.26000     -34.70000
     -11.17700      33.66000     -34.84000
     -11.14400      28.86000     -30.62000
     -11.11100      26.94000     -27.62000
     -11.07800      31.79000     -30.92000
     -11.04500      41.75000     -39.61000
     -11.01200      51.38000     -49.48000
     -10.97900      53.47000     -53.16000
     -10.94600      49.80000     -50.47000
     -10.91300      45.09000     -45.83000
     -10.88000      44.93000     -44.22000
     -10.84700      49.15000     -47.42000
     -10.81400      53.71000     -52.01000
     -10.78100      57.51000     -56.95000
     -10.74800      55.35000     -56.94000
     -10.71500      49.30000     -49.88000
     -10.68200      54.32000     -49.80000
     -10.64900      68.53000     -63.17000
     -10.61600      70.29000     -71.07000
     -10.58300      56.74000     -61.31000
     -10.55000      44.59000     -47.25000
     -10.51700      37.29000     -39.58000
     -10.48400      31.85000     -34.06000
     -10.45100      32.63000     -32.88000
     -10.41800      35.75000     -36.18000
     -10.38500      35.87000     -36.83000
     -10.35200      37.22000     -37.15000
     -10.31900      40.28000     -39.98000
     -10.28600      43.19000     -42.63000
     -10.25300      49.84000     -47.63000
     -10.22000      65.07000     -57.44000
     -10.18700      89.68000     -77.90000
     -10.15400      96.38000     -96.94000
     -10.12100      66.92000     -81.05000
     -10.08800      35.40000     -44.71000
     -10.05500      28.69000     -29.81000
     -10.02200      31.62000     -31.60000
      -9.98900      34.75000     -34.47000
      -9.95600      42.62000     -41.51000
      -9.92400      47.31000     -46.98000
      -9.89100      42.52000     -43.27000
      -9.85800      38.03000     -37.78000
      -9.82500      47.12000     -44.07000
      -9.79200      64.27000     -60.97000
      -9.75900      69.87000     -69.73000
      -9.72600      59.76000     -62.40000
      -9.69300      43.43000     -47.04000
      -9.66000      27.04000     -30.03000
      -9.62700      20.01000     -19.89000
      -9.59400      27.26000     -24.57000
      -9.56100      34.21000     -33.03000
      -9.52800      29.25000     -30.81000
      -9.49500      18.99000     -21.20000
      -9.46200      12.16000     -13.43000
      -9.42900      13.41000     -12.57000
      -9.39600      23.98000     -21.33000
      -9.36300      34.26000     -32.31000
      -9.33000      39.89000     -38.52000
      -9.29700      46.68000     -45.46000
      -9.26400      57.63000     -56.58000
      -9.23100      66.41000     -66.27000
      -9.19800      63.04000     -63.47000
      -9.16500      58.12000     -55.22000
      -9.13200      66.24000     -57.54000
      -9.09900      81.57000     -66.99000
      -9.06600      93.70000     -76.89000
      -9.03300      99.16000     -86.40000
      -9.00000      97.32000     -91.93000
      -8.96700      90.02000     -94.36000
      -8.93400      76.77000     -89.69000
      -8.90100      58.38000     -73.66000
      -8.86800      43.67000     -52.48000
      -8.83500      36.23000     -40.41000
      -8.80200      42.48000     -42.80000
      -8.76900      64.42000     -57.74000
      -8.73600      78.80000     -75.97000
      -8.70300      74.43000     -79.49000
      -8.67000      70.68000     -71.33000
      -8.63700      80.62000     -73.84000
      -8.60400      96.86000     -93.52000
      -8.57100     115.00000    -115.50000
      -8.53800     124.80000    -125.40000
      -8.50500     114.20000    -120.80000
      -8.47300      87.22000     -97.25000
      -8.44000      64.64000     -67.51000
      -8.40700      60.62000     -53.78000
      -8.37400      66.24000     -59.40000
      -8.34100      69.32000     -69.44000
      -8.30800      72.19000     -72.13000
      -8.27500      74.54000     -75.28000
      -8.24200      76.27000     -83.69000
      -8.20900      70.07000     -79.57000
      -8.17600      52.39000     -56.78000
      -8.14300      48.99000     -40.89000
      -8.11000      66.27000     -48.77000
      -8.07700      78.06000     -66.02000
      -8.04400      89.16000     -79.59000
      -8.01100     105.50000     -89.51000
      -7.97800     111.20000    -103.10000
      -7.94500     102.40000    -113.50000
      -7.91200      89.32000    -106.00000
      -7.87900      87.79000     -96.66000
      -7.84600     102.10000    -102.40000
      -7.81300     116.60000    -114.30000
      -7.78000     108.40000    -116.50000
      -7.74700      73.02000     -87.73000
      -7.71400      46.22000     -48.07000
      -7.68100      46.71000     -35.81000
      -7.64800      56.47000     -49.69000
      -7.61500      55.85000     -61.50000
      -7.58200      43.60000     -53.00000
      -7.54900      27.39000     -34.93000
      -7.51600      19.39000     -23.49000
      -7.48300      26.52000     -25.44000
      -7.45000      37.46000     -35.17000
      -7.41700      45.24000     -44.63000
      -7.38400      55.31000     -55.73000
      -7.35100      62.74000     -63.71000
      -7.31800      58.65000     -59.70000
      -7.28500      50.44000     -49.54000
      -7.25200      48.74000     -47.87000
      -7.21900      52.80000     -52.20000
      -7.18600      61.05000     -58.36000
      -7.15300      60.66000     -61.20000
      -7.12000      53.81000     -54.16000
      -7.08700      58.31000     -50.75000
      -7.05500      65.27000     -59.66000
      -7.02200      54.44000     -61.94000
      -6.98900      41.58000     -47.69000
      -6.95600      38.12000     -37.61000
      -6.92300      30.22000     -33.05000
      -6.89000      32.12000     -30.88000
      -6.85700      53.94000     -44.27000
      -6.82400      64.56000     -59.66000
      -6.79100      54.44000     -55.25000
      -6.75800      53.86000     -50.59000
      -6.72500      61.25000     -62.59000
      -6.69200      56.92000     -65.08000
      -6.65900      53.66000     -55.03000
      -6.62600      65.34000     -59.18000
      -6.59300      80.07000     -72.95000
      -6.56000      88.23000     -81.81000
      -6.52700      95.69000     -90.56000
      -6.49400     103.30000    -102.30000
      -6.46100      99.60000    -108.50000
      -6.42800      84.47000     -98.00000
      -6.39500      73.54000     -82.68000
      -6.36200      72.67000     -73.69000
      -6.32900      81.94000     -71.91000
      -6.29600     101.20000     -86.72000
      -6.26300     121.90000    -114.00000
      -6.23000     129.50000    -128.90000
      -6.19700     117.20000    -117.00000
      -6.16400      86.30000     -84.98000
      -6.13100      47.46000     -56.93000
      -6.09800      19.51000     -38.74000
      -6.06500      14.53000     -20.43000
      -6.03200      26.16000     -10.49000
      -5.99900      34.86000     -17.97000
      -5.96600      35.42000     -33.04000
      -5.93300      32.89000     -39.97000
      -5.90000      28.30000     -37.15000
      -5.86700      24.66000     -31.14000
      -5.83400      30.46000     -25.16000
      -5.80100      44.22000     -25.75000
      -5.76800      52.72000     -35.59000
      -5.73500      49.41000     -46.95000
      -5.70200      37.60000     -51.21000
      -5.66900      27.13000     -44.62000
      -5.63600      26.14000     -32.18000
      -5.60400      32.89000     -26.05000
      -5.57100      37.29000     -30.53000
      -5.53800      34.31000     -37.12000
      -5.50500      30.31000     -36.02000
      -5.47200      30.56000     -30.98000
      -5.43900      33.76000     -29.11000
      -5.40600      35.99000     -31.79000
      -5.37300      37.51000     -35.19000
      -5.34000      39.74000     -36.58000
      -5.30700      38.05000     -39.36000
      -5.27400      30.48000     -41.18000
      -5.24100      23.50000     -35.56000
      -5.20800      21.90000     -26.74000
      -5.17500      24.70000     -22.01000
      -5.14200      28.76000     -22.32000
      -5.10900      30.72000     -26.79000
      -5.07600      28.88000     -31.24000
      -5.04300      24.13000     -30.57000
      -5.01000      21.86000     -25.25000
      -4.97700      22.83000     -21.94000
      -4.94400      24.38000     -23.04000
      -4.91100      25.22000     -25.20000
      -4.87800      22.98000     -26.91000
      -4.84500      26.57000     -25.09000
      -4.81200      35.59000     -27.49000
      -4.77900      35.78000     -34.79000
      -4.74600      29.68000     -34.49000
      -4.71300      25.76000     -27.91000
      -4.68000      20.38000     -23.72000
      -4.64700      14.97000     -20.59000
      -4.61400      14.33000     -15.68000
      -4.58100      15.94000     -13.73000
      -4.54800      16.67000     -15.20000
      -4.51500      14.72000     -16.88000
      -4.48200      12.50000     -15.93000
      -4.44900      11.51000     -13.19000
      -4.41600       9.90200     -11.71000
      -4.38300       8.19500     -10.66000
      -4.35000       8.16400      -9.04700
      -4.31700      11.43000      -8.60800
      -4.28400      18.68000     -11.38000
      -4.25100      23.69000     -17.86000
      -4.21800      21.56000     -23.14000
      -4.18600      21.19000     -22.87000
      -4.15300      25.71000     -22.65000
      -4.12000      25.72000     -25.96000
      -4.08700      24.35000     -25.57000
      -4.05400      25.09000     -24.12000
      -4.02100      21.26000     -24.88000
      -3.98800      18.14000     -21.27000
      -3.95500      22.47000     -18.28000
      -3.92200      29.10000     -23.24000
      -3.88900      33.40000     -30.32000
      -3.85600      29.80000     -33.67000
      -3.82300      17.09000     -29.66000
      -3.79000       5.61100     -16.86000
      -3.75700       2.63500      -5.22700
      -3.72400       8.27900      -2.17700
      -3.69100      20.19000      -7.45500
      -3.65800      30.56000     -18.61000
      -3.62500      36.23000     -27.45000
      -3.59200      41.84000     -34.64000
      -3.55900      45.74000     -44.23000
      -3.52600      40.54000     -47.47000
      -3.49300      32.72000     -39.19000
      -3.46000      27.84000     -30.32000
      -3.42700      24.02000     -27.24000
      -3.39400      21.27000     -24.77000
      -3.36100      21.03000     -23.35000
      -3.32800      24.82000     -24.67000
      -3.29500      28.85000     -26.54000
      -3.26200      28.16000     -23.93000
      -3.22900      22.61000     -21.05000
      -3.19600      15.97000     -21.90000
      -3.16300      14.32000     -18.83000
      -3.13000      19.19000     -13.50000
      -3.09700      23.29000     -14.59000
      -3.06400      19.27000     -21.38000
      -3.03100      11.81000     -22.95000
      -2.99800       8.57200     -15.03000
      -2.96500      10.45000      -8.40600
      -2.93200      14.78000      -7.41300
      -2.89900      16.69000      -9.35200
      -2.86600      15.34000     -13.72000
      -2.83300      15.26000     -15.81000
      -2.80000      20.28000     -12.80000
      -2.76700      29.83000     -10.50000
      -2.73500      33.65000     -12.81000
      -2.70200      29.47000     -19.99000
      -2.66900      30.32000     -29.21000
      -2.63600      32.91000     -31.09000
      -2.60300      26.54000     -25.18000
      -2.57000      18.23000     -23.78000
      -2.53700      16.38000     -26.35000
      -2.50400      16.19000     -26.48000
      -2.47100      11.23000     -23.50000
      -2.43800       8.25700     -19.64000
      -2.40500      14.44000     -22.31000
      -2.37200      23.17000     -28.89000
      -2.33900      26.46000     -28.88000
      -2.30600      23.70000     -25.91000
      -2.27300      16.85000     -23.42000
      -2.24000       8.49400     -18.14000
      -2.20700       2.60900     -10.93000
      -2.17400       0.43190      -4.59800
      -2.14100       0.03527      -1.14600
      -2.10800       0.00134      -0.14720
      -2.07500       0.00002      -0.00895
      -2.04200       0.00000      -0.00025
      -2.00900       0.00000      -0.00000
      -1.97600       0.00000      -0.00000
      -1.94300       0.00000      -0.00000
      -1.91000       0.00000      -0.00000
      -1.87700       0.00002      -0.00000
      -1.84400       0.00089      -0.00017
      -1.81100       0.02283      -0.00579
      -1.77800       0.27090      -0.09300
      -1.74500       1.54000      -0.71190
      -1.71200       4.39900      -2.72100
      -1.67900       6.85900      -5.55000
      -1.64600       6.89700      -6.77100
      -1.61300       6.06800      -6.09400
      -1.58000       6.96200      -5.54100
      -1.54700      11.10000      -7.02200
      -1.51400      15.89000     -11.53000
      -1.48100      16.13000     -15.89000
      -1.44800      11.57000     -15.48000
      -1.41500       7.35100     -10.81000
      -1.38200       6.48900      -6.84700
      -1.34900       7.44700      -6.10200
      -1.31700       7.03200      -7.11600
      -1.28400       3.96600      -7.08400
      -1.25100       1.18300      -4.34200
      -1.21800       0.79160      -1.49400
      -1.18500       4.34400      -1.56300
      -1.15200      13.87000      -6.98000
      -1.11900      22.91000     -17.18000
      -1.08600      25.05000     -23.19000
      -1.05300      26.25000     -24.07000
      -1.02000      27.43000     -26.38000
      -0.98700      24.56000     -27.09000
      -0.95400      18.09000     -23.37000
      -0.92100      13.81000     -16.64000
      -0.88800      18.74000     -13.30000
      -0.85500      29.03000     -19.81000
      -0.82200      31.32000     -29.15000
      -0.78900      26.33000     -29.56000
      -0.75600      26.25000     -25.44000
      -0.72300      29.98000     -26.24000
      -0.69000      28.70000     -29.17000
      -0.65700      27.37000     -27.79000
      -0.62400      29.13000     -27.51000
      -0.59100      27.58000     -29.04000
      -0.55800      22.35000     -26.66000
      -0.52500      19.99000     -21.69000
      -0.49200      21.28000     -19.44000
      -0.45900      20.97000     -21.10000
      -0.42600      23.70000     -21.04000
      -0.39300      30.33000     -22.88000
      -0.36000      33.15000     -29.44000
      -0.32700      33.74000     -32.84000
      -0.29400      35.05000     -32.96000
      -0.26100      31.87000     -33.91000
      -0.22800      23.83000     -32.33000
      -0.19500      21.08000     -24.87000
      -0.16200      24.55000     -20.15000
      -0.12900      27.03000     -22.50000
      -0.09600      28.90000     -25.81000
      -0.06300      31.10000     -27.88000
      -0.03000      30.08000     -31.10000
       0.00300      27.83000     -31.48000
       0.03600      27.52000     -27.79000
       0.06900      29.82000     -25.61000
       0.10200      32.53000     -27.11000
       0.13400      30.91000     -30.54000
       0.16700      26.30000     -31.82000
       0.20000      21.69000     -29.93000
       0.23300      16.29000     -25.55000
       0.26600      11.84000     -18.75000
       0.29900       9.09600     -12.44000
       0.33200       6.35400      -9.48900
       0.36500       7.10700      -8.52600
       0.39800      16.20000     -13.02000
       0.43100      28.70000     -27.14000
       0.46400      31.16000     -33.86000
       0.49700      24.98000     -23.26000
       0.53000      29.10000     -19.11000
       0.56300      40.91000     -34.31000
       0.59600      38.88000     -46.35000
       0.62900      20.78000     -33.22000
       0.66200       5.71100     -12.65000
       0.69500       1.16000      -3.05100
       0.72800       3.10400      -3.27200
       0.76100      11.05000     -10.90000
       0.79400      20.36000     -20.24000
       0.82700      21.91000     -21.61000
       0.86000      21.19000     -19.70000
       0.89300      28.87000     -22.27000
       0.92600      46.91000     -31.31000
       0.95900      60.55000     -49.11000
       0.99200      53.52000     -58.80000
       1.02500      47.17000     -46.79000
       1.05800      62.22000     -38.89000
       1.09100      83.31000     -59.13000
       1.12400      91.81000     -88.30000
       1.15700      84.14000     -96.00000
       1.19000      64.12000     -80.81000
       1.22300      49.26000     -61.71000
       1.25600      53.40000     -57.51000
       1.28900      55.04000     -62.21000
       1.32200      46.47000     -58.62000
       1.35500      46.01000     -46.60000
       1.38800      52.66000     -41.47000
       1.42100      51.08000     -50.55000
       1.45400      41.56000     -54.87000
       1.48700      33.02000     -42.07000
       1.52000      32.87000     -34.04000
       1.55200      38.16000     -36.94000
       1.58500      45.83000     -43.64000
       1.61800      53.74000     -52.37000
       1.65100      53.81000     -54.62000
       1.68400      48.60000     -50.35000
       1.71700      41.07000     -42.68000
       1.75000      36.86000     -36.00000
       1.78300      46.76000     -40.65000
       1.81600      66.20000     -56.63000
       1.84900      76.12000     -71.14000
       1.88200      70.36000     -70.57000
       1.91500      65.86000     -60.24000
       1.94800      73.43000     -60.85000
       1.98100      81.53000     -72.05000
       2.01400      85.84000     -80.38000
       2.04700      93.12000     -84.78000
       2.08000     102.20000     -89.71000
       2.11300     106.70000    -101.10000
       2.14600     104.20000    -115.20000
       2.17900      97.01000    -114.80000
       2.21200      86.53000    -100.60000
       2.24500      76.95000     -87.70000
       2.27800      67.62000     -77.37000
       2.31100      58.12000     -65.26000
       2.34400      55.73000     -56.97000
       2.37700      65.25000     -55.88000
       2.41000      81.33000     -62.84000
       2.44300      95.45000     -81.30000
       2.47600     105.00000    -101.40000
       2.50900     110.90000    -112.40000
       2.54200     109.00000    -114.40000
       2.57500      96.80000    -104.10000
       2.60800      84.65000     -90.02000
       2.64100      80.99000     -83.40000
       2.67400      82.95000     -83.04000
       2.70700      82.87000     -84.47000
       2.74000      78.34000     -80.40000
       2.77300      75.85000     -76.29000
       2.80600      76.27000     -77.97000
       2.83900      73.56000     -76.43000
       2.87200      66.55000     -66.60000
       2.90500      63.73000     -60.89000
       2.93800      66.03000     -64.17000
       2.97100      66.52000     -66.39000
       3.00300      70.01000     -68.65000
       3.03600      79.97000     -78.73000
       3.06900      86.37000     -88.15000
       3.10200      87.52000     -90.78000
       3.13500      89.99000     -92.13000
       3.16800      92.99000     -93.67000
       3.20100      93.89000     -93.65000
       3.23400      92.30000     -91.29000
       3.26700      89.44000     -87.78000
       3.30000      86.11000     -85.28000
       3.33300      80.99000     -81.30000
       3.36600      76.03000     -75.80000
       3.39900      72.83000     -72.73000
       3.43200      71.92000     -72.99000
       3.46500      73.53000     -72.84000
       3.49800      76.95000     -74.71000
       3.53100      81.31000     -80.46000
       3.56400      82.77000     -83.62000
       3.59700      78.65000     -82.65000
       3.63000      74.11000     -80.27000
       3.66300      74.68000     -77.38000
       3.69600      77.51000     -77.04000
       3.72900      76.93000     -77.47000
       3.76200      72.33000     -74.07000
       3.79500      68.46000     -68.39000
       3.82800      67.09000     -65.14000
       3.86100      65.69000     -66.05000
       3.89400      65.46000     -68.29000
       3.92700      69.12000     -69.42000
       3.96000      72.86000     -70.08000
       3.99300      72.77000     -70.57000
       4.02600      71.46000     -70.61000
       4.05900      71.17000     -71.64000
       4.09200      70.15000     -73.74000
       4.12500      70.18000     -75.58000
       4.15800      72.66000     -75.57000
       4.19100      74.95000     -72.37000
       4.22400      74.81000     -70.57000
       4.25700      73.60000     -72.84000
       4.29000      75.40000     -75.92000
       4.32300      77.33000     -76.85000
       4.35600      74.26000     -74.74000
       4.38900      70.62000     -72.16000
       4.42100      68.53000     -70.37000
       4.45400      65.09000     -67.14000
       4.48700      60.40000     -62.37000
       4.52000      56.61000     -58.07000
       4.55300      56.76000     -56.17000
       4.58600      59.05000     -57.49000
       4.61900      59.17000     -58.55000
       4.65200      57.66000     -56.34000
       4.68500      56.13000     -52.22000
       4.71800      53.16000     -49.96000
       4.75100      49.51000     -50.68000
       4.78400      47.15000     -50.84000
       4.81700      44.71000     -48.49000
       4.85000      41.52000     -45.55000
       4.88300      40.11000     -42.90000
       4.91600      39.31000     -39.95000
       4.94900      36.57000     -36.55000
       4.98200      33.18000     -33.75000
       5.01500      31.53000     -32.62000
       5.04800      32.34000     -32.50000
       5.08100      31.35000     -31.57000
       5.11400      27.44000     -29.01000
       5.14700      25.53000     -27.07000
       5.18000      24.41000     -26.36000
       5.21300      23.38000     -25.09000
       5.24600      24.40000     -23.86000
       5.27900      25.00000     -23.06000
       5.31200      23.71000     -21.17000
       5.34500      22.21000     -19.53000
       5.37800      19.73000     -19.12000
       5.41100      16.79000     -18.17000
       5.44400      15.32000     -16.56000
       5.47700      13.69000     -15.71000
       5.51000      11.42000     -14.28000
       5.54300       9.73300     -10.87000
       5.57600       8.99000      -7.84300
       5.60900       8.96400      -6.53400
       5.64200       7.82100      -5.62100
       5.67500       5.41800      -4.59700
       5.70800       3.53200      -3.96000
       5.74100       2.58900      -3.92200
       5.77400       1.94300      -3.15400
       5.80700       1.17300      -1.42600
       5.84000       0.47820      -0.31650
       5.87200       0.11340      -0.03315
       5.90500       0.01378      -0.00161
       5.93800       0.00079      -0.00004
       5.97100       0.00002      -0.00000
       6.00400       0.00000      -0.00000
       6.03700       0.00000      -0.00000
       6.07000       0.00000      -0.00000
       6.10300       0.00000       0.00000
       6.13600       0.00000       0.00000
       6.16900       0.00000       0.00000
       6.20200       0.00000       0.00000
       6.23500       0.00000       0.00000
       6.26800       0.00000       0.00000
       6.30100       0.00000       0.00000
       6.33400       0.00000       0.00000
       6.36700       0.00000       0.00000
       6.40000       0.00000       0.00000
       6.43300       0.00000       0.00000
       6.46600       0.00000       0.00000
       6.49900       0.00000       0.00000
       6.53200       0.00000       0.00000
       6.56500       0.00000       0.00000
       6.59800       0.00000       0.00000
       6.63100       0.00000       0.00000
       6.66400       0.00000       0.00000
       6.69700       0.00000       0.00000
       6.73000       0.00000       0.00000
       6.76300       0.00000       0.00000
       6.79600       0.00000       0.00000
       6.82900       0.00000       0.00000
       6.86200       0.00000       0.00000
       6.89500       0.00000       0.00000
       6.92800       0.00000       0.00000
       6.96100       0.00000       0.00000
       6.99400       0.00000       0.00000
       7.02700       0.00000       0.00000
       7.06000       0.00000       0.00000
       7.09300       0.00000       0.00000
       7.12600       0.00000       0.00000
       7.15900       0.00000       0.00000
       7.19200       0.00000       0.00000
       7.22500       0.00000       0.00000
       7.25800       0.00000       0.00000
       7.29000       0.00000       0.00000
