      #Energy        TDOS-UP        TDOS-DOWN
     -23.37100       0.00000       0.00000
     -23.34000       0.00000       0.00000
     -23.31000       0.00000       0.00000
     -23.27900       0.00000       0.00000
     -23.24900       0.00000       0.00000
     -23.21800       0.00000       0.00000
     -23.18700       0.00000       0.00000
     -23.15700       0.00000       0.00000
     -23.12600       0.00000       0.00000
     -23.09600       0.00000       0.00000
     -23.06500       0.00000       0.00000
     -23.03500       0.00000       0.00000
     -23.00400       0.00000       0.00000
     -22.97300       0.00000       0.00000
     -22.94300       0.00000       0.00000
     -22.91200       0.00000       0.00000
     -22.88200       0.00000       0.00000
     -22.85100       0.00000       0.00000
     -22.82000       0.00000       0.00000
     -22.79000       0.00000       0.00000
     -22.75900       0.00000       0.00000
     -22.72900       0.00000       0.00000
     -22.69800       0.00000       0.00000
     -22.66700       0.00000       0.00000
     -22.63700       0.00000       0.00000
     -22.60600       0.00000       0.00000
     -22.57600       0.00000       0.00000
     -22.54500       0.00000       0.00000
     -22.51400       0.00000       0.00000
     -22.48400       0.00000       0.00000
     -22.45300       0.00000       0.00000
     -22.42300       0.00000       0.00000
     -22.39200       0.00000       0.00000
     -22.36200       0.00000       0.00000
     -22.33100       0.00000       0.00000
     -22.30000       0.00000       0.00000
     -22.27000       0.00000      -0.00000
     -22.23900       0.00000      -0.00000
     -22.20900       0.00000      -0.00000
     -22.17800       0.00000      -0.00000
     -22.14700       0.00009      -0.00009
     -22.11700       0.00436      -0.00436
     -22.08600       0.09955      -0.09955
     -22.05600       1.10900      -1.10900
     -22.02500       6.06900      -6.06900
     -21.99400      16.36000     -16.36000
     -21.96400      21.82000     -21.82000
     -21.93300      14.40000     -14.40000
     -21.90300       4.69800      -4.69800
     -21.87200       0.75500      -0.75500
     -21.84200       0.05949      -0.05949
     -21.81100       0.00229      -0.00229
     -21.78000       0.00004      -0.00004
     -21.75000       0.00000      -0.00000
     -21.71900       0.00000      -0.00000
     -21.68900       0.00000      -0.00000
     -21.65800       0.00000       0.00000
     -21.62700       0.00000       0.00000
     -21.59700       0.00000       0.00000
     -21.56600       0.00000       0.00000
     -21.53600       0.00000      -0.00000
     -21.50500       0.00000      -0.00000
     -21.47400       0.00000      -0.00000
     -21.44400       0.00000      -0.00000
     -21.41300       0.00001      -0.00001
     -21.38300       0.00060      -0.00060
     -21.35200       0.01850      -0.01850
     -21.32100       0.29490      -0.29490
     -21.29100       2.50300      -2.50300
     -21.26000      11.86000     -11.86000
     -21.23000      33.14000     -33.14000
     -21.19900      58.31000     -58.31000
     -21.16900      68.98000     -68.98000
     -21.13800      59.96000     -59.96000
     -21.10700      47.09000     -47.09000
     -21.07700      42.22000     -42.22000
     -21.04600      38.11000     -38.11000
     -21.01600      30.06000     -30.06000
     -20.98500      25.44000     -25.44000
     -20.95400      28.80000     -28.80000
     -20.92400      33.28000     -33.28000
     -20.89300      29.75000     -29.75000
     -20.86300      25.04000     -25.04000
     -20.83200      27.72000     -27.72000
     -20.80100      28.23000     -28.23000
     -20.77100      22.83000     -22.83000
     -20.74000      23.35000     -23.35000
     -20.71000      33.16000     -33.16000
     -20.67900      40.21000     -40.21000
     -20.64900      34.79000     -34.79000
     -20.61800      22.48000     -22.48000
     -20.58700      11.52000     -11.52000
     -20.55700       4.31400      -4.31400
     -20.52600       1.19600      -1.19600
     -20.49600       2.31800      -2.31800
     -20.46500      12.70000     -12.70000
     -20.43400      38.97000     -38.97000
     -20.40400      66.14000     -66.14000
     -20.37300      66.66000     -66.66000
     -20.34300      44.96000     -44.96000
     -20.31200      24.85000     -24.85000
     -20.28100      17.62000     -17.62000
     -20.25100      23.12000     -23.12000
     -20.22000      34.86000     -34.86000
     -20.19000      40.10000     -40.10000
     -20.15900      30.65000     -30.65000
     -20.12800      18.61000     -18.61000
     -20.09800      17.08000     -17.08000
     -20.06700      24.04000     -24.04000
     -20.03700      33.65000     -33.65000
     -20.00600      37.03000     -37.03000
     -19.97600      29.00000     -29.00000
     -19.94500      16.84000     -16.84000
     -19.91400       8.76200      -8.76200
     -19.88400       8.63900      -8.63900
     -19.85300      13.73000     -13.73000
     -19.82300      15.97000     -15.97000
     -19.79200      13.43000     -13.43000
     -19.76100       8.84400      -8.84400
     -19.73100       3.98400      -3.98400
     -19.70000       1.03700      -1.03700
     -19.67000       0.14280      -0.14280
     -19.63900       0.01002      -0.01002
     -19.60800       0.00040      -0.00040
     -19.57800       0.00196      -0.00196
     -19.54700       0.03863      -0.03863
     -19.51700       0.38440      -0.38440
     -19.48600       1.96100      -1.96100
     -19.45600       5.32000      -5.32000
     -19.42500       8.27800      -8.27800
     -19.39400       8.92700      -8.92700
     -19.36400      10.28000     -10.28000
     -19.33300      15.98000     -15.98000
     -19.30300      22.07000     -22.07000
     -19.27200      21.52000     -21.52000
     -19.24100      16.86000     -16.86000
     -19.21100      11.93000     -11.93000
     -19.18000       8.63500      -8.63500
     -19.15000      14.97000     -14.97000
     -19.11900      31.37000     -31.37000
     -19.08800      38.75000     -38.75000
     -19.05800      27.64000     -27.64000
     -19.02700      12.36000     -12.36000
     -18.99700       3.58300      -3.58300
     -18.96600       0.96440      -0.96440
     -18.93500       2.64400      -2.64400
     -18.90500      10.57000     -10.57000
     -18.87400      24.46000     -24.46000
     -18.84400      35.08000     -35.08000
     -18.81300      37.79000     -37.79000
     -18.78300      40.03000     -40.03000
     -18.75200      44.59000     -44.59000
     -18.72100      40.37000     -40.37000
     -18.69100      29.59000     -29.59000
     -18.66000      32.46000     -32.46000
     -18.63000      41.72000     -41.72000
     -18.59900      33.78000     -33.78000
     -18.56800      16.64000     -16.64000
     -18.53800      12.07000     -12.07000
     -18.50700      22.80000     -22.80000
     -18.47700      35.08000     -35.08000
     -18.44600      37.77000     -37.77000
     -18.41500      30.89000     -30.89000
     -18.38500      22.25000     -22.25000
     -18.35400      21.93000     -21.93000
     -18.32400      28.19000     -28.19000
     -18.29300      31.73000     -31.73000
     -18.26300      32.02000     -32.02000
     -18.23200      28.99000     -28.99000
     -18.20100      21.17000     -21.17000
     -18.17100      17.17000     -17.17000
     -18.14000      21.31000     -21.31000
     -18.11000      24.16000     -24.16000
     -18.07900      23.21000     -23.21000
     -18.04800      28.09000     -28.09000
     -18.01800      37.15000     -37.15000
     -17.98700      36.34000     -36.34000
     -17.95700      24.70000     -24.70000
     -17.92600      14.69000     -14.69000
     -17.89500      13.34000     -13.34000
     -17.86500      21.06000     -21.06000
     -17.83400      36.71000     -36.71000
     -17.80400      56.87000     -56.87000
     -17.77300      64.71000     -64.71000
     -17.74200      53.12000     -53.12000
     -17.71200      42.88000     -42.88000
     -17.68100      42.39000     -42.39000
     -17.65100      42.92000     -42.92000
     -17.62000      39.87000     -39.87000
     -17.59000      37.48000     -37.48000
     -17.55900      38.68000     -38.68000
     -17.52800      39.86000     -39.86000
     -17.49800      42.40000     -42.40000
     -17.46700      46.64000     -46.64000
     -17.43700      44.75000     -44.75000
     -17.40600      34.90000     -34.90000
     -17.37500      25.33000     -25.33000
     -17.34500      19.29000     -19.29000
     -17.31400      13.76000     -13.76000
     -17.28400      12.34000     -12.34000
     -17.25300      18.36000     -18.36000
     -17.22200      28.18000     -28.18000
     -17.19200      38.07000     -38.07000
     -17.16100      45.04000     -45.04000
     -17.13100      46.04000     -46.04000
     -17.10000      46.37000     -46.37000
     -17.07000      50.46000     -50.46000
     -17.03900      50.47000     -50.47000
     -17.00800      39.50000     -39.50000
     -16.97800      21.78000     -21.78000
     -16.94700       9.57900      -9.57900
     -16.91700       8.32100      -8.32100
     -16.88600      13.98000     -13.98000
     -16.85500      21.39000     -21.39000
     -16.82500      28.97000     -28.97000
     -16.79400      36.05000     -36.05000
     -16.76400      40.72000     -40.72000
     -16.73300      43.98000     -43.98000
     -16.70200      46.05000     -46.05000
     -16.67200      46.28000     -46.28000
     -16.64100      41.17000     -41.17000
     -16.61100      32.23000     -32.23000
     -16.58000      24.80000     -24.80000
     -16.54900      17.80000     -17.80000
     -16.51900      10.33000     -10.33000
     -16.48800       5.51100      -5.51100
     -16.45800       4.15900      -4.15900
     -16.42700       4.51400      -4.51400
     -16.39700       4.89100      -4.89100
     -16.36600       4.31600      -4.31600
     -16.33500       3.41100      -3.41100
     -16.30500       2.88000      -2.88000
     -16.27400       2.04100      -2.04100
     -16.24400       0.89000      -0.89000
     -16.21300       0.20970      -0.20970
     -16.18200       0.02544      -0.02544
     -16.15200       0.00155      -0.00155
     -16.12100       0.00005      -0.00005
     -16.09100       0.00003      -0.00003
     -16.06000       0.00179      -0.00179
     -16.02900       0.04884      -0.04884
     -15.99900       0.65910      -0.65910
     -15.96800       4.48000      -4.48000
     -15.93800      15.86000     -15.86000
     -15.90700      31.47000     -31.47000
     -15.87700      40.78000     -40.78000
     -15.84600      41.97000     -41.97000
     -15.81500      38.74000     -38.74000
     -15.78500      35.40000     -35.40000
     -15.75400      32.65000     -32.65000
     -15.72400      28.97000     -28.97000
     -15.69300      25.01000     -25.01000
     -15.66200      18.99000     -18.99000
     -15.63200      17.03000     -17.03000
     -15.60100      28.22000     -28.22000
     -15.57100      44.15000     -44.15000
     -15.54000      50.70000     -50.70000
     -15.50900      48.03000     -48.03000
     -15.47900      41.97000     -41.97000
     -15.44800      33.66000     -33.66000
     -15.41800      22.64000     -22.64000
     -15.38700      13.87000     -13.87000
     -15.35600      13.13000     -13.13000
     -15.32600      19.83000     -19.83000
     -15.29500      26.12000     -26.12000
     -15.26500      28.27000     -28.27000
     -15.23400      30.46000     -30.46000
     -15.20400      30.27000     -30.27000
     -15.17300      29.12000     -29.12000
     -15.14200      34.73000     -34.73000
     -15.11200      41.48000     -41.48000
     -15.08100      37.75000     -37.75000
     -15.05100      25.08000     -25.08000
     -15.02000      15.96000     -15.96000
     -14.98900      19.17000     -19.17000
     -14.95900      32.05000     -32.05000
     -14.92800      39.86000     -39.86000
     -14.89800      33.52000     -33.52000
     -14.86700      21.57000     -21.57000
     -14.83600      16.28000     -16.28000
     -14.80600      24.35000     -24.35000
     -14.77500      40.95000     -40.95000
     -14.74500      46.87000     -46.87000
     -14.71400      37.62000     -37.62000
     -14.68400      28.06000     -28.06000
     -14.65300      26.68000     -26.68000
     -14.62200      30.23000     -30.23000
     -14.59200      28.87000     -28.87000
     -14.56100      20.87000     -20.87000
     -14.53100      12.59000     -12.59000
     -14.50000       7.42700      -7.42700
     -14.46900       5.75900      -5.75900
     -14.43900       8.14500      -8.14500
     -14.40800      14.59000     -14.59000
     -14.37800      19.67000     -19.67000
     -14.34700      16.74000     -16.74000
     -14.31600      10.12000     -10.12000
     -14.28600       7.44700      -7.44700
     -14.25500       9.61100      -9.61100
     -14.22500      17.26000     -17.26000
     -14.19400      28.42000     -28.42000
     -14.16300      33.97000     -33.97000
     -14.13300      33.29000     -33.29000
     -14.10200      30.99000     -30.99000
     -14.07200      25.91000     -25.91000
     -14.04100      22.46000     -22.46000
     -14.01100      25.33000     -25.33000
     -13.98000      26.74000     -26.74000
     -13.94900      22.36000     -22.36000
     -13.91900      19.77000     -19.77000
     -13.88800      23.54000     -23.54000
     -13.85800      30.17000     -30.17000
     -13.82700      34.18000     -34.18000
     -13.79600      33.66000     -33.66000
     -13.76600      30.76000     -30.76000
     -13.73500      27.86000     -27.86000
     -13.70500      25.64000     -25.64000
     -13.67400      26.10000     -26.10000
     -13.64300      29.23000     -29.23000
     -13.61300      28.59000     -28.59000
     -13.58200      27.48000     -27.48000
     -13.55200      31.62000     -31.62000
     -13.52100      36.51000     -36.51000
     -13.49100      41.42000     -41.42000
     -13.46000      46.09000     -46.09000
     -13.42900      49.84000     -49.84000
     -13.39900      48.65000     -48.65000
     -13.36800      41.14000     -41.14000
     -13.33800      36.71000     -36.71000
     -13.30700      36.88000     -36.88000
     -13.27600      32.84000     -32.84000
     -13.24600      22.53000     -22.53000
     -13.21500      12.18000     -12.18000
     -13.18500       7.27900      -7.27900
     -13.15400      10.02000     -10.02000
     -13.12300      21.90000     -21.90000
     -13.09300      35.84000     -35.84000
     -13.06200      34.80000     -34.80000
     -13.03200      23.43000     -23.43000
     -13.00100      21.72000     -21.72000
     -12.97000      28.42000     -28.42000
     -12.94000      29.89000     -29.89000
     -12.90900      28.01000     -28.01000
     -12.87900      30.42000     -30.42000
     -12.84800      30.20000     -30.20000
     -12.81800      19.60000     -19.60000
     -12.78700       7.29300      -7.29300
     -12.75600       3.12900      -3.12900
     -12.72600       8.91900      -8.91900
     -12.69500      24.28000     -24.28000
     -12.66500      41.14000     -41.14000
     -12.63400      48.74000     -48.74000
     -12.60300      45.13000     -45.13000
     -12.57300      35.85000     -35.85000
     -12.54200      30.34000     -30.34000
     -12.51200      31.31000     -31.31000
     -12.48100      33.13000     -33.13000
     -12.45000      40.21000     -40.21000
     -12.42000      54.75000     -54.75000
     -12.38900      59.84000     -59.84000
     -12.35900      48.95000     -48.95000
     -12.32800      37.63000     -37.63000
     -12.29800      34.52000     -34.52000
     -12.26700      36.32000     -36.32000
     -12.23600      37.92000     -37.92000
     -12.20600      35.29000     -35.29000
     -12.17500      31.25000     -31.25000
     -12.14500      29.28000     -29.28000
     -12.11400      29.93000     -29.93000
     -12.08300      33.05000     -33.05000
     -12.05300      38.59000     -38.59000
     -12.02200      43.68000     -43.68000
     -11.99200      44.74000     -44.74000
     -11.96100      42.71000     -42.71000
     -11.93000      39.92000     -39.92000
     -11.90000      34.48000     -34.48000
     -11.86900      26.60000     -26.60000
     -11.83900      18.59000     -18.59000
     -11.80800      10.72000     -10.72000
     -11.77700       5.44700      -5.44700
     -11.74700       4.13800      -4.13800
     -11.71600       7.20300      -7.20300
     -11.68600      15.34000     -15.34000
     -11.65500      24.03000     -24.03000
     -11.62500      27.40000     -27.40000
     -11.59400      25.40000     -25.40000
     -11.56300      20.49000     -20.49000
     -11.53300      16.95000     -16.95000
     -11.50200      18.45000     -18.45000
     -11.47200      23.88000     -23.88000
     -11.44100      29.07000     -29.07000
     -11.41000      29.94000     -29.94000
     -11.38000      30.61000     -30.61000
     -11.34900      40.00000     -40.00000
     -11.31900      53.61000     -53.61000
     -11.28800      60.56000     -60.56000
     -11.25700      56.11000     -56.11000
     -11.22700      46.07000     -46.07000
     -11.19600      39.23000     -39.23000
     -11.16600      35.18000     -35.18000
     -11.13500      31.42000     -31.42000
     -11.10500      28.67000     -28.67000
     -11.07400      28.85000     -28.85000
     -11.04300      32.35000     -32.35000
     -11.01300      35.96000     -35.96000
     -10.98200      39.44000     -39.44000
     -10.95200      42.71000     -42.71000
     -10.92100      41.37000     -41.37000
     -10.89000      37.63000     -37.63000
     -10.86000      38.53000     -38.53000
     -10.82900      41.82000     -41.82000
     -10.79900      47.92000     -47.92000
     -10.76800      62.44000     -62.44000
     -10.73700      79.98000     -79.98000
     -10.70700      89.92000     -89.92000
     -10.67600      84.38000     -84.38000
     -10.64600      66.20000     -66.20000
     -10.61500      50.19000     -50.19000
     -10.58400      44.56000     -44.56000
     -10.55400      44.37000     -44.37000
     -10.52300      40.80000     -40.80000
     -10.49300      31.61000     -31.61000
     -10.46200      25.39000     -25.39000
     -10.43200      27.84000     -27.84000
     -10.40100      32.97000     -32.97000
     -10.37000      36.44000     -36.44000
     -10.34000      44.22000     -44.22000
     -10.30900      53.35000     -53.35000
     -10.27900      49.93000     -49.93000
     -10.24800      33.78000     -33.78000
     -10.21700      26.64000     -26.64000
     -10.18700      37.88000     -37.88000
     -10.15600      42.02000     -42.02000
     -10.12600      26.52000     -26.52000
     -10.09500      15.36000     -15.36000
     -10.06400      19.89000     -19.89000
     -10.03400      24.97000     -24.97000
     -10.00300      23.70000     -23.70000
      -9.97300      27.57000     -27.57000
      -9.94200      39.23000     -39.23000
      -9.91200      47.01000     -47.01000
      -9.88100      48.53000     -48.53000
      -9.85000      55.37000     -55.37000
      -9.82000      64.75000     -64.75000
      -9.78900      56.52000     -56.52000
      -9.75900      31.17000     -31.17000
      -9.72800      12.40000     -12.40000
      -9.69700      10.60000     -10.60000
      -9.66700      18.29000     -18.29000
      -9.63600      26.34000     -26.34000
      -9.60600      32.22000     -32.22000
      -9.57500      39.80000     -39.80000
      -9.54400      45.21000     -45.21000
      -9.51400      40.78000     -40.78000
      -9.48300      32.19000     -32.19000
      -9.45300      30.42000     -30.42000
      -9.42200      34.98000     -34.98000
      -9.39100      39.11000     -39.11000
      -9.36100      45.15000     -45.15000
      -9.33000      55.17000     -55.17000
      -9.30000      70.36000     -70.36000
      -9.26900      87.25000     -87.25000
      -9.23900      94.35000     -94.35000
      -9.20800      96.90000     -96.90000
      -9.17700      97.78000     -97.78000
      -9.14700      96.10000     -96.10000
      -9.11600     100.30000    -100.30000
      -9.08600     104.80000    -104.80000
      -9.05500      96.37000     -96.37000
      -9.02400      80.02000     -80.02000
      -8.99400      61.68000     -61.68000
      -8.96300      47.03000     -47.03000
      -8.93300      47.06000     -47.06000
      -8.90200      59.18000     -59.18000
      -8.87100      69.41000     -69.41000
      -8.84100      71.92000     -71.92000
      -8.81000      71.60000     -71.60000
      -8.78000      67.37000     -67.37000
      -8.74900      60.84000     -60.84000
      -8.71900      71.31000     -71.31000
      -8.68800      99.89000     -99.89000
      -8.65700     117.20000    -117.20000
      -8.62700     111.40000    -111.40000
      -8.59600      97.09000     -97.09000
      -8.56600      92.63000     -92.63000
      -8.53500      98.47000     -98.47000
      -8.50400      92.23000     -92.23000
      -8.47400      70.00000     -70.00000
      -8.44300      54.27000     -54.27000
      -8.41300      55.43000     -55.43000
      -8.38200      63.40000     -63.40000
      -8.35100      73.63000     -73.63000
      -8.32100      85.81000     -85.81000
      -8.29000      88.91000     -88.91000
      -8.26000      77.82000     -77.82000
      -8.22900      65.82000     -65.82000
      -8.19800      67.05000     -67.05000
      -8.16800      74.39000     -74.39000
      -8.13700      85.36000     -85.36000
      -8.10700     113.20000    -113.20000
      -8.07600     130.90000    -130.90000
      -8.04600     107.70000    -107.70000
      -8.01500      69.03000     -69.03000
      -7.98400      47.61000     -47.61000
      -7.95400      58.67000     -58.67000
      -7.92300     109.90000    -109.90000
      -7.89300     155.10000    -155.10000
      -7.86200     133.90000    -133.90000
      -7.83100      75.53000     -75.53000
      -7.80100      44.45000     -44.45000
      -7.77000      45.13000     -45.13000
      -7.74000      47.19000     -47.19000
      -7.70900      43.21000     -43.21000
      -7.67800      40.52000     -40.52000
      -7.64800      39.78000     -39.78000
      -7.61700      46.02000     -46.02000
      -7.58700      60.48000     -60.48000
      -7.55600      68.45000     -68.45000
      -7.52600      56.39000     -56.39000
      -7.49500      35.50000     -35.50000
      -7.46400      26.31000     -26.31000
      -7.43400      31.20000     -31.20000
      -7.40300      41.39000     -41.39000
      -7.37300      46.83000     -46.83000
      -7.34200      46.70000     -46.70000
      -7.31100      44.95000     -44.95000
      -7.28100      44.17000     -44.17000
      -7.25000      46.49000     -46.49000
      -7.22000      48.91000     -48.91000
      -7.18900      48.04000     -48.04000
      -7.15800      43.82000     -43.82000
      -7.12800      39.08000     -39.08000
      -7.09700      37.84000     -37.84000
      -7.06700      37.92000     -37.92000
      -7.03600      39.70000     -39.70000
      -7.00500      43.37000     -43.37000
      -6.97500      44.62000     -44.62000
      -6.94400      50.79000     -50.79000
      -6.91400      61.42000     -61.42000
      -6.88300      58.75000     -58.75000
      -6.85300      45.09000     -45.09000
      -6.82200      39.06000     -39.06000
      -6.79100      44.57000     -44.57000
      -6.76100      51.20000     -51.20000
      -6.73000      51.16000     -51.16000
      -6.70000      56.66000     -56.66000
      -6.66900      81.12000     -81.12000
      -6.63800     114.50000    -114.50000
      -6.60800     137.70000    -137.70000
      -6.57700     139.90000    -139.90000
      -6.54700     124.20000    -124.20000
      -6.51600     106.20000    -106.20000
      -6.48500      94.15000     -94.15000
      -6.45500      88.36000     -88.36000
      -6.42400      88.52000     -88.52000
      -6.39400      86.97000     -86.97000
      -6.36300      91.82000     -91.82000
      -6.33300     120.80000    -120.80000
      -6.30200     139.40000    -139.40000
      -6.27100     107.60000    -107.60000
      -6.24100      60.44000     -60.44000
      -6.21000      39.24000     -39.24000
      -6.18000      34.48000     -34.48000
      -6.14900      30.82000     -30.82000
      -6.11800      29.32000     -29.32000
      -6.08800      33.93000     -33.93000
      -6.05700      37.23000     -37.23000
      -6.02700      30.98000     -30.98000
      -5.99600      22.14000     -22.14000
      -5.96500      22.66000     -22.66000
      -5.93500      31.72000     -31.72000
      -5.90400      38.01000     -38.01000
      -5.87400      38.79000     -38.79000
      -5.84300      48.33000     -48.33000
      -5.81200      64.78000     -64.78000
      -5.78200      60.90000     -60.90000
      -5.75100      36.36000     -36.36000
      -5.72100      18.91000     -18.91000
      -5.69000      17.81000     -17.81000
      -5.66000      23.80000     -23.80000
      -5.62900      31.22000     -31.22000
      -5.59800      37.68000     -37.68000
      -5.56800      36.81000     -36.81000
      -5.53700      31.38000     -31.38000
      -5.50700      30.83000     -30.83000
      -5.47600      33.69000     -33.69000
      -5.44500      34.20000     -34.20000
      -5.41500      33.33000     -33.33000
      -5.38400      34.04000     -34.04000
      -5.35400      37.06000     -37.06000
      -5.32300      39.17000     -39.17000
      -5.29200      34.45000     -34.45000
      -5.26200      24.40000     -24.40000
      -5.23100      17.59000     -17.59000
      -5.20100      16.98000     -16.98000
      -5.17000      18.41000     -18.41000
      -5.14000      18.62000     -18.62000
      -5.10900      18.15000     -18.15000
      -5.07800      20.21000     -20.21000
      -5.04800      25.26000     -25.26000
      -5.01700      29.79000     -29.79000
      -4.98700      33.59000     -33.59000
      -4.95600      37.57000     -37.57000
      -4.92500      37.19000     -37.19000
      -4.89500      30.37000     -30.37000
      -4.86400      24.60000     -24.60000
      -4.83400      24.72000     -24.72000
      -4.80300      23.36000     -23.36000
      -4.77200      16.62000     -16.62000
      -4.74200      11.53000     -11.53000
      -4.71100      14.08000     -14.08000
      -4.68100      23.37000     -23.37000
      -4.65000      31.34000     -31.34000
      -4.61900      32.76000     -32.76000
      -4.58900      30.51000     -30.51000
      -4.55800      27.16000     -27.16000
      -4.52800      23.76000     -23.76000
      -4.49700      20.83000     -20.83000
      -4.46700      16.94000     -16.94000
      -4.43600      12.30000     -12.30000
      -4.40500      10.88000     -10.88000
      -4.37500      16.66000     -16.66000
      -4.34400      30.13000     -30.13000
      -4.31400      40.70000     -40.70000
      -4.28300      33.53000     -33.53000
      -4.25200      16.30000     -16.30000
      -4.22200       8.85100      -8.85100
      -4.19100      15.44000     -15.44000
      -4.16100      28.54000     -28.54000
      -4.13000      34.88000     -34.88000
      -4.09900      28.06000     -28.06000
      -4.06900      19.64000     -19.64000
      -4.03800      17.65000     -17.65000
      -4.00800      17.41000     -17.41000
      -3.97700      16.86000     -16.86000
      -3.94700      17.66000     -17.66000
      -3.91600      19.62000     -19.62000
      -3.88500      20.13000     -20.13000
      -3.85500      19.04000     -19.04000
      -3.82400      16.46000     -16.46000
      -3.79400      11.42000     -11.42000
      -3.76300       6.56900      -6.56900
      -3.73200       6.00000      -6.00000
      -3.70200      13.01000     -13.01000
      -3.67100      25.53000     -25.53000
      -3.64100      32.00000     -32.00000
      -3.61000      30.89000     -30.89000
      -3.57900      34.15000     -34.15000
      -3.54900      41.59000     -41.59000
      -3.51800      46.12000     -46.12000
      -3.48800      50.38000     -50.38000
      -3.45700      52.31000     -52.31000
      -3.42600      44.69000     -44.69000
      -3.39600      33.36000     -33.36000
      -3.36500      26.35000     -26.35000
      -3.33500      21.22000     -21.22000
      -3.30400      18.36000     -18.36000
      -3.27400      20.32000     -20.32000
      -3.24300      22.76000     -22.76000
      -3.21200      20.22000     -20.22000
      -3.18200      15.98000     -15.98000
      -3.15100      15.88000     -15.88000
      -3.12100      20.01000     -20.01000
      -3.09000      21.89000     -21.89000
      -3.05900      16.04000     -16.04000
      -3.02900       8.36400      -8.36400
      -2.99800       5.88400      -5.88400
      -2.96800       8.39600      -8.39600
      -2.93700      13.27000     -13.27000
      -2.90600      16.78000     -16.78000
      -2.87600      15.33000     -15.33000
      -2.84500      12.31000     -12.31000
      -2.81500      15.48000     -15.48000
      -2.78400      25.19000     -25.19000
      -2.75400      34.06000     -34.06000
      -2.72300      37.82000     -37.82000
      -2.69200      37.48000     -37.48000
      -2.66200      34.87000     -34.87000
      -2.63100      31.51000     -31.51000
      -2.60100      26.66000     -26.66000
      -2.57000      21.73000     -21.73000
      -2.53900      18.57000     -18.57000
      -2.50900      14.29000     -14.29000
      -2.47800      13.23000     -13.23000
      -2.44800      21.94000     -21.94000
      -2.41700      30.84000     -30.84000
      -2.38600      28.40000     -28.40000
      -2.35600      18.95000     -18.95000
      -2.32500      11.24000     -11.24000
      -2.29500       6.76100      -6.76100
      -2.26400       3.25500      -3.25500
      -2.23300       0.94280      -0.94290
      -2.20300       0.14540      -0.14540
      -2.17200       0.01142      -0.01142
      -2.14200       0.00045      -0.00045
      -2.11100       0.00001      -0.00001
      -2.08100       0.00000      -0.00000
      -2.05000       0.00000      -0.00000
      -2.01900       0.00000      -0.00000
      -1.98900       0.00000      -0.00000
      -1.95800       0.00000       0.00000
      -1.92800       0.00000       0.00000
      -1.89700       0.00000       0.00000
      -1.86600       0.00000       0.00000
      -1.83600       0.00000       0.00000
      -1.80500       0.00000       0.00000
      -1.77500       0.00000       0.00000
      -1.74400       0.00000       0.00000
      -1.71300       0.00000       0.00000
      -1.68300       0.00000      -0.00000
      -1.65200       0.00000      -0.00000
      -1.62200       0.00000      -0.00000
      -1.59100       0.00000      -0.00000
      -1.56100       0.00001      -0.00001
      -1.53000       0.00047      -0.00047
      -1.49900       0.01036      -0.01036
      -1.46900       0.11460      -0.11460
      -1.43800       0.65220      -0.65220
      -1.40800       2.01600      -2.01600
      -1.37700       3.83300      -3.83300
      -1.34600       5.58400      -5.58400
      -1.31600       7.76100      -7.76100
      -1.28500      11.39000     -11.39000
      -1.25500      15.57000     -15.57000
      -1.22400      16.14000     -16.14000
      -1.19300      13.04000     -13.04000
      -1.16300      11.02000     -11.02000
      -1.13200      12.26000     -12.26000
      -1.10200      13.92000     -13.92000
      -1.07100      14.24000     -14.24000
      -1.04000      16.92000     -16.92000
      -1.01000      23.47000     -23.47000
      -0.97900      32.03000     -32.03000
      -0.94900      39.15000     -39.15000
      -0.91800      40.96000     -40.96000
      -0.88800      38.36000     -38.36000
      -0.85700      36.55000     -36.55000
      -0.82600      37.46000     -37.46000
      -0.79600      37.19000     -37.19000
      -0.76500      34.96000     -34.96000
      -0.73500      32.77000     -32.77000
      -0.70400      31.64000     -31.64000
      -0.67300      28.62000     -28.62000
      -0.64300      22.06000     -22.06000
      -0.61200      18.47000     -18.47000
      -0.58200      20.75000     -20.75000
      -0.55100      19.88000     -19.88000
      -0.52000      13.01000     -13.01000
      -0.49000      12.09000     -12.09000
      -0.45900      23.41000     -23.41000
      -0.42900      36.00000     -36.00000
      -0.39800      35.78000     -35.78000
      -0.36800      26.11000     -26.11000
      -0.33700      20.67000     -20.67000
      -0.30600      24.77000     -24.77000
      -0.27600      33.76000     -33.76000
      -0.24500      37.89000     -37.89000
      -0.21500      31.78000     -31.78000
      -0.18400      21.40000     -21.40000
      -0.15300      16.05000     -16.05000
      -0.12300      18.96000     -18.96000
      -0.09200      27.92000     -27.92000
      -0.06200      39.02000     -39.02000
      -0.03100      45.70000     -45.70000
       0.00000      41.00000     -41.00000
       0.03000      31.25000     -31.25000
       0.06100      25.42000     -25.42000
       0.09100      21.63000     -21.63000
       0.12200      18.42000     -18.42000
       0.15300      15.84000     -15.84000
       0.18300      14.24000     -14.24000
       0.21400      17.95000     -17.95000
       0.24400      25.07000     -25.07000
       0.27500      27.64000     -27.64000
       0.30500      25.65000     -25.65000
       0.33600      22.23000     -22.23000
       0.36700      18.93000     -18.93000
       0.39700      19.08000     -19.08000
       0.42800      19.76000     -19.76000
       0.45800      17.65000     -17.65000
       0.48900      14.72000     -14.72000
       0.52000      11.78000     -11.78000
       0.55000      10.09000     -10.09000
       0.58100      14.71000     -14.73000
       0.61100      28.90000     -28.93000
       0.64200      40.98000     -40.97000
       0.67300      38.87000     -38.80000
       0.70300      31.86000     -31.79000
       0.73400      24.98000     -24.98000
       0.76400      13.50000     -13.55000
       0.79500       3.99700      -4.02500
       0.82500       0.95190      -0.95460
       0.85600       2.64900      -2.63300
       0.88700      10.53000     -10.50000
       0.91700      27.89000     -27.87000
       0.94800      55.46000     -55.47000
       0.97800      80.86000     -80.89000
       1.00900      86.78000     -86.81000
       1.04000      85.06000     -85.08000
       1.07000      87.81000     -87.83000
       1.10100      84.53000     -84.53000
       1.13100      67.18000     -67.18000
       1.16200      45.12000     -45.12000
       1.19300      34.90000     -34.88000
       1.22300      38.87000     -38.85000
       1.25400      43.10000     -43.10000
       1.28400      39.36000     -39.37000
       1.31500      34.56000     -34.56000
       1.34600      32.52000     -32.51000
       1.37600      28.48000     -28.47000
       1.40700      22.58000     -22.58000
       1.43700      21.79000     -21.81000
       1.46800      30.60000     -30.63000
       1.49800      42.89000     -42.91000
       1.52900      47.94000     -47.93000
       1.56000      45.07000     -45.05000
       1.59000      43.79000     -43.77000
       1.62100      47.73000     -47.73000
       1.65100      53.34000     -53.34000
       1.68200      58.17000     -58.18000
       1.71300      66.28000     -66.30000
       1.74300      77.96000     -77.97000
       1.77400      83.39000     -83.27000
       1.80400      85.59000     -85.37000
       1.83500      90.46000     -90.36000
       1.86600      82.43000     -82.59000
       1.89600      59.22000     -59.33000
       1.92700      49.14000     -48.48000
       1.95700      68.55000     -67.06000
       1.98800      98.91000     -97.85000
       2.01800     110.80000    -110.70000
       2.04900     102.60000    -101.70000
       2.08000      92.79000     -90.35000
       2.11000      85.47000     -83.35000
       2.14100      76.38000     -76.24000
       2.17100      67.58000     -69.43000
       2.20200      62.11000     -64.32000
       2.23300      57.93000     -59.30000
       2.26300      56.77000     -57.24000
       2.29400      65.95000     -65.59000
       2.32400      79.55000     -78.90000
       2.35500      84.15000     -83.77000
       2.38600      82.11000     -82.14000
       2.41600      84.61000     -84.58000
       2.44700      91.38000     -91.65000
       2.47700      92.23000     -93.99000
       2.50800      85.40000     -87.13000
       2.53900      82.47000     -81.21000
       2.56900      89.09000     -84.72000
       2.60000      96.78000     -92.18000
       2.63000      98.52000     -96.16000
       2.66100      94.31000     -94.85000
       2.69100      84.62000     -87.92000
       2.72200      75.71000     -78.92000
       2.75300      74.93000     -74.49000
       2.78300      81.42000     -78.39000
       2.81400      83.93000     -82.80000
       2.84400      75.56000     -77.01000
       2.87500      67.65000     -68.39000
       2.90600      67.06000     -66.30000
       2.93600      68.09000     -67.81000
       2.96700      67.03000     -68.19000
       2.99700      67.32000     -69.43000
       3.02800      71.64000     -74.63000
       3.05900      75.43000     -78.40000
       3.08900      77.73000     -77.66000
       3.12000      82.63000     -78.92000
       3.15000      87.53000     -84.51000
       3.18100      90.50000     -90.44000
       3.21100      93.25000     -94.50000
       3.24200      92.42000     -93.13000
       3.27300      85.20000     -86.64000
       3.30300      77.37000     -81.12000
       3.33400      75.71000     -79.73000
       3.36400      78.32000     -79.60000
       3.39500      79.20000     -77.33000
       3.42600      76.82000     -73.01000
       3.45600      73.33000     -68.92000
       3.48700      71.82000     -68.24000
       3.51700      72.86000     -70.73000
       3.54800      73.67000     -73.74000
       3.57900      73.88000     -76.46000
       3.60900      75.92000     -79.66000
       3.64000      79.80000     -82.00000
       3.67000      80.90000     -81.30000
       3.70100      78.28000     -78.39000
       3.73200      74.96000     -74.87000
       3.76200      72.21000     -71.97000
       3.79300      70.10000     -70.60000
       3.82300      68.77000     -69.70000
       3.85400      69.24000     -68.02000
       3.88400      70.31000     -66.79000
       3.91500      69.93000     -67.34000
       3.94600      68.44000     -68.92000
       3.97600      67.16000     -69.04000
       4.00700      67.85000     -67.48000
       4.03700      68.71000     -67.21000
       4.06800      68.25000     -68.54000
       4.09900      68.45000     -68.70000
       4.12900      70.34000     -68.99000
       4.16000      73.19000     -72.31000
       4.19000      75.25000     -76.45000
       4.22100      76.28000     -77.65000
       4.25200      77.21000     -76.65000
       4.28200      77.13000     -74.11000
       4.31300      74.18000     -70.93000
       4.34300      70.43000     -69.09000
       4.37400      68.76000     -68.41000
       4.40400      66.98000     -68.16000
       4.43500      62.99000     -65.90000
       4.46600      59.01000     -61.46000
       4.49600      57.11000     -58.83000
       4.52700      56.61000     -58.90000
       4.55700      56.24000     -58.30000
       4.58800      55.07000     -56.73000
       4.61900      53.32000     -56.11000
       4.64900      52.59000     -55.03000
       4.68000      52.36000     -52.63000
       4.71000      49.65000     -50.59000
       4.74100      45.04000     -48.16000
       4.77200      42.44000     -44.84000
       4.80200      43.21000     -42.31000
       4.83300      44.19000     -40.34000
       4.86300      42.64000     -38.00000
       4.89400      39.29000     -36.11000
       4.92500      35.09000     -34.67000
       4.95500      32.35000     -33.63000
       4.98600      32.21000     -33.11000
       5.01600      32.17000     -31.48000
       5.04700      30.84000     -29.81000
       5.07700      28.75000     -29.53000
       5.10800      27.42000     -27.98000
       5.13900      27.67000     -24.86000
       5.16900      27.65000     -23.27000
       5.20000      25.51000     -23.08000
       5.23000      22.29000     -23.17000
       5.26100      19.90000     -22.85000
       5.29200      18.11000     -20.43000
       5.32200      16.49000     -17.10000
       5.35300      15.50000     -16.38000
       5.38300      14.97000     -17.49000
       5.41400      14.71000     -16.65000
       5.44500      14.38000     -14.19000
       5.47500      13.17000     -11.86000
       5.50600      11.19000      -9.80600
       5.53600       9.31600      -8.75900
       5.56700       7.83000      -8.29300
       5.59700       6.17400      -7.08600
       5.62800       4.28100      -5.15100
       5.65900       2.73000      -3.23300
       5.68900       1.61000      -1.69800
       5.72000       0.93690      -0.65490
       5.75000       0.73190      -0.22580
       5.78100       0.80390      -0.25840
       5.81200       0.74970      -0.36480
       5.84200       0.40540      -0.27280
       5.87300       0.11240      -0.10120
       5.90300       0.01546      -0.01849
       5.93400       0.00104      -0.00166
       5.96500       0.00003      -0.00007
       5.99500       0.00000      -0.00000
       6.02600       0.00000      -0.00000
       6.05600       0.00000      -0.00000
       6.08700       0.00000      -0.00000
       6.11800       0.00000      -0.00000
       6.14800       0.00000       0.00000
       6.17900       0.00000       0.00000
       6.20900       0.00000       0.00000
       6.24000       0.00000       0.00000
       6.27000       0.00000       0.00000
       6.30100       0.00000       0.00000
       6.33200       0.00000       0.00000
       6.36200       0.00000       0.00000
       6.39300       0.00000       0.00000
       6.42300       0.00000       0.00000
       6.45400       0.00000       0.00000
       6.48500       0.00000       0.00000
       6.51500       0.00000       0.00000
       6.54600       0.00000       0.00000
       6.57600       0.00000       0.00000
       6.60700       0.00000       0.00000
       6.63800       0.00000       0.00000
       6.66800       0.00000       0.00000
       6.69900       0.00000       0.00000
       6.72900       0.00000       0.00000
       6.76000       0.00000       0.00000
       6.79000       0.00000       0.00000
       6.82100       0.00000       0.00000
       6.85200       0.00000       0.00000
       6.88200       0.00000       0.00000
       6.91300       0.00000       0.00000
       6.94300       0.00000       0.00000
       6.97400       0.00000       0.00000
       7.00500       0.00000       0.00000
       7.03500       0.00000       0.00000
       7.06600       0.00000       0.00000
       7.09600       0.00000       0.00000
       7.12700       0.00000       0.00000
       7.15800       0.00000       0.00000
       7.18800       0.00000       0.00000
