      #Energy        TDOS-UP        TDOS-DOWN
     -22.56400       0.00000       0.00000
     -22.53500       0.00000       0.00000
     -22.50700       0.00000       0.00000
     -22.47900       0.00000       0.00000
     -22.45100       0.00000       0.00000
     -22.42200       0.00000       0.00000
     -22.39400       0.00000       0.00000
     -22.36600       0.00000       0.00000
     -22.33800       0.00000       0.00000
     -22.31000       0.00000       0.00000
     -22.28100       0.00000       0.00000
     -22.25300       0.00000       0.00000
     -22.22500       0.00000       0.00000
     -22.19700       0.00000       0.00000
     -22.16800       0.00000       0.00000
     -22.14000       0.00000       0.00000
     -22.11200       0.00000       0.00000
     -22.08400       0.00000       0.00000
     -22.05500       0.00000       0.00000
     -22.02700       0.00000       0.00000
     -21.99900       0.00000       0.00000
     -21.97100       0.00000       0.00000
     -21.94300       0.00000       0.00000
     -21.91400       0.00000       0.00000
     -21.88600       0.00000       0.00000
     -21.85800       0.00000       0.00000
     -21.83000       0.00000       0.00000
     -21.80100       0.00000       0.00000
     -21.77300       0.00000       0.00000
     -21.74500       0.00000       0.00000
     -21.71700       0.00000       0.00000
     -21.68800       0.00000       0.00000
     -21.66000       0.00000       0.00000
     -21.63200       0.00000       0.00000
     -21.60400       0.00000       0.00000
     -21.57600       0.00000       0.00000
     -21.54700       0.00000      -0.00000
     -21.51900       0.00000      -0.00000
     -21.49100       0.00000      -0.00000
     -21.46300       0.00000      -0.00000
     -21.43400       0.00013      -0.00002
     -21.40600       0.00406      -0.00081
     -21.37800       0.07312      -0.01916
     -21.35000       0.75940      -0.25890
     -21.32100       4.66100      -2.04400
     -21.29300      17.40000      -9.69700
     -21.26500      40.94000     -28.53000
     -21.23700      63.95000     -54.18000
     -21.20900      72.46000     -70.65000
     -21.18000      67.84000     -70.34000
     -21.15200      58.80000     -61.87000
     -21.12400      47.48000     -52.41000
     -21.09600      35.05000     -41.40000
     -21.06700      28.54000     -31.80000
     -21.03900      32.19000     -30.61000
     -21.01100      39.65000     -36.80000
     -20.98300      43.17000     -41.84000
     -20.95400      40.54000     -41.90000
     -20.92600      32.04000     -36.06000
     -20.89800      25.02000     -27.34000
     -20.87000      23.41000     -23.82000
     -20.84200      19.71000     -22.63000
     -20.81300      13.44000     -16.77000
     -20.78500      15.69000     -13.19000
     -20.75700      30.15000     -22.46000
     -20.72900      40.87000     -37.76000
     -20.70000      33.18000     -39.12000
     -20.67200      16.54000     -24.35000
     -20.64400       5.28700      -9.47900
     -20.61600       1.10300      -2.38600
     -20.58700       0.17640      -0.39140
     -20.55900       0.49160      -0.12910
     -20.53100       4.13800      -1.13900
     -20.50300      19.71000      -7.88900
     -20.47500      52.74000     -30.37000
     -20.44600      82.45000     -66.24000
     -20.41800      82.13000     -86.03000
     -20.39000      60.31000     -74.49000
     -20.36200      36.61000     -50.74000
     -20.33300      20.32000     -29.96000
     -20.30500      16.39000     -18.15000
     -20.27700      24.03000     -18.73000
     -20.24900      36.25000     -29.10000
     -20.22000      39.70000     -39.20000
     -20.19200      30.28000     -36.86000
     -20.16400      20.93000     -25.56000
     -20.13600      20.11000     -19.16000
     -20.10800      25.16000     -21.49000
     -20.07900      32.63000     -28.67000
     -20.05100      36.26000     -35.53000
     -20.02300      30.85000     -35.03000
     -19.99500      20.57000     -26.72000
     -19.96600      10.88000     -16.37000
     -19.93800       4.21400      -7.74800
     -19.91000       1.08400      -2.56000
     -19.88200       0.17270      -0.54300
     -19.85300       0.01631      -0.07003
     -19.82500       0.00088      -0.00529
     -19.79700       0.00003      -0.00023
     -19.76900       0.00000      -0.00001
     -19.74100       0.00000      -0.00000
     -19.71200       0.00000      -0.00000
     -19.68400       0.00000      -0.00000
     -19.65600       0.00001      -0.00000
     -19.62800       0.00047      -0.00012
     -19.59900       0.01249      -0.00383
     -19.57100       0.18090      -0.06951
     -19.54300       1.44200      -0.69360
     -19.51500       6.35300      -3.82800
     -19.48600      15.58000     -11.76000
     -19.45800      21.51000     -20.25000
     -19.43000      17.45000     -20.00000
     -19.40200      10.76000     -12.86000
     -19.37400      10.44000      -9.64200
     -19.34500      14.48000     -12.70000
     -19.31700      17.46000     -16.36000
     -19.28900      19.27000     -18.21000
     -19.26100      21.12000     -20.17000
     -19.23200      21.11000     -21.42000
     -19.20400      19.13000     -20.10000
     -19.17600      19.15000     -18.67000
     -19.14800      23.15000     -21.22000
     -19.11900      25.75000     -25.37000
     -19.09100      22.53000     -24.62000
     -19.06300      16.29000     -18.93000
     -19.03500      11.72000     -13.01000
     -19.00700      11.28000     -10.68000
     -18.97800      12.41000     -11.89000
     -18.95000      10.74000     -11.95000
     -18.92200       9.82300      -9.74700
     -18.89400      17.37000     -12.65000
     -18.86500      30.72000     -24.44000
     -18.83700      37.07000     -35.52000
     -18.80900      33.44000     -35.70000
     -18.78100      30.68000     -31.24000
     -18.75200      31.06000     -30.88000
     -18.72400      31.13000     -30.74000
     -18.69600      37.68000     -33.17000
     -18.66800      45.90000     -42.62000
     -18.64000      40.96000     -44.84000
     -18.61100      29.10000     -34.26000
     -18.58300      21.40000     -24.28000
     -18.55500      17.45000     -19.27000
     -18.52700      17.75000     -17.38000
     -18.49800      23.39000     -20.47000
     -18.47000      29.02000     -26.66000
     -18.44200      28.34000     -28.71000
     -18.41400      25.25000     -25.40000
     -18.38500      27.40000     -24.57000
     -18.35700      33.31000     -29.80000
     -18.32900      35.64000     -34.84000
     -18.30100      33.05000     -34.26000
     -18.27300      30.07000     -30.61000
     -18.24400      30.41000     -28.43000
     -18.21600      32.71000     -30.00000
     -18.18800      33.01000     -32.37000
     -18.16000      30.13000     -32.25000
     -18.13100      23.71000     -29.22000
     -18.10300      17.29000     -22.75000
     -18.07500      15.73000     -17.17000
     -18.04700      18.19000     -16.92000
     -18.01800      19.53000     -19.42000
     -17.99000      17.34000     -19.40000
     -17.96200      14.22000     -16.31000
     -17.93400      13.37000     -13.59000
     -17.90600      16.47000     -14.29000
     -17.87700      22.20000     -18.72000
     -17.84900      31.01000     -24.75000
     -17.82100      47.81000     -35.54000
     -17.79300      64.83000     -54.56000
     -17.76400      66.81000     -68.60000
     -17.73600      59.86000     -66.72000
     -17.70800      53.86000     -58.84000
     -17.68000      44.39000     -50.38000
     -17.65100      31.84000     -38.08000
     -17.62300      26.30000     -27.11000
     -17.59500      32.48000     -26.65000
     -17.56700      42.55000     -36.01000
     -17.53800      47.94000     -45.23000
     -17.51000      48.50000     -48.89000
     -17.48200      45.10000     -47.96000
     -17.45400      38.56000     -42.90000
     -17.42600      31.65000     -35.67000
     -17.39700      25.73000     -29.02000
     -17.36900      19.53000     -23.35000
     -17.34100      12.70000     -17.02000
     -17.31300       9.57900     -11.19000
     -17.28400      13.49000     -10.78000
     -17.25600      23.52000     -17.63000
     -17.22800      36.71000     -29.94000
     -17.20000      46.94000     -42.91000
     -17.17100      50.39000     -49.99000
     -17.14300      50.37000     -50.81000
     -17.11500      51.30000     -50.74000
     -17.08700      51.76000     -52.02000
     -17.05900      47.48000     -50.13000
     -17.03000      41.81000     -43.96000
     -17.00200      37.61000     -38.97000
     -16.97400      29.77000     -33.89000
     -16.94600      19.07000     -24.57000
     -16.91700      14.10000     -16.07000
     -16.88900      17.83000     -15.50000
     -16.86100      26.15000     -22.06000
     -16.83300      32.72000     -30.21000
     -16.80400      32.58000     -33.48000
     -16.77600      30.97000     -31.21000
     -16.74800      37.61000     -33.17000
     -16.72000      49.32000     -43.80000
     -16.69200      54.06000     -53.28000
     -16.66300      46.75000     -51.38000
     -16.63500      33.91000     -39.60000
     -16.60700      24.55000     -27.36000
     -16.57900      20.65000     -21.08000
     -16.55000      17.14000     -18.96000
     -16.52200      11.47000     -15.25000
     -16.49400       6.71200      -9.67800
     -16.46600       4.89200      -5.85500
     -16.43700       4.87100      -4.79100
     -16.40900       4.78800      -4.88800
     -16.38100       3.94200      -4.51200
     -16.35300       3.11700      -3.52500
     -16.32500       2.82500      -2.89100
     -16.29600       2.36500      -2.72500
     -16.26800       1.37100      -2.18400
     -16.24000       0.48240      -1.16000
     -16.21200       0.09783      -0.36850
     -16.18300       0.01115      -0.06701
     -16.15500       0.00070      -0.00683
     -16.12700       0.00003      -0.00038
     -16.09900       0.00005      -0.00002
     -16.07000       0.00194      -0.00021
     -16.04200       0.04148      -0.00665
     -16.01400       0.48280      -0.11230
     -15.98600       3.09300      -1.03900
     -15.95800      11.06000      -5.32200
     -15.92900      22.87000     -15.37000
     -15.90100      30.02000     -26.18000
     -15.87300      31.56000     -29.88000
     -15.84500      34.42000     -30.47000
     -15.81600      37.72000     -34.80000
     -15.78800      38.21000     -39.20000
     -15.76000      36.18000     -39.15000
     -15.73200      31.63000     -35.16000
     -15.70300      27.16000     -29.80000
     -15.67500      23.98000     -26.39000
     -15.64700      22.36000     -25.09000
     -15.61900      27.10000     -27.35000
     -15.59100      37.14000     -34.83000
     -15.56200      43.93000     -42.14000
     -15.53400      44.92000     -44.95000
     -15.50600      41.68000     -43.21000
     -15.47800      35.53000     -36.77000
     -15.44900      30.74000     -29.75000
     -15.42100      27.74000     -27.14000
     -15.39300      22.05000     -24.95000
     -15.36500      16.95000     -19.45000
     -15.33600      18.57000     -16.82000
     -15.30800      22.86000     -20.29000
     -15.28000      22.92000     -22.71000
     -15.25200      22.84000     -20.23000
     -15.22400      28.55000     -20.32000
     -15.19500      35.49000     -27.19000
     -15.16700      39.51000     -34.75000
     -15.13900      42.51000     -39.53000
     -15.11100      41.83000     -43.44000
     -15.08200      33.37000     -42.42000
     -15.05400      22.34000     -32.59000
     -15.02600      16.83000     -21.26000
     -14.99800      19.20000     -17.02000
     -14.96900      27.71000     -22.25000
     -14.94100      36.47000     -33.47000
     -14.91300      36.71000     -40.13000
     -14.88500      27.50000     -34.54000
     -14.85700      18.33000     -22.65000
     -14.82800      18.29000     -15.58000
     -14.80000      29.59000     -19.45000
     -14.77200      43.26000     -34.17000
     -14.74400      45.56000     -48.32000
     -14.71500      37.45000     -48.19000
     -14.68700      29.87000     -38.09000
     -14.65900      27.78000     -30.72000
     -14.63100      28.79000     -29.30000
     -14.60200      27.78000     -28.80000
     -14.57400      22.68000     -24.82000
     -14.54600      15.24000     -17.53000
     -14.51800       8.72800     -10.25000
     -14.49000       5.19900      -5.80200
     -14.46100       4.35700      -4.33800
     -14.43300       5.81000      -5.11200
     -14.40500      10.49000      -8.83700
     -14.37700      17.13000     -15.39000
     -14.34800      19.73000     -19.74000
     -14.32000      15.33000     -17.03000
     -14.29200       9.13100     -10.62000
     -14.26400       6.23700      -6.59300
     -14.23500       7.08100      -6.42800
     -14.20700      11.31000      -9.52600
     -14.17900      19.09000     -15.79000
     -14.15100      29.22000     -24.71000
     -14.12300      36.95000     -33.86000
     -14.09400      36.93000     -37.56000
     -14.06600      31.77000     -34.03000
     -14.03800      28.21000     -29.41000
     -14.01000      29.22000     -28.80000
     -13.98100      31.51000     -31.20000
     -13.95300      28.63000     -29.98000
     -13.92500      23.49000     -24.51000
     -13.89700      23.26000     -22.32000
     -13.86800      27.23000     -25.33000
     -13.84000      31.32000     -29.49000
     -13.81200      34.03000     -32.77000
     -13.78400      34.29000     -34.41000
     -13.75600      31.75000     -33.18000
     -13.72700      27.74000     -29.65000
     -13.69900      23.77000     -25.09000
     -13.67100      22.98000     -21.76000
     -13.64300      27.07000     -23.48000
     -13.61400      31.03000     -28.50000
     -13.58600      32.43000     -30.79000
     -13.55800      34.61000     -31.70000
     -13.53000      38.11000     -34.04000
     -13.50100      42.78000     -37.81000
     -13.47300      45.75000     -43.54000
     -13.44500      44.73000     -46.99000
     -13.41700      43.87000     -46.86000
     -13.38900      43.08000     -46.69000
     -13.36000      38.61000     -43.98000
     -13.33200      34.86000     -38.11000
     -13.30400      35.02000     -35.40000
     -13.27600      32.85000     -34.58000
     -13.24700      24.37000     -28.69000
     -13.21900      14.58000     -18.72000
     -13.19100       8.57400     -10.81000
     -13.16300       6.69800      -7.26500
     -13.13400       9.50400      -8.17400
     -13.10600      19.36000     -15.59000
     -13.07800      32.44000     -28.47000
     -13.05000      37.38000     -36.82000
     -13.02200      32.78000     -34.50000
     -12.99300      30.59000     -30.69000
     -12.96500      33.12000     -32.55000
     -12.93700      32.75000     -33.46000
     -12.90900      31.78000     -31.87000
     -12.88000      33.24000     -32.95000
     -12.85200      29.50000     -31.82000
     -12.82400      17.57000     -21.84000
     -12.79600       6.38900      -9.26100
     -12.76700       2.16000      -2.64500
     -12.73900       5.33200      -3.13400
     -12.71100      18.28000     -12.13000
     -12.68300      38.71000     -30.85000
     -12.65500      52.33000     -48.79000
     -12.62600      50.17000     -52.26000
     -12.59800      38.55000     -43.05000
     -12.57000      26.01000     -30.37000
     -12.54200      18.48000     -20.66000
     -12.51300      18.51000     -17.72000
     -12.48500      26.84000     -22.61000
     -12.45700      43.75000     -36.25000
     -12.42900      60.94000     -54.56000
     -12.40000      65.58000     -64.97000
     -12.37200      58.48000     -62.03000
     -12.34400      48.78000     -52.91000
     -12.31600      40.85000     -44.00000
     -12.28800      37.17000     -38.38000
     -12.25900      37.64000     -37.54000
     -12.23100      37.06000     -37.65000
     -12.20300      32.76000     -34.42000
     -12.17500      27.74000     -28.85000
     -12.14600      26.50000     -25.60000
     -12.11800      29.65000     -27.12000
     -12.09000      35.40000     -31.95000
     -12.06200      41.83000     -38.62000
     -12.03300      45.82000     -44.64000
     -12.00500      45.67000     -46.77000
     -11.97700      42.39000     -44.34000
     -11.94900      38.83000     -40.10000
     -11.92100      35.83000     -36.74000
     -11.89200      31.53000     -33.35000
     -11.86400      24.30000     -28.00000
     -11.83600      14.66000     -19.81000
     -11.80800       6.78600     -10.76000
     -11.77900       3.67800      -5.13200
     -11.75100       4.30300      -3.99200
     -11.72300       8.11000      -6.36800
     -11.69500      15.19000     -12.44000
     -11.66600      21.56000     -19.78000
     -11.63800      23.11000     -23.24000
     -11.61000      22.08000     -22.76000
     -11.58200      20.97000     -21.57000
     -11.55400      19.77000     -20.21000
     -11.52500      19.69000     -19.65000
     -11.49700      20.56000     -20.39000
     -11.46900      22.50000     -22.04000
     -11.44100      26.94000     -26.00000
     -11.41200      31.90000     -30.95000
     -11.38400      37.29000     -35.38000
     -11.35600      47.27000     -43.59000
     -11.32800      58.77000     -55.43000
     -11.29900      63.17000     -62.57000
     -11.27100      56.88000     -59.29000
     -11.24300      45.16000     -48.32000
     -11.21500      37.45000     -38.94000
     -11.18700      36.16000     -36.40000
     -11.15800      35.48000     -36.42000
     -11.13000      30.78000     -32.86000
     -11.10200      24.96000     -26.50000
     -11.07400      25.29000     -24.67000
     -11.04500      32.31000     -30.56000
     -11.01700      38.35000     -37.33000
     -10.98900      40.77000     -40.19000
     -10.96100      42.06000     -41.74000
     -10.93200      39.91000     -40.89000
     -10.90400      34.12000     -35.55000
     -10.87600      31.84000     -31.59000
     -10.84800      35.53000     -33.81000
     -10.82000      39.94000     -37.80000
     -10.79100      46.54000     -41.91000
     -10.76300      62.93000     -53.94000
     -10.73500      84.03000     -75.01000
     -10.70700      94.24000     -91.92000
     -10.67800      87.26000     -93.11000
     -10.65000      68.85000     -78.22000
     -10.62200      51.33000     -57.86000
     -10.59400      44.55000     -46.10000
     -10.56500      46.02000     -45.45000
     -10.53700      45.83000     -46.68000
     -10.50900      38.51000     -41.59000
     -10.48100      28.90000     -31.83000
     -10.45300      24.95000     -25.61000
     -10.42400      28.66000     -27.21000
     -10.39600      35.85000     -33.89000
     -10.36800      42.41000     -40.71000
     -10.34000      49.67000     -47.72000
     -10.31100      55.71000     -55.05000
     -10.28300      50.31000     -53.50000
     -10.25500      32.95000     -38.01000
     -10.22700      22.26000     -23.92000
     -10.19800      30.97000     -28.50000
     -10.17000      43.11000     -41.88000
     -10.14200      36.24000     -39.13000
     -10.11400      18.66000     -21.66000
     -10.08600      11.99000     -11.72000
     -10.05700      18.55000     -16.37000
     -10.02900      25.17000     -24.26000
     -10.00100      24.63000     -25.06000
      -9.97300      25.11000     -24.15000
      -9.94400      33.63000     -30.79000
      -9.91600      44.13000     -41.81000
      -9.88800      49.43000     -48.57000
      -9.86000      52.99000     -52.04000
      -9.83100      58.53000     -57.51000
      -9.80300      60.69000     -61.42000
      -9.77500      51.13000     -54.90000
      -9.74700      30.67000     -35.64000
      -9.71900      14.57000     -16.92000
      -9.69000      12.75000     -11.69000
      -9.66200      19.76000     -17.35000
      -9.63400      26.03000     -24.43000
      -9.60600      28.42000     -27.76000
      -9.57700      30.45000     -29.86000
      -9.54900      32.99000     -32.57000
      -9.52100      35.42000     -34.70000
      -9.49300      37.90000     -37.14000
      -9.46400      36.46000     -37.05000
      -9.43600      32.07000     -32.68000
      -9.40800      31.10000     -30.46000
      -9.38000      33.08000     -32.82000
      -9.35200      37.03000     -37.22000
      -9.32300      44.62000     -43.87000
      -9.29500      52.65000     -49.16000
      -9.26700      68.90000     -56.14000
      -9.23900     103.90000     -78.52000
      -9.21000     137.90000    -111.50000
      -9.18200     146.30000    -134.70000
      -9.15400     133.20000    -135.80000
      -9.12600     112.70000    -118.60000
      -9.09700      93.56000     -98.64000
      -9.06900      82.72000     -88.13000
      -9.04100      79.71000     -88.44000
      -9.01300      74.29000     -88.22000
      -8.98500      61.00000     -74.77000
      -8.95600      49.79000     -54.70000
      -8.92800      54.19000     -47.50000
      -8.90000      69.65000     -59.39000
      -8.87200      80.81000     -75.21000
      -8.84300      83.87000     -82.48000
      -8.81500      79.99000     -85.03000
      -8.78700      71.05000     -81.85000
      -8.75900      65.84000     -71.14000
      -8.73000      69.80000     -65.67000
      -8.70200      80.21000     -76.22000
      -8.67400      91.23000     -94.57000
      -8.64600      98.93000    -105.30000
      -8.61700     103.70000    -104.50000
      -8.58900     105.10000     -95.28000
      -8.56100     102.80000     -88.65000
      -8.53300      95.30000     -94.46000
      -8.50500      80.86000     -96.12000
      -8.47600      62.66000     -79.31000
      -8.44800      48.70000     -58.21000
      -8.42000      46.69000     -49.20000
      -8.39200      58.49000     -56.79000
      -8.36300      74.02000     -72.00000
      -8.33500      83.03000     -82.08000
      -8.30700      83.34000     -82.81000
      -8.27900      78.17000     -73.30000
      -8.25000      81.92000     -61.13000
      -8.22200      97.45000     -59.05000
      -8.19400     101.80000     -72.68000
      -8.16600      89.63000     -91.22000
      -8.13800      81.54000     -95.95000
      -8.10900      82.19000     -95.51000
      -8.08100      90.33000    -107.70000
      -8.05300      98.30000    -117.70000
      -8.02500      85.19000    -100.70000
      -7.99600      56.71000     -63.61000
      -7.96800      42.38000     -36.94000
      -7.94000      61.93000     -40.17000
      -7.91200     114.80000     -80.55000
      -7.88300     158.10000    -140.90000
      -7.85500     141.00000    -161.50000
      -7.82700      89.23000    -120.10000
      -7.79900      59.47000     -71.97000
      -7.77100      51.99000     -54.32000
      -7.74200      43.68000     -50.71000
      -7.71400      36.72000     -44.70000
      -7.68600      39.44000     -38.72000
      -7.65800      47.08000     -35.86000
      -7.62900      52.65000     -38.25000
      -7.60100      54.54000     -49.04000
      -7.57300      55.33000     -61.80000
      -7.54500      52.99000     -64.92000
      -7.51600      44.38000     -55.62000
      -7.48800      37.30000     -44.20000
      -7.46000      34.21000     -38.06000
      -7.43200      27.79000     -30.88000
      -7.40400      21.98000     -22.98000
      -7.37500      23.69000     -22.36000
      -7.34700      30.15000     -27.94000
      -7.31900      38.11000     -35.22000
      -7.29100      44.36000     -40.93000
      -7.26200      47.69000     -41.68000
      -7.23400      54.15000     -46.16000
      -7.20600      60.24000     -59.47000
      -7.17800      56.68000     -65.10000
      -7.14900      45.81000     -54.58000
      -7.12100      35.87000     -39.13000
      -7.09300      33.00000     -30.51000
      -7.06500      35.86000     -30.76000
      -7.03700      38.41000     -34.13000
      -7.00800      41.44000     -38.08000
      -6.98000      46.48000     -43.01000
      -6.95200      50.17000     -46.73000
      -6.92400      54.84000     -52.61000
      -6.89500      59.29000     -61.53000
      -6.86700      56.12000     -61.81000
      -6.83900      50.48000     -51.28000
      -6.81100      51.16000     -43.39000
      -6.78200      51.00000     -43.84000
      -6.75400      43.27000     -45.29000
      -6.72600      39.80000     -42.11000
      -6.69800      53.03000     -42.36000
      -6.67000      77.97000     -57.84000
      -6.64100     102.50000     -87.38000
      -6.61300     116.90000    -117.70000
      -6.58500     116.00000    -132.30000
      -6.55700     110.20000    -126.70000
      -6.52800     114.10000    -114.10000
      -6.50000     118.80000    -109.40000
      -6.47200     107.40000    -109.90000
      -6.44400      88.35000    -104.70000
      -6.41500      78.17000     -93.99000
      -6.38700      76.37000     -85.13000
      -6.35900      75.75000     -78.59000
      -6.33100      83.81000     -78.91000
      -6.30300     117.10000    -101.30000
      -6.27400     155.70000    -136.60000
      -6.24600     148.00000    -141.80000
      -6.21800      97.53000    -102.10000
      -6.19000      60.13000     -56.24000
      -6.16100      47.74000     -37.93000
      -6.13300      37.51000     -40.77000
      -6.10500      29.57000     -40.92000
      -6.07700      30.80000     -32.48000
      -6.04800      34.31000     -27.68000
      -6.02000      30.65000     -30.24000
      -5.99200      22.16000     -33.24000
      -5.96400      21.45000     -30.05000
      -5.93600      32.03000     -24.56000
      -5.90700      42.77000     -27.96000
      -5.87900      44.95000     -38.63000
      -5.85100      46.02000     -42.49000
      -5.82300      50.75000     -39.34000
      -5.79400      49.02000     -43.64000
      -5.76600      39.39000     -52.01000
      -5.73800      31.34000     -49.28000
      -5.71000      27.12000     -38.73000
      -5.68100      25.22000     -30.63000
      -5.65300      26.89000     -26.22000
      -5.62500      32.50000     -25.18000
      -5.59700      37.76000     -28.40000
      -5.56900      37.86000     -34.44000
      -5.54000      35.65000     -37.88000
      -5.51200      35.14000     -35.93000
      -5.48400      34.97000     -33.67000
      -5.45600      34.87000     -34.24000
      -5.42700      35.23000     -35.05000
      -5.39900      35.71000     -35.32000
      -5.37100      37.85000     -36.59000
      -5.34300      40.29000     -39.24000
      -5.31400      37.90000     -42.03000
      -5.28600      29.42000     -41.32000
      -5.25800      19.62000     -34.25000
      -5.23000      13.14000     -23.88000
      -5.20200       9.71400     -15.53000
      -5.17300       7.55100     -10.63000
      -5.14500       6.69300      -7.81600
      -5.11700       8.28700      -6.49100
      -5.08900      14.36000      -6.99800
      -5.06000      24.64000     -10.53000
      -5.03200      33.06000     -18.57000
      -5.00400      36.30000     -29.13000
      -4.97600      38.66000     -36.63000
      -4.94700      40.83000     -39.89000
      -4.91900      38.79000     -41.57000
      -4.89100      33.15000     -40.11000
      -4.86300      28.24000     -34.42000
      -4.83500      26.02000     -29.22000
      -4.80600      25.68000     -27.75000
      -4.77800      23.79000     -27.56000
      -4.75000      18.75000     -25.12000
      -4.72200      16.20000     -19.78000
      -4.69300      20.69000     -15.75000
      -4.66500      27.44000     -18.18000
      -4.63700      29.85000     -25.13000
      -4.60900      28.51000     -29.60000
      -4.58000      26.88000     -29.36000
      -4.55200      26.33000     -27.56000
      -4.52400      26.59000     -26.91000
      -4.49600      25.15000     -27.62000
      -4.46800      20.00000     -27.04000
      -4.43900      14.29000     -22.23000
      -4.41100      13.11000     -15.80000
      -4.38300      17.57000     -13.36000
      -4.35500      22.29000     -16.67000
      -4.32600      19.77000     -21.33000
      -4.29800      11.10000     -20.58000
      -4.27000       4.26400     -13.46000
      -4.24200       3.22000      -5.93000
      -4.21300       7.75000      -3.11300
      -4.18500      17.49000      -5.87900
      -4.15700      29.70000     -13.60000
      -4.12900      35.53000     -24.99000
      -4.10100      29.99000     -34.34000
      -4.07200      21.95000     -33.54000
      -4.04400      18.69000     -25.62000
      -4.01600      17.49000     -19.91000
      -3.98800      16.52000     -17.19000
      -3.95900      17.02000     -15.71000
      -3.93100      19.14000     -16.25000
      -3.90300      20.40000     -18.33000
      -3.87500      19.27000     -19.43000
      -3.84600      16.98000     -18.41000
      -3.81800      13.83000     -17.62000
      -3.79000       9.79200     -16.40000
      -3.76200       6.32900     -12.46000
      -3.73400       6.58700      -7.60700
      -3.70500      13.57000      -5.50000
      -3.67700      25.08000      -8.90500
      -3.64900      31.60000     -18.79000
      -3.62100      30.78000     -28.96000
      -3.59200      32.13000     -30.86000
      -3.56400      38.19000     -29.39000
      -3.53600      42.12000     -35.45000
      -3.50800      44.74000     -48.72000
      -3.47900      50.50000     -60.56000
      -3.45100      51.99000     -63.32000
      -3.42300      42.45000     -52.73000
      -3.39500      30.58000     -34.24000
      -3.36700      25.42000     -21.85000
      -3.33800      23.20000     -20.63000
      -3.31000      21.65000     -21.61000
      -3.28200      23.39000     -18.32000
      -3.25400      24.58000     -15.20000
      -3.22500      20.49000     -16.61000
      -3.19700      14.86000     -19.93000
      -3.16900      12.64000     -20.15000
      -3.14100      13.71000     -16.81000
      -3.11200      16.98000     -14.52000
      -3.08400      20.15000     -15.51000
      -3.05600      18.49000     -18.39000
      -3.02800      12.42000     -20.19000
      -3.00000       8.31900     -17.39000
      -2.97100       9.60100     -11.72000
      -2.94300      14.24000      -7.93900
      -2.91500      17.45000      -7.83100
      -2.88700      15.84000     -11.21000
      -2.85800      11.79000     -15.33000
      -2.83000      12.01000     -15.73000
      -2.80200      20.64000     -11.93000
      -2.77400      33.41000      -8.05300
      -2.74500      41.06000      -8.03700
      -2.71700      40.65000     -14.41000
      -2.68900      37.53000     -26.83000
      -2.66100      34.96000     -38.68000
      -2.63300      31.09000     -42.54000
      -2.60400      26.13000     -39.68000
      -2.57600      22.38000     -35.46000
      -2.54800      17.35000     -31.28000
      -2.52000       9.72700     -26.26000
      -2.49100       5.29000     -22.10000
      -2.46300       9.69000     -20.39000
      -2.43500      22.14000     -18.73000
      -2.40700      32.37000     -18.86000
      -2.37800      30.64000     -25.20000
      -2.35000      20.89000     -31.32000
      -2.32200      12.30000     -28.73000
      -2.29400       7.09100     -19.96000
      -2.26600       3.41700     -12.17000
      -2.23700       1.09400      -7.71200
      -2.20900       0.20710      -4.50500
      -2.18100       0.02218      -1.84100
      -2.15300       0.00132      -0.45330
      -2.12400       0.00004      -0.06369
      -2.09600       0.00000      -0.00499
      -2.06800       0.00000      -0.00022
      -2.04000       0.00000      -0.00001
      -2.01100       0.00000      -0.00000
      -1.98300       0.00000      -0.00000
      -1.95500       0.00000      -0.00000
      -1.92700       0.00000      -0.00000
      -1.89900       0.00000       0.00000
      -1.87000       0.00000       0.00000
      -1.84200       0.00000       0.00000
      -1.81400       0.00000       0.00000
      -1.78600       0.00000       0.00000
      -1.75700       0.00000       0.00000
      -1.72900       0.00000       0.00000
      -1.70100       0.00000       0.00000
      -1.67300       0.00000       0.00000
      -1.64400       0.00000       0.00000
      -1.61600       0.00000      -0.00000
      -1.58800       0.00000      -0.00000
      -1.56000       0.00000      -0.00000
      -1.53200       0.00000      -0.00000
      -1.50300       0.00005      -0.00001
      -1.47500       0.00139      -0.00020
      -1.44700       0.02025      -0.00422
      -1.41900       0.16410      -0.04840
      -1.39000       0.75700      -0.31100
      -1.36200       2.08700      -1.15000
      -1.33400       3.82000      -2.60600
      -1.30600       5.58800      -4.14000
      -1.27700       7.93200      -5.73400
      -1.24900      11.63000      -8.18800
      -1.22100      15.68000     -12.07000
      -1.19300      16.67000     -15.82000
      -1.16500      13.92000     -16.03000
      -1.13600      10.98000     -12.91000
      -1.10800      10.92000     -10.02000
      -1.08000      13.13000      -9.99900
      -1.05200      14.20000     -12.49000
      -1.02300      14.76000     -13.96000
      -0.99500      18.78000     -14.32000
      -0.96700      25.68000     -18.06000
      -0.93900      31.80000     -25.45000
      -0.91000      34.67000     -31.90000
      -0.88200      35.36000     -34.03000
      -0.85400      37.56000     -33.88000
      -0.82600      40.00000     -36.35000
      -0.79800      40.15000     -40.10000
      -0.76900      39.25000     -40.73000
      -0.74100      38.04000     -39.16000
      -0.71300      35.80000     -37.81000
      -0.68500      33.20000     -36.01000
      -0.65600      30.42000     -33.19000
      -0.62800      25.25000     -30.13000
      -0.60000      18.76000     -25.63000
      -0.57200      14.98000     -19.78000
      -0.54300      16.21000     -15.63000
      -0.51500      19.58000     -15.79000
      -0.48700      18.86000     -19.00000
      -0.45900      16.35000     -19.31000
      -0.43100      21.71000     -15.98000
      -0.40200      32.71000     -18.22000
      -0.37400      36.17000     -28.87000
      -0.34600      29.73000     -36.23000
      -0.31800      22.52000     -32.75000
      -0.28900      20.00000     -25.02000
      -0.26100      22.69000     -20.25000
      -0.23300      29.57000     -20.27000
      -0.20500      35.58000     -25.85000
      -0.17600      34.87000     -34.13000
      -0.14800      27.84000     -36.91000
      -0.12000      20.97000     -30.92000
      -0.09200      20.05000     -22.58000
      -0.06400      25.09000     -19.26000
      -0.03500      32.90000     -22.14000
      -0.00700      40.25000     -27.70000
       0.02100      42.36000     -33.46000
       0.04900      36.99000     -38.07000
       0.07800      28.64000     -38.23000
       0.10600      22.49000     -33.08000
       0.13400      19.68000     -26.69000
       0.16200      18.44000     -22.74000
       0.19100      16.62000     -20.74000
       0.21900      15.31000     -18.89000
       0.24700      18.62000     -17.18000
       0.27500      25.60000     -18.53000
       0.30400      30.25000     -24.73000
       0.33200      29.76000     -30.64000
       0.36000      24.85000     -31.09000
       0.38800      17.67000     -26.49000
       0.41600      12.90000     -19.12000
       0.44500      14.19000     -12.86000
       0.47300      19.54000     -11.78000
       0.50100      22.44000     -16.35000
       0.52900      19.52000     -22.00000
       0.55800      13.97000     -22.38000
       0.58600       9.82400     -18.21000
       0.61400      10.94000     -17.10000
       0.64200      22.05000     -25.44000
       0.67100      39.50000     -40.54000
       0.69900      49.18000     -49.44000
       0.72700      45.20000     -45.50000
       0.75500      34.77000     -35.02000
       0.78300      25.69000     -25.78000
       0.81200      20.55000     -20.71000
       0.84000      16.69000     -17.08000
       0.86800      12.24000     -12.63000
       0.89600       7.78600      -7.58000
       0.92500       7.82900      -4.29100
       0.95300      21.50000      -8.08800
       0.98100      50.31000     -24.99000
       1.00900      74.97000     -50.79000
       1.03800      81.30000     -68.87000
       1.06600      80.35000     -73.95000
       1.09400      80.31000     -75.83000
       1.12200      80.65000     -82.14000
       1.15000      76.92000     -90.39000
       1.17900      63.86000     -89.33000
       1.20700      49.33000     -74.79000
       1.23500      44.18000     -58.33000
       1.26300      46.00000     -50.63000
       1.29200      45.63000     -47.15000
       1.32000      41.01000     -42.09000
       1.34800      34.44000     -35.45000
       1.37600      26.04000     -26.77000
       1.40500      18.08000     -17.93000
       1.43300      16.82000     -15.48000
       1.46100      23.31000     -21.50000
       1.48900      32.97000     -31.25000
       1.51700      42.06000     -40.67000
       1.54600      46.15000     -45.71000
       1.57400      45.21000     -45.19000
       1.60200      47.03000     -46.07000
       1.63000      53.39000     -52.19000
       1.65900      55.41000     -55.63000
       1.68700      50.80000     -51.57000
       1.71500      48.19000     -46.39000
       1.74300      56.08000     -47.24000
       1.77200      75.59000     -60.41000
       1.80000      91.48000     -82.09000
       1.82800      93.14000     -91.50000
       1.85600      91.14000     -81.83000
       1.88400      85.82000     -72.71000
       1.91300      69.37000     -73.54000
       1.94100      57.57000     -69.71000
       1.96900      70.58000     -61.70000
       1.99700     100.00000     -70.42000
       2.02600     119.90000     -96.42000
       2.05400     122.40000    -114.80000
       2.08200     120.50000    -114.40000
       2.11000     113.00000    -112.70000
       2.13900      89.95000    -116.30000
       2.16700      63.89000    -106.30000
       2.19500      50.00000     -80.39000
       2.22300      45.59000     -58.75000
       2.25100      43.89000     -48.41000
       2.28000      46.36000     -44.33000
       2.30800      59.29000     -47.97000
       2.33600      84.51000     -64.96000
       2.36400     116.00000     -91.26000
       2.39300     143.60000    -116.10000
       2.42100     153.80000    -134.50000
       2.44900     140.30000    -143.50000
       2.47700     114.30000    -136.60000
       2.50600      91.23000    -116.50000
       2.53400      78.11000     -95.57000
       2.56200      74.52000     -83.98000
       2.59000      82.47000     -83.65000
       2.61800     100.60000     -93.44000
       2.64700     112.70000    -107.40000
       2.67500     107.20000    -110.50000
       2.70300      99.26000    -101.40000
       2.73100     103.30000     -98.86000
       2.76000     107.30000    -105.40000
       2.78800     100.90000    -107.10000
       2.81600      87.70000     -98.49000
       2.84400      72.32000     -81.98000
       2.87300      63.39000     -67.11000
       2.90100      63.03000     -61.58000
       2.92900      65.72000     -59.82000
       2.95700      78.18000     -60.28000
       2.98500     106.30000     -72.06000
       3.01400     130.80000     -97.31000
       3.04200     128.40000    -123.60000
       3.07000     106.10000    -132.60000
       3.09800      90.71000    -120.30000
       3.12700      94.84000    -105.80000
       3.15500     107.40000    -105.30000
       3.18300     115.50000    -113.70000
       3.21100     117.80000    -119.50000
       3.24000     113.70000    -117.80000
       3.26800     103.40000    -108.20000
       3.29600      93.32000     -96.76000
       3.32400      88.33000     -89.88000
       3.35200      87.96000     -88.15000
       3.38100      89.14000     -90.03000
       3.40900      89.87000     -91.54000
       3.43700      91.96000     -91.21000
       3.46500      99.04000     -94.53000
       3.49400     107.40000    -103.20000
       3.52200     106.30000    -106.80000
       3.55000      97.70000    -100.50000
       3.57800      94.09000     -94.48000
       3.60700      99.17000     -97.23000
       3.63500     106.30000    -105.70000
       3.66300     109.70000    -111.60000
       3.69100     108.50000    -111.30000
       3.71900     104.10000    -107.70000
       3.74800      97.44000    -101.70000
       3.77600      89.86000     -92.31000
       3.80400      87.97000     -85.72000
       3.83200      94.56000     -88.01000
       3.86100     106.10000     -97.88000
       3.88900     120.50000    -112.50000
       3.91700     133.30000    -127.60000
       3.94500     134.70000    -135.20000
       3.97400     121.60000    -129.90000
       4.00200     105.80000    -115.40000
       4.03000      99.97000    -103.40000
       4.05800     103.70000    -102.00000
       4.08600     110.90000    -108.80000
       4.11500     117.60000    -116.50000
       4.14300     123.60000    -122.40000
       4.17100     131.40000    -130.40000
       4.19900     138.00000    -139.30000
       4.22800     134.70000    -139.20000
       4.25600     117.60000    -123.90000
       4.28400      92.73000     -99.68000
       4.31200      68.85000     -76.56000
       4.34100      45.86000     -54.15000
       4.36900      23.44000     -30.04000
       4.39700       8.02800     -11.25000
       4.42500       1.71400      -2.60800
       4.45300       0.22130      -0.35730
       4.48200       0.01701      -0.02818
       4.51000       0.00077      -0.00126
       4.53800       0.00002      -0.00003
       4.56600       0.00000      -0.00000
       4.59500       0.00000      -0.00000
       4.62300       0.00000      -0.00000
       4.65100       0.00000      -0.00000
       4.67900       0.00000       0.00000
       4.70800       0.00000       0.00000
       4.73600       0.00000       0.00000
       4.76400       0.00000       0.00000
       4.79200       0.00000       0.00000
       4.82000       0.00000       0.00000
       4.84900       0.00000       0.00000
       4.87700       0.00000       0.00000
       4.90500       0.00000       0.00000
       4.93300       0.00000       0.00000
       4.96200       0.00000       0.00000
       4.99000       0.00000       0.00000
       5.01800       0.00000       0.00000
       5.04600       0.00000       0.00000
       5.07500       0.00000       0.00000
       5.10300       0.00000       0.00000
       5.13100       0.00000       0.00000
       5.15900       0.00000       0.00000
       5.18700       0.00000       0.00000
       5.21600       0.00000       0.00000
       5.24400       0.00000       0.00000
       5.27200       0.00000       0.00000
       5.30000       0.00000       0.00000
       5.32900       0.00000       0.00000
       5.35700       0.00000       0.00000
       5.38500       0.00000       0.00000
       5.41300       0.00000       0.00000
       5.44200       0.00000       0.00000
       5.47000       0.00000       0.00000
       5.49800       0.00000       0.00000
       5.52600       0.00000       0.00000
       5.55400       0.00000       0.00000
       5.58300       0.00000       0.00000
       5.61100       0.00000       0.00000
       5.63900       0.00000       0.00000
