      #Energy        TDOS-UP        TDOS-DOWN
     -24.85915       0.00000       0.00000
     -24.82415       0.00000       0.00000
     -24.78915       0.00000       0.00000
     -24.75515       0.00000       0.00000
     -24.72015       0.00000       0.00000
     -24.68515       0.00000       0.00000
     -24.65015       0.00000       0.00000
     -24.61515       0.00000       0.00000
     -24.58115       0.00000       0.00000
     -24.54615       0.00000       0.00000
     -24.51115       0.00000       0.00000
     -24.47615       0.00000       0.00000
     -24.44115       0.00000       0.00000
     -24.40715       0.00000       0.00000
     -24.37215       0.00000       0.00000
     -24.33715       0.00000       0.00000
     -24.30215       0.00000       0.00000
     -24.26715       0.00000       0.00000
     -24.23215       0.00000       0.00000
     -24.19815       0.00000       0.00000
     -24.16315       0.00000       0.00000
     -24.12815       0.00000       0.00000
     -24.09315       0.00000       0.00000
     -24.05815       0.00000       0.00000
     -24.02415       0.00000       0.00000
     -23.98915       0.00000       0.00000
     -23.95415       0.00000       0.00000
     -23.91915       0.00000       0.00000
     -23.88415       0.00000       0.00000
     -23.85015       0.00000       0.00000
     -23.81515       0.00000       0.00000
     -23.78015       0.00000       0.00000
     -23.74515       0.00000       0.00000
     -23.71015       0.00000       0.00000
     -23.67515       0.00000       0.00000
     -23.64115       0.00000       0.00000
     -23.60615       0.00000       0.00000
     -23.57115       0.00000      -0.00000
     -23.53615       0.00000      -0.00000
     -23.50115       0.00000      -0.00000
     -23.46715       0.00000      -0.00000
     -23.43215       0.00001      -0.00001
     -23.39715       0.00075      -0.00075
     -23.36215       0.01753      -0.01753
     -23.32715       0.17630      -0.17630
     -23.29315       0.83235      -0.83235
     -23.25815       2.09886      -2.09886
     -23.22315       3.30410      -3.30410
     -23.18815       3.86673      -3.86673
     -23.15315       3.98822      -3.98822
     -23.11815       3.99958      -3.99958
     -23.08415       4.00002      -4.00002
     -23.04915       4.00003      -4.00003
     -23.01415       4.00003      -4.00003
     -22.97915       4.00003      -4.00003
     -22.94415       4.00003      -4.00003
     -22.91015       4.00003      -4.00003
     -22.87515       4.00003      -4.00003
     -22.84015       4.00003      -4.00003
     -22.80515       4.00003      -4.00003
     -22.77015       4.00003      -4.00003
     -22.73515       4.00003      -4.00003
     -22.70115       4.00003      -4.00003
     -22.66615       4.00003      -4.00003
     -22.63115       4.00003      -4.00003
     -22.59615       4.00003      -4.00003
     -22.56115       4.00003      -4.00003
     -22.52715       4.00003      -4.00003
     -22.49215       4.00003      -4.00003
     -22.45715       4.00003      -4.00003
     -22.42215       4.00003      -4.00003
     -22.38715       4.00003      -4.00003
     -22.35315       4.00003      -4.00003
     -22.31815       4.00003      -4.00003
     -22.28315       4.00003      -4.00003
     -22.24815       4.00003      -4.00003
     -22.21315       4.00003      -4.00003
     -22.17815       4.00003      -4.00003
     -22.14415       4.00003      -4.00003
     -22.10915       4.00003      -4.00003
     -22.07415       4.00003      -4.00003
     -22.03915       4.00003      -4.00003
     -22.00415       4.00003      -4.00003
     -21.97015       4.00003      -4.00003
     -21.93515       4.00003      -4.00003
     -21.90015       4.00003      -4.00003
     -21.86515       4.00003      -4.00003
     -21.83015       4.00003      -4.00003
     -21.79615       4.00003      -4.00003
     -21.76115       4.00003      -4.00003
     -21.72615       4.00003      -4.00003
     -21.69115       4.00003      -4.00003
     -21.65615       4.00003      -4.00003
     -21.62115       4.00003      -4.00003
     -21.58715       4.00003      -4.00003
     -21.55215       4.00003      -4.00003
     -21.51715       4.00003      -4.00003
     -21.48215       4.00003      -4.00003
     -21.44715       4.00003      -4.00003
     -21.41315       4.00003      -4.00003
     -21.37815       4.00003      -4.00003
     -21.34315       4.00003      -4.00003
     -21.30815       4.00003      -4.00003
     -21.27315       4.00003      -4.00003
     -21.23915       4.00003      -4.00003
     -21.20415       4.00003      -4.00003
     -21.16915       4.00007      -4.00007
     -21.13415       4.00205      -4.00205
     -21.09915       4.03701      -4.03701
     -21.06415       4.29615      -4.29615
     -21.03015       5.15064      -5.15064
     -20.99515       6.49183      -6.49183
     -20.96015       7.53520      -7.53520
     -20.92515       7.92807      -7.92807
     -20.89015       7.99511      -7.99511
     -20.85615       7.99999      -7.99999
     -20.82115       8.00014      -8.00014
     -20.78615       8.00014      -8.00014
     -20.75115       8.00014      -8.00014
     -20.71615       8.00014      -8.00014
     -20.68115       8.00014      -8.00014
     -20.64715       8.00014      -8.00014
     -20.61215       8.00014      -8.00014
     -20.57715       8.00014      -8.00014
     -20.54215       8.00014      -8.00014
     -20.50715       8.00014      -8.00014
     -20.47315       8.00014      -8.00014
     -20.43815       8.00014      -8.00014
     -20.40315       8.00014      -8.00014
     -20.36815       8.00014      -8.00014
     -20.33315       8.00014      -8.00014
     -20.29915       8.00014      -8.00014
     -20.26415       8.00014      -8.00014
     -20.22915       8.00014      -8.00014
     -20.19415       8.00014      -8.00014
     -20.15915       8.00014      -8.00014
     -20.12415       8.00014      -8.00014
     -20.09015       8.00014      -8.00014
     -20.05515       8.00014      -8.00014
     -20.02015       8.00014      -8.00014
     -19.98515       8.00014      -8.00014
     -19.95015       8.00014      -8.00014
     -19.91615       8.00014      -8.00014
     -19.88115       8.00014      -8.00014
     -19.84615       8.00014      -8.00014
     -19.81115       8.00014      -8.00014
     -19.77615       8.00014      -8.00014
     -19.74215       8.00014      -8.00014
     -19.70715       8.00014      -8.00014
     -19.67215       8.00014      -8.00014
     -19.63715       8.00014      -8.00014
     -19.60215       8.00014      -8.00014
     -19.56715       8.00014      -8.00014
     -19.53315       8.00014      -8.00014
     -19.49815       8.00014      -8.00014
     -19.46315       8.00014      -8.00014
     -19.42815       8.00014      -8.00014
     -19.39315       8.00014      -8.00014
     -19.35915       8.00014      -8.00014
     -19.32415       8.00014      -8.00014
     -19.28915       8.00014      -8.00014
     -19.25415       8.00014      -8.00014
     -19.21915       8.00014      -8.00014
     -19.18515       8.00014      -8.00014
     -19.15015       8.00014      -8.00014
     -19.11515       8.00014      -8.00014
     -19.08015       8.00014      -8.00014
     -19.04515       8.00014      -8.00014
     -19.01015       8.00014      -8.00014
     -18.97615       8.00014      -8.00014
     -18.94115       8.00014      -8.00014
     -18.90615       8.00014      -8.00014
     -18.87115       8.00014      -8.00014
     -18.83615       8.00014      -8.00014
     -18.80215       8.00014      -8.00014
     -18.76715       8.00014      -8.00014
     -18.73215       8.00014      -8.00014
     -18.69715       8.00014      -8.00014
     -18.66215       8.00026      -8.00026
     -18.62815       8.00425      -8.00425
     -18.59315       8.06033      -8.06033
     -18.55815       8.40497      -8.40497
     -18.52315       9.39976      -9.39976
     -18.48815      10.93783     -10.93783
     -18.45315      12.57702     -12.57702
     -18.41915      14.20908     -14.20908
     -18.38415      15.75758     -15.75758
     -18.34915      17.12801     -17.12801
     -18.31415      18.37016     -18.37016
     -18.27915      19.47601     -19.47601
     -18.24515      20.57020     -20.57020
     -18.21015      21.73001     -21.73001
     -18.17515      22.76519     -22.76519
     -18.14015      23.67992     -23.67992
     -18.10515      24.65678     -24.65678
     -18.07015      25.73652     -25.73652
     -18.03615      26.80878     -26.80878
     -18.00115      27.58617     -27.58617
     -17.96615      27.91966     -27.91966
     -17.93115      27.99295     -27.99295
     -17.89615      28.00043     -28.00043
     -17.86215      28.00078     -28.00078
     -17.82715      28.00162     -28.00162
     -17.79215      28.01959     -28.01959
     -17.75715      28.18363     -28.18363
     -17.72215      28.85462     -28.85462
     -17.68815      30.22575     -30.22575
     -17.65315      31.98610     -31.98610
     -17.61815      34.13166     -34.13166
     -17.58315      36.85755     -36.85755
     -17.54815      39.49050     -39.49050
     -17.51315      41.16120     -41.16120
     -17.47915      41.85595     -41.85595
     -17.44415      42.15210     -42.15210
     -17.40915      42.56533     -42.56533
     -17.37415      43.31382     -43.31382
     -17.33915      44.36223     -44.36223
     -17.30515      45.47348     -45.47348
     -17.27015      46.45905     -46.45905
     -17.23515      47.24897     -47.24897
     -17.20015      47.74210     -47.74210
     -17.16515      47.94724     -47.94724
     -17.13115      48.04969     -48.04969
     -17.09615      48.37766     -48.37766
     -17.06115      49.30300     -49.30300
     -17.02615      50.62556     -50.62556
     -16.99115      51.58938     -51.58938
     -16.95615      51.93789     -51.93789
     -16.92215      51.99690     -51.99690
     -16.88715      52.00234     -52.00234
     -16.85215      52.01340     -52.01340
     -16.81715      52.07187     -52.07187
     -16.78215      52.26923     -52.26923
     -16.74815      52.78343     -52.78343
     -16.71315      53.75925     -53.75925
     -16.67815      54.92394     -54.92394
     -16.64315      55.80959     -55.80959
     -16.60815      56.44407     -56.44407
     -16.57415      57.07854     -57.07854
     -16.53915      57.62738     -57.62738
     -16.50415      57.93525     -57.93525
     -16.46915      58.12490     -58.12490
     -16.43415      58.45420     -58.45420
     -16.39915      59.06883     -59.06883
     -16.36515      59.88939     -59.88939
     -16.33015      60.71725     -60.71725
     -16.29515      61.49411     -61.49411
     -16.26015      62.31310     -62.31310
     -16.22515      63.11416     -63.11416
     -16.19115      63.69015     -63.69015
     -16.15615      64.03755     -64.03755
     -16.12115      64.33949     -64.33949
     -16.08615      64.77184     -64.77184
     -16.05115      65.47159     -65.47159
     -16.01615      66.45751     -66.45751
     -15.98215      67.56423     -67.56423
     -15.94715      68.68244     -68.68244
     -15.91215      70.02328     -70.02328
     -15.87715      71.77963     -71.77963
     -15.84215      73.73876     -73.73876
     -15.80815      75.46672     -75.46672
     -15.77315      76.63367     -76.63367
     -15.73815      77.24221     -77.24221
     -15.70315      77.56627     -77.56627
     -15.66815      77.83770     -77.83770
     -15.63415      78.20404     -78.20404
     -15.59915      78.83799     -78.83799
     -15.56415      79.79171     -79.79171
     -15.52915      81.01070     -81.01070
     -15.49415      82.50786     -82.50786
     -15.45915      84.13748     -84.13748
     -15.42515      85.57563     -85.57563
     -15.39015      86.59131     -86.59131
     -15.35515      87.18471     -87.18471
     -15.32015      87.62997     -87.62997
     -15.28515      88.28203     -88.28203
     -15.25115      89.32417     -89.32417
     -15.21615      90.64099     -90.64099
     -15.18115      91.90977     -91.90977
     -15.14615      92.85722     -92.85722
     -15.11115      93.45479     -93.45479
     -15.07715      93.91224     -93.91224
     -15.04215      94.63915     -94.63915
     -15.00715      95.98034     -95.98034
     -14.97215      97.54050     -97.54050
     -14.93715      98.58874     -98.58874
     -14.90215      99.17256     -99.17256
     -14.86815      99.86204     -99.86204
     -14.83315     101.01716    -101.01716
     -14.79815     102.72441    -102.72441
     -14.76315     104.82088    -104.82088
     -14.72815     106.90499    -106.90499
     -14.69415     108.71877    -108.71877
     -14.65915     110.26467    -110.26467
     -14.62415     111.46608    -111.46608
     -14.58915     112.23424    -112.23424
     -14.55415     112.73016    -112.73016
     -14.52015     113.24366    -113.24366
     -14.48515     113.95681    -113.95681
     -14.45015     114.86893    -114.86893
     -14.41515     115.87956    -115.87956
     -14.38015     116.93267    -116.93267
     -14.34515     118.02460    -118.02460
     -14.31115     119.14942    -119.14942
     -14.27615     120.27825    -120.27825
     -14.24115     121.41735    -121.41735
     -14.20615     122.59248    -122.59248
     -14.17115     123.73941    -123.73941
     -14.13715     124.87363    -124.87363
     -14.10215     126.11961    -126.11961
     -14.06715     127.41363    -127.41363
     -14.03215     128.63175    -128.63175
     -13.99715     129.90244    -129.90244
     -13.96215     131.37244    -131.37244
     -13.92815     132.97839    -132.97839
     -13.89315     134.50810    -134.50810
     -13.85815     135.64319    -135.64319
     -13.82315     136.24842    -136.24842
     -13.78815     136.57501    -136.57501
     -13.75415     136.99315    -136.99315
     -13.71915     137.62380    -137.62380
     -13.68415     138.29152    -138.29152
     -13.64915     138.88474    -138.88474
     -13.61415     139.42174    -139.42174
     -13.58015     139.80272    -139.80272
     -13.54515     139.96241    -139.96241
     -13.51015     139.99745    -139.99745
     -13.47515     140.00121    -140.00121
     -13.44015     140.00140    -140.00140
     -13.40515     140.00140    -140.00140
     -13.37115     140.00140    -140.00140
     -13.33615     140.00140    -140.00140
     -13.30115     140.00140    -140.00140
     -13.26615     140.00141    -140.00141
     -13.23115     140.00192    -140.00192
     -13.19715     140.01424    -140.01424
     -13.16215     140.14111    -140.14111
     -13.12715     140.73990    -140.73990
     -13.09215     142.17770    -142.17770
     -13.05715     144.17043    -144.17043
     -13.02315     146.00179    -146.00179
     -12.98815     147.35255    -147.35255
     -12.95315     148.39522    -148.39522
     -12.91815     149.43109    -149.43109
     -12.88315     150.56706    -150.56706
     -12.84815     151.62295    -151.62295
     -12.81415     152.45395    -152.45395
     -12.77915     153.15283    -153.15283
     -12.74415     153.89889    -153.89889
     -12.70915     154.90761    -154.90761
     -12.67415     156.20772    -156.20772
     -12.64015     157.52558    -157.52558
     -12.60515     158.68000    -158.68000
     -12.57015     159.64851    -159.64851
     -12.53515     160.46053    -160.46053
     -12.50015     161.29797    -161.29797
     -12.46615     162.32515    -162.32515
     -12.43115     163.53074    -163.53074
     -12.39615     164.80004    -164.80004
     -12.36115     165.97099    -165.97099
     -12.32615     167.00077    -167.00077
     -12.29115     167.98339    -167.98339
     -12.25715     168.87374    -168.87374
     -12.22215     169.49708    -169.49708
     -12.18715     169.85519    -169.85519
     -12.15215     170.15566    -170.15566
     -12.11715     170.60892    -170.60892
     -12.08315     171.48204    -171.48204
     -12.04815     173.13864    -173.13864
     -12.01315     175.47271    -175.47271
     -11.97815     177.89086    -177.89086
     -11.94315     180.13737    -180.13737
     -11.90815     182.13097    -182.13097
     -11.87415     183.67529    -183.67529
     -11.83915     184.77349    -184.77349
     -11.80415     185.51902    -185.51902
     -11.76915     186.04313    -186.04313
     -11.73415     186.56064    -186.56064
     -11.70015     187.10860    -187.10860
     -11.66515     187.52716    -187.52716
     -11.63015     187.79274    -187.79274
     -11.59515     188.03870    -188.03870
     -11.56015     188.37289    -188.37289
     -11.52615     188.91354    -188.91354
     -11.49115     189.75255    -189.75255
     -11.45615     190.67267    -190.67267
     -11.42115     191.30627    -191.30627
     -11.38615     191.69004    -191.69004
     -11.35115     192.20140    -192.20140
     -11.31715     193.05433    -193.05433
     -11.28215     194.11632    -194.11632
     -11.24715     195.20615    -195.20615
     -11.21215     196.33603    -196.33603
     -11.17715     197.53552    -197.53552
     -11.14315     198.61561    -198.61561
     -11.10815     199.32407    -199.32407
     -11.07315     199.69654    -199.69654
     -11.03815     199.95087    -199.95087
     -11.00315     200.28374    -200.28374
     -10.96915     200.90603    -200.90603
     -10.93415     201.91336    -201.91336
     -10.89915     203.21956    -203.21956
     -10.86415     204.62759    -204.62759
     -10.82915     205.95991    -205.95991
     -10.79415     207.25862    -207.25862
     -10.76015     208.75056    -208.75056
     -10.72515     210.58888    -210.58888
     -10.69015     212.49649    -212.49649
     -10.65515     213.95970    -213.95970
     -10.62015     214.99123    -214.99123
     -10.58615     216.11257    -216.11257
     -10.55115     217.53000    -217.53000
     -10.51615     218.85918    -218.85918
     -10.48115     219.76276    -219.76276
     -10.44615     220.38749    -220.38749
     -10.41215     220.95043    -220.95043
     -10.37715     221.45017    -221.45017
     -10.34215     221.94644    -221.94644
     -10.30715     222.71634    -222.71634
     -10.27215     223.89530    -223.89530
     -10.23715     225.13031    -225.13031
     -10.20315     226.10491    -226.10491
     -10.16815     226.86507    -226.86507
     -10.13315     227.39998    -227.39998
     -10.09815     227.70390    -227.70390
     -10.06315     227.90058    -227.90058
     -10.02915     228.09487    -228.09487
      -9.99415     228.40616    -228.40616
      -9.95915     228.97396    -228.97396
      -9.92415     229.83804    -229.83804
      -9.88915     230.93240    -230.93240
      -9.85415     232.35401    -232.35401
      -9.82015     234.28999    -234.28999
      -9.78515     236.46757    -236.46757
      -9.75015     238.27944    -238.27944
      -9.71515     239.58617    -239.58617
      -9.68015     240.84659    -240.84659
      -9.64615     242.41720    -242.41720
      -9.61115     244.18555    -244.18555
      -9.57615     245.85173    -245.85173
      -9.54115     247.24653    -247.24653
      -9.50615     248.50016    -248.50016
      -9.47215     249.88713    -249.88713
      -9.43715     251.44190    -251.44190
      -9.40215     252.96674    -252.96674
      -9.36715     254.31646    -254.31646
      -9.33215     255.48932    -255.48932
      -9.29715     256.54243    -256.54243
      -9.26315     257.52226    -257.52226
      -9.22815     258.46936    -258.46936
      -9.19315     259.40811    -259.40811
      -9.15815     260.37052    -260.37052
      -9.12315     261.47376    -261.47376
      -9.08915     262.79476    -262.79476
      -9.05415     264.14344    -264.14344
      -9.01915     265.17479    -265.17479
      -8.98415     265.73779    -265.73779
      -8.94915     265.96284    -265.96284
      -8.91515     266.07997    -266.07997
      -8.88015     266.27998    -266.27998
      -8.84515     266.75024    -266.75024
      -8.81015     267.71405    -267.71405
      -8.77515     269.31948    -269.31948
      -8.74015     271.62361    -271.62361
      -8.70615     274.42627    -274.42627
      -8.67115     276.94067    -276.94067
      -8.63615     278.54262    -278.54262
      -8.60115     279.68032    -279.68032
      -8.56615     281.08992    -281.08992
      -8.53215     282.87237    -282.87237
      -8.49715     284.76013    -284.76013
      -8.46215     286.39358    -286.39358
      -8.42715     287.43242    -287.43242
      -8.39215     287.92312    -287.92312
      -8.35815     288.29440    -288.29440
      -8.32315     289.01974    -289.01974
      -8.28815     290.39766    -290.39766
      -8.25315     292.36236    -292.36236
      -8.21815     294.44839    -294.44839
      -8.18315     296.32448    -296.32448
      -8.14915     298.14158    -298.14158
      -8.11415     300.03700    -300.03700
      -8.07915     301.91623    -301.91623
      -8.04415     303.66892    -303.66892
      -8.00915     305.24231    -305.24231
      -7.97515     306.88046    -306.88046
      -7.94015     308.97397    -308.97397
      -7.90515     311.44678    -311.44678
      -7.87015     313.88790    -313.88790
      -7.83515     316.08185    -316.08185
      -7.80115     317.99781    -317.99781
      -7.76615     319.77991    -319.77991
      -7.73115     321.59073    -321.59073
      -7.69615     323.29016    -323.29016
      -7.66115     324.89332    -324.89332
      -7.62615     326.73008    -326.73008
      -7.59215     328.90697    -328.90697
      -7.55715     331.26140    -331.26140
      -7.52215     333.52637    -333.52637
      -7.48715     335.53876    -335.53876
      -7.45215     337.46151    -337.46151
      -7.41815     339.53187    -339.53187
      -7.38315     341.67343    -341.67343
      -7.34815     343.43569    -343.43569
      -7.31315     344.55511    -344.55511
      -7.27815     345.24703    -345.24703
      -7.24315     345.69945    -345.69945
      -7.20915     345.93429    -345.93429
      -7.17415     346.08390    -346.08390
      -7.13915     346.46763    -346.46763
      -7.10415     347.45651    -347.45651
      -7.06915     349.08038    -349.08038
      -7.03515     350.71888    -350.71888
      -7.00015     351.74414    -351.74414
      -6.96515     352.52222    -352.52222
      -6.93015     354.03400    -354.03400
      -6.89515     356.33674    -356.33674
      -6.86115     358.47829    -358.47829
      -6.82615     360.00486    -360.00486
      -6.79115     361.10096    -361.10096
      -6.75615     361.92674    -361.92674
      -6.72115     362.75147    -362.75147
      -6.68615     363.86359    -363.86359
      -6.65215     365.29373    -365.29373
      -6.61715     367.02500    -367.02500
      -6.58215     369.16464    -369.16464
      -6.54715     371.59602    -371.59602
      -6.51215     373.97848    -373.97848
      -6.47815     376.20689    -376.20689
      -6.44315     378.45184    -378.45184
      -6.40815     381.01533    -381.01533
      -6.37315     383.99537    -383.99537
      -6.33815     387.03790    -387.03790
      -6.30415     389.82298    -389.82298
      -6.26915     392.29090    -392.29090
      -6.23415     394.35970    -394.35970
      -6.19915     396.10455    -396.10455
      -6.16415     397.87656    -397.87656
      -6.12915     399.81671    -399.81671
      -6.09515     401.75356    -401.75356
      -6.06015     403.82427    -403.82427
      -6.02515     406.41527    -406.41527
      -5.99015     409.48268    -409.48268
      -5.95515     412.62565    -412.62565
      -5.92115     415.51151    -415.51151
      -5.88615     418.27501    -418.27501
      -5.85115     421.77150    -421.77150
      -5.81615     426.22589    -426.22589
      -5.78115     430.13336    -430.13336
      -5.74715     432.43749    -432.43749
      -5.71215     433.90018    -433.90018
      -5.67715     435.46818    -435.46818
      -5.64215     437.27535    -437.27535
      -5.60715     438.95266    -438.95266
      -5.57215     440.34329    -440.34329
      -5.53815     441.59344    -441.59344
      -5.50315     442.66518    -442.66518
      -5.46815     443.69774    -443.69774
      -5.43315     445.26296    -445.26296
      -5.39815     447.83411    -447.83411
      -5.36415     451.44688    -451.44688
      -5.32915     455.61580    -455.61580
      -5.29415     459.48062    -459.48062
      -5.25915     462.66832    -462.66832
      -5.22415     465.60432    -465.60432
      -5.18915     468.68409    -468.68409
      -5.15515     472.18041    -472.18041
      -5.12015     476.17874    -476.17874
      -5.08515     480.11267    -480.11267
      -5.05015     483.35259    -483.35259
      -5.01515     486.03932    -486.03932
      -4.98115     488.67801    -488.67801
      -4.94615     491.19294    -491.19294
      -4.91115     493.21439    -493.21439
      -4.87615     494.84853    -494.84853
      -4.84115     496.42993    -496.42993
      -4.80715     497.93597    -497.93597
      -4.77215     499.09630    -499.09630
      -4.73715     499.92504    -499.92504
      -4.70215     500.89999    -500.89999
      -4.66715     502.57504    -502.57504
      -4.63215     505.02730    -505.02730
      -4.59815     507.72309    -507.72309
      -4.56315     510.03331    -510.03331
      -4.52815     511.76024    -511.76024
      -4.49315     513.04398    -513.04398
      -4.45815     514.11502    -514.11502
      -4.42415     515.18293    -515.18293
      -4.38915     516.32028    -516.32028
      -4.35415     517.57548    -517.57548
      -4.31915     519.13078    -519.13078
      -4.28415     521.06449    -521.06449
      -4.25015     523.20448    -523.20448
      -4.21515     525.50078    -525.50078
      -4.18015     527.87819    -527.87819
      -4.14515     529.85160    -529.85160
      -4.11015     531.10297    -531.10297
      -4.07515     531.97748    -531.97748
      -4.04115     533.16984    -533.16984
      -4.00615     535.12758    -535.12758
      -3.97115     537.59621    -537.59621
      -3.93615     539.91131    -539.91131
      -3.90115     541.80934    -541.80934
      -3.86715     543.74862    -543.74862
      -3.83215     546.53614    -546.53614
      -3.79715     550.28904    -550.28904
      -3.76215     554.06387    -554.06387
      -3.72715     557.19830    -557.19830
      -3.69315     559.93151    -559.93151
      -3.65815     562.57733    -562.57733
      -3.62315     565.22542    -565.22542
      -3.58815     568.09249    -568.09249
      -3.55315     571.53676    -571.53676
      -3.51815     575.34710    -575.34710
      -3.48415     578.50817    -578.50817
      -3.44915     580.43423    -580.43423
      -3.41415     581.44608    -581.44608
      -3.37915     582.04157    -582.04157
      -3.34415     582.83723    -582.83723
      -3.31015     584.25100    -584.25100
      -3.27515     585.80473    -585.80473
      -3.24015     586.88134    -586.88134
      -3.20515     587.61904    -587.61904
      -3.17015     588.46814    -588.46814
      -3.13515     589.76059    -589.76059
      -3.10115     591.53625    -591.53625
      -3.06615     593.48424    -593.48424
      -3.03115     595.39864    -595.39864
      -2.99615     597.15550    -597.15550
      -2.96115     598.45387    -598.45387
      -2.92715     599.33047    -599.33047
      -2.89215     600.16147    -600.16147
      -2.85715     601.14548    -601.14548
      -2.82215     602.34445    -602.34445
      -2.78715     603.69818    -603.69818
      -2.75315     605.00420    -605.00420
      -2.71815     606.20527    -606.20527
      -2.68315     607.37483    -607.37483
      -2.64815     608.49095    -608.49095
      -2.61315     609.58061    -609.58061
      -2.57815     610.76375    -610.76375
      -2.54415     611.96221    -611.96221
      -2.50915     612.93298    -612.93298
      -2.47415     613.56589    -613.56589
      -2.43915     613.96583    -613.96583
      -2.40415     614.28961    -614.28961
      -2.37015     614.60344    -614.60344
      -2.33515     614.90254    -614.90254
      -2.30015     615.20820    -615.20820
      -2.26515     615.65957    -615.65957
      -2.23015     616.41920    -616.41920
      -2.19615     617.45752    -617.45752
      -2.16115     618.64605    -618.64605
      -2.12615     619.92597    -619.92597
      -2.09115     621.26316    -621.26316
      -2.05615     622.55160    -622.55160
      -2.02115     623.62577    -623.62577
      -1.98715     624.46043    -624.46043
      -1.95215     625.19308    -625.19308
      -1.91715     625.92068    -625.92068
      -1.88215     626.64515    -626.64515
      -1.84715     627.35917    -627.35917
      -1.81315     628.04935    -628.04935
      -1.77815     628.72613    -628.72613
      -1.74315     629.41509    -629.41509
      -1.70815     630.01910    -630.01910
      -1.67315     630.46663    -630.46663
      -1.63915     630.90789    -630.90789
      -1.60415     631.54132    -631.54132
      -1.56915     632.40313    -632.40313
      -1.53415     633.25919    -633.25919
      -1.49915     633.79802    -633.79802
      -1.46415     634.07068    -634.07068
      -1.43015     634.52167    -634.52167
      -1.39515     635.53596    -635.53596
      -1.36015     636.95078    -636.95078
      -1.32515     638.25733    -638.25733
      -1.29015     639.30000    -639.30000
      -1.25615     640.31586    -640.31586
      -1.22115     641.43581    -641.43581
      -1.18615     642.49361    -642.49361
      -1.15115     643.25429    -643.25429
      -1.11615     643.68328    -643.68328
      -1.08115     643.90184    -643.90184
      -1.04715     644.03096    -644.03096
      -1.01215     644.18249    -644.18249
      -0.97715     644.43288    -644.43288
      -0.94215     644.80290    -644.80290
      -0.90715     645.25478    -645.25478
      -0.87315     645.75609    -645.75609
      -0.83815     646.36829    -646.36829
      -0.80315     647.12496    -647.12496
      -0.76815     648.01288    -648.01288
      -0.73315     649.05450    -649.05450
      -0.69915     650.25539    -650.25539
      -0.66415     651.57447    -651.57447
      -0.62915     652.87928    -652.87928
      -0.59415     653.97817    -653.97817
      -0.55915     654.87445    -654.87445
      -0.52415     655.72564    -655.72564
      -0.49015     656.51573    -656.51573
      -0.45515     657.22610    -657.22610
      -0.42015     658.04282    -658.04282
      -0.38515     658.93074    -658.93074
      -0.35015     659.55338    -659.55338
      -0.31615     659.86693    -659.86693
      -0.28115     660.21564    -660.21564
      -0.24615     660.84716    -660.84716
      -0.21115     661.58311    -661.58311
      -0.17615     662.10827    -662.10827
      -0.14215     662.43065    -662.43065
      -0.10715     662.78522    -662.78522
      -0.07215     663.36730    -663.36730
      -0.03715     664.23904    -664.23904
      -0.00215     665.33305    -665.33305
       0.03285     666.50801    -666.50801
       0.06685     667.71864    -667.71864
       0.10185     668.97785    -668.97785
       0.13685     670.16569    -670.16569
       0.17185     671.21497    -671.21497
       0.20685     672.18644    -672.18644
       0.24085     673.02562    -673.02562
       0.27585     673.59221    -673.59221
       0.31085     673.87487    -673.87487
       0.34585     673.97674    -673.97674
       0.38085     674.00023    -674.00023
       0.41485     674.00311    -674.00311
       0.44985     674.00327    -674.00327
       0.48485     674.00328    -674.00328
       0.51985     674.00328    -674.00328
       0.55485     674.00328    -674.00328
       0.58985     674.00328    -674.00328
       0.62385     674.00328    -674.00328
       0.65885     674.00328    -674.00328
       0.69385     674.00328    -674.00328
       0.72885     674.00328    -674.00328
       0.76385     674.00328    -674.00328
       0.79785     674.00328    -674.00328
       0.83285     674.00328    -674.00328
       0.86785     674.00328    -674.00328
       0.90285     674.00328    -674.00328
       0.93785     674.00328    -674.00328
       0.97285     674.00344    -674.00344
       1.00685     674.00716    -674.00716
       1.04185     674.04421    -674.04421
       1.07685     674.21552    -674.21552
       1.11185     674.64613    -674.64613
       1.14685     675.36399    -675.36399
       1.18085     676.25208    -676.25208
       1.21585     677.12973    -677.12973
       1.25085     678.09371    -678.09371
       1.28585     679.42463    -679.42463
       1.32085     680.83162    -680.83162
       1.35485     681.68960    -681.68960
       1.38985     681.95993    -681.95993
       1.42485     682.00106    -682.00106
       1.45985     682.01649    -682.01649
       1.49485     682.11431    -682.11431
       1.52985     682.50382    -682.50382
       1.56385     683.36929    -683.36929
       1.59885     684.49289    -684.49289
       1.63385     685.39335    -685.39335
       1.66885     685.92860    -685.92860
       1.70385     686.32565    -686.32565
       1.73785     686.78693    -686.78693
       1.77285     687.40069    -687.40069
       1.80785     688.26842    -688.26842
       1.84285     689.40491    -689.40491
       1.87785     690.66968    -690.66968
       1.91185     691.98145    -691.98145
       1.94685     693.22377    -693.22377
       1.98185     694.31483    -694.31483
       2.01685     695.39352    -695.39352
       2.05185     696.44054    -696.44054
       2.08685     697.30896    -697.30896
       2.12085     698.15772    -698.15772
       2.15585     699.18384    -699.18384
       2.19085     700.22929    -700.22929
       2.22585     701.03784    -701.03784
       2.26085     701.56370    -701.56370
       2.29485     701.96997    -701.96997
       2.32985     702.50749    -702.50749
       2.36485     703.24623    -703.24623
       2.39985     703.98149    -703.98149
       2.43485     704.60448    -704.60448
       2.46885     705.25793    -705.25793
       2.50385     706.07483    -706.07483
       2.53885     707.03046    -707.03046
       2.57385     708.00263    -708.00263
       2.60885     708.94242    -708.94242
       2.64385     709.95688    -709.95688
       2.67785     711.32192    -711.32192
       2.71285     713.12213    -713.12213
       2.74785     714.85218    -714.85218
       2.78285     716.16970    -716.16970
       2.81785     717.42020    -717.42020
       2.85185     718.78141    -718.78141
       2.88685     720.00249    -720.00249
       2.92185     721.05560    -721.05560
       2.95685     722.13796    -722.13813
       2.99185     723.36496    -723.36548
       3.02585     724.77786    -724.77856
       3.06085     726.24525    -726.24577
       3.09585     727.67365    -727.67400
       3.13085     729.31267    -729.31284
       3.16585     731.17676    -731.17676
       3.20085     732.75503    -732.75503
       3.23485     733.64347    -733.64364
       3.26985     733.94473    -733.94509
       3.30485     733.99841    -733.99880
       3.33985     734.00365    -734.00404
       3.37485     734.01922    -734.01961
       3.40885     734.14680    -734.14721
       3.44385     734.63661    -734.63704
       3.47885     735.63193    -735.63236
       3.51385     736.94892    -736.94935
       3.54885     738.35852    -738.35895
       3.58385     739.68527    -739.68569
       3.61785     740.82576    -740.82618
       3.65285     741.81098    -741.81141
       3.68785     742.83972    -742.84032
       3.72285     744.37969    -744.38047
       3.75785     746.69340    -746.69417
       3.79185     749.59615    -749.59692
       3.82685     752.83624    -752.83702
       3.86185     756.01489    -756.01566
       3.89685     758.72825    -758.72886
       3.93185     761.14797    -761.14857
       3.96585     763.73826    -763.73939
       4.00085     766.42848    -766.43012
       4.03585     768.54392    -768.54557
       4.07085     769.69520    -769.69633
       4.10585     770.34674    -770.34717
       4.14085     771.26338    -771.26328
       4.17485     772.66410    -772.66366
       4.20985     774.19937    -774.19893
       4.24485     775.63822    -775.63847
       4.27985     777.02153    -777.02248
       4.31485     778.35854    -778.35949
       4.34885     779.81984    -779.82027
       4.38385     781.74955    -781.75016
       4.41885     784.05003    -784.05237
       4.45385     786.17278    -786.17669
       4.48885     787.81772    -787.81954
       4.52285     789.18293    -789.17675
       4.55785     790.71560    -790.70367
       4.59285     792.81102    -792.80658
       4.62785     795.48905    -795.49296
       4.66285     798.54515    -798.55272
       4.69785     801.89091    -801.92754
       4.73185     805.42622    -805.50115
       4.76685     809.11819    -809.18268
       4.80185     813.11304    -813.10964
       4.83685     817.45777    -817.38474
       4.87185     821.92434    -821.84087
       4.90585     826.00274    -825.93667
       4.94085     829.25606    -829.16980
       4.97585     831.71616    -831.59039
       5.01085     833.81907    -833.69730
       5.04585     836.02659    -835.96714
       5.07985     838.48390    -838.49147
       5.11485     841.26463    -841.30353
       5.14985     844.50786    -844.54258
       5.18485     848.01184    -848.01766
       5.21985     851.33966    -851.32181
       5.25485     854.39524    -854.37774
       5.28885     857.43672    -857.43837
       5.32385     860.47420    -860.50179
       5.35885     863.20428    -863.21672
       5.39385     865.54340    -865.44391
       5.42885     867.67451    -867.42602
       5.46285     869.86810    -869.55660
       5.49785     872.34456    -872.05708
       5.53285     875.02764    -874.75983
       5.56785     877.66006    -877.39382
       5.60285     880.22042    -879.99387
       5.63785     883.00916    -882.86894
       5.67185     886.24855    -886.18876
       5.70685     889.76089    -889.70666
       5.74185     893.16861    -893.03135
       5.77685     896.24978    -896.01400
       5.81185     899.04652    -898.76322
       5.84585     901.72838    -901.43986
       5.88085     904.39823    -904.14225
       5.91585     907.09732    -906.92820
       5.95085     909.93601    -909.83983
       5.98585     913.01440    -912.91874
       6.01985     916.24840    -916.12489
       6.05485     919.40633    -919.26611
       6.08985     922.27374    -922.14797
       6.12485     924.78415    -924.73253
       6.15985     927.08149    -927.11899
       6.19485     929.41103    -929.42765
       6.22885     931.89463    -931.78522
       6.26385     934.50390    -934.29597
       6.29885     937.17880    -936.93623
       6.33385     939.87249    -939.63601
       6.36885     942.56131    -942.35826
       6.40285     945.21845    -945.05822
       6.43785     947.79065    -947.68072
       6.47285     950.21750    -950.18381
       6.50785     952.49918    -952.58768
       6.54285     954.75022    -954.94839
       6.57685     957.06532    -957.26888
       6.61185     959.43490    -959.50043
       6.64685     961.81475    -961.66374
       6.68185     964.17354    -963.89511
       6.71685     966.55287    -966.25024
       6.75185     968.99138    -968.65429
       6.78585     971.42536    -971.06895
       6.82085     973.77179    -973.46586
       6.85585     976.00734    -975.79350
       6.89085     978.18493    -978.04819
       6.92585     980.36478    -980.24475
       6.95985     982.55159    -982.41763
       6.99485     984.75023    -984.61854
       7.02985     986.96019    -986.83112
       7.06485     989.12855    -989.00365
       7.09985     991.18516    -991.09577
       7.13385     993.13158    -993.05786
       7.16885     995.02144    -994.93083
       7.20385     996.87003    -996.82033
       7.23885     998.69130    -998.70844
       7.27385    1000.47723   -1000.51631
       7.30885    1002.16256   -1002.22896
       7.34285    1003.70775   -1003.84012
       7.37785    1005.14921   -1005.33954
       7.41285    1006.56629   -1006.75819
       7.44785    1007.97954   -1008.13106
       7.48285    1009.34232   -1009.43048
       7.51685    1010.61649   -1010.63050
       7.55185    1011.77805   -1011.77987
       7.58685    1012.84177   -1012.91078
       7.62185    1013.87539   -1013.99261
       7.65685    1014.90099   -1014.99472
       7.69185    1015.86150   -1015.93242
       7.72585    1016.74123   -1016.84749
       7.76085    1017.57972   -1017.72654
       7.79585    1018.38252   -1018.51193
       7.83085    1019.13240   -1019.20924
       7.86585    1019.81596   -1019.88062
       7.89985    1020.43564   -1020.53111
       7.93485    1021.01877   -1021.10640
       7.96985    1021.59180   -1021.60302
       8.00485    1022.14690   -1022.06064
       8.03985    1022.63029   -1022.48328
       8.07385    1023.00284   -1022.85228
       8.10885    1023.29002   -1023.15831
       8.14385    1023.51761   -1023.40213
       8.17885    1023.67405   -1023.58763
       8.21385    1023.76606   -1023.72224
       8.24885    1023.82648   -1023.82257
       8.28285    1023.87981   -1023.89575
       8.31785    1023.93193   -1023.94167
       8.35285    1023.97165   -1023.97219
       8.38785    1023.99009   -1023.99306
       8.42285    1023.99458   -1024.00223
       8.45685    1023.99509   -1024.00423
       8.49185    1023.99512   -1024.00443
       8.52685    1023.99512   -1024.00443
       8.56185    1023.99512   -1024.00443
       8.59685    1023.99512   -1024.00443
       8.63085    1023.99512   -1024.00443
       8.66585    1023.99512   -1024.00443
       8.70085    1023.99512   -1024.00443
       8.73585    1023.99512   -1024.00443
       8.77085    1023.99512   -1024.00443
       8.80585    1023.99512   -1024.00443
       8.83985    1023.99512   -1024.00443
       8.87485    1023.99512   -1024.00443
       8.90985    1023.99512   -1024.00443
       8.94485    1023.99512   -1024.00443
       8.97985    1023.99512   -1024.00443
       9.01385    1023.99512   -1024.00443
       9.04885    1023.99512   -1024.00443
       9.08385    1023.99512   -1024.00443
       9.11885    1023.99512   -1024.00443
       9.15385    1023.99512   -1024.00443
       9.18785    1023.99512   -1024.00443
       9.22285    1023.99512   -1024.00443
       9.25785    1023.99512   -1024.00443
       9.29285    1023.99512   -1024.00443
       9.32785    1023.99512   -1024.00443
       9.36285    1023.99512   -1024.00443
       9.39685    1023.99512   -1024.00443
       9.43185    1023.99512   -1024.00443
       9.46685    1023.99512   -1024.00443
       9.50185    1023.99512   -1024.00443
       9.53685    1023.99512   -1024.00443
       9.57085    1023.99512   -1024.00443
       9.60585    1023.99512   -1024.00443
       9.64085    1023.99512   -1024.00443
       9.67585    1023.99512   -1024.00443
       9.71085    1023.99512   -1024.00443
       9.74585    1023.99512   -1024.00443
       9.77985    1023.99512   -1024.00443
       9.81485    1023.99512   -1024.00443
       9.84985    1023.99512   -1024.00443
       9.88485    1023.99512   -1024.00443
       9.91985    1023.99512   -1024.00443
