      #Energy        TDOS-UP        TDOS-DOWN
     -22.02638       0.00000       0.00000
     -21.99438       0.00000       0.00000
     -21.96138       0.00000       0.00000
     -21.92938       0.00000       0.00000
     -21.89738       0.00000       0.00000
     -21.86538       0.00000       0.00000
     -21.83238       0.00000       0.00000
     -21.80038       0.00000       0.00000
     -21.76838       0.00000       0.00000
     -21.73638       0.00000       0.00000
     -21.70338       0.00000       0.00000
     -21.67138       0.00000       0.00000
     -21.63938       0.00000       0.00000
     -21.60738       0.00000       0.00000
     -21.57438       0.00000       0.00000
     -21.54238       0.00000       0.00000
     -21.51038       0.00000       0.00000
     -21.47838       0.00000       0.00000
     -21.44538       0.00000       0.00000
     -21.41338       0.00000       0.00000
     -21.38138       0.00000       0.00000
     -21.34938       0.00000       0.00000
     -21.31638       0.00000       0.00000
     -21.28438       0.00000       0.00000
     -21.25238       0.00000       0.00000
     -21.22038       0.00000       0.00000
     -21.18738       0.00000       0.00000
     -21.15538       0.00000       0.00000
     -21.12338       0.00000       0.00000
     -21.09138       0.00000       0.00000
     -21.05838       0.00000       0.00000
     -21.02638       0.00000       0.00000
     -20.99438       0.00000       0.00000
     -20.96238       0.00000       0.00000
     -20.92938       0.00000       0.00000
     -20.89738       0.00000       0.00000
     -20.86538       0.00000       0.00000
     -20.83338       0.00000      -0.00000
     -20.80038       0.00000      -0.00000
     -20.76838       0.00000      -0.00000
     -20.73638       0.00000      -0.00000
     -20.70438       0.00005      -0.00005
     -20.67138       0.00174      -0.00174
     -20.63938       0.02753      -0.02753
     -20.60738       0.21371      -0.21371
     -20.57538       0.87298      -0.87298
     -20.54338       2.07237      -2.07237
     -20.51038       3.23112      -3.23112
     -20.47838       3.82419      -3.82419
     -20.44638       3.97930      -3.97930
     -20.41438       3.99912      -3.99912
     -20.38138       4.00031      -4.00031
     -20.34938       4.00034      -4.00034
     -20.31738       4.00034      -4.00034
     -20.28538       4.00034      -4.00034
     -20.25238       4.00034      -4.00034
     -20.22038       4.00034      -4.00034
     -20.18838       4.00034      -4.00034
     -20.15638       4.00034      -4.00034
     -20.12338       4.00034      -4.00034
     -20.09138       4.00034      -4.00034
     -20.05938       4.00034      -4.00034
     -20.02738       4.00034      -4.00034
     -19.99438       4.00034      -4.00034
     -19.96238       4.00034      -4.00034
     -19.93038       4.00034      -4.00034
     -19.89838       4.00034      -4.00034
     -19.86538       4.00034      -4.00034
     -19.83338       4.00034      -4.00034
     -19.80138       4.00034      -4.00034
     -19.76938       4.00034      -4.00034
     -19.73638       4.00034      -4.00034
     -19.70438       4.00034      -4.00034
     -19.67238       4.00034      -4.00034
     -19.64038       4.00034      -4.00034
     -19.60738       4.00034      -4.00034
     -19.57538       4.00034      -4.00034
     -19.54338       4.00034      -4.00034
     -19.51138       4.00034      -4.00034
     -19.47838       4.00034      -4.00034
     -19.44638       4.00034      -4.00034
     -19.41438       4.00034      -4.00034
     -19.38238       4.00034      -4.00034
     -19.34938       4.00034      -4.00034
     -19.31738       4.00034      -4.00034
     -19.28538       4.00034      -4.00034
     -19.25338       4.00034      -4.00034
     -19.22038       4.00034      -4.00034
     -19.18838       4.00034      -4.00034
     -19.15638       4.00034      -4.00034
     -19.12438       4.00034      -4.00034
     -19.09138       4.00034      -4.00034
     -19.05938       4.00034      -4.00034
     -19.02738       4.00034      -4.00034
     -18.99538       4.00034      -4.00034
     -18.96238       4.00034      -4.00034
     -18.93038       4.00034      -4.00034
     -18.89838       4.00034      -4.00034
     -18.86638       4.00034      -4.00034
     -18.83338       4.00034      -4.00034
     -18.80138       4.00034      -4.00034
     -18.76938       4.00034      -4.00034
     -18.73738       4.00034      -4.00034
     -18.70438       4.00034      -4.00034
     -18.67238       4.00034      -4.00034
     -18.64038       4.00034      -4.00034
     -18.60838       4.00034      -4.00034
     -18.57638       4.00035      -4.00035
     -18.54338       4.00058      -4.00058
     -18.51138       4.00553      -4.00553
     -18.47938       4.05765      -4.05765
     -18.44738       4.34853      -4.34853
     -18.41438       5.26060      -5.26060
     -18.38238       6.97479      -6.97479
     -18.35038       9.07351      -9.07351
     -18.31838      11.02810     -11.02810
     -18.28538      12.75857     -12.75857
     -18.25338      14.30863     -14.30863
     -18.22138      15.56541     -15.56541
     -18.18938      16.51731     -16.51731
     -18.15638      17.41777     -17.41777
     -18.12438      18.57330     -18.57330
     -18.09238      20.01211     -20.01211
     -18.06038      21.42222     -21.42222
     -18.02738      22.51842     -22.51842
     -17.99538      23.27733     -23.27733
     -17.96338      23.78182     -23.78182
     -17.93138      24.25502     -24.25502
     -17.89838      25.08148     -25.08148
     -17.86638      26.28313     -26.28313
     -17.83438      27.32273     -27.32273
     -17.80238      27.83507     -27.83507
     -17.76938      27.97686     -27.97686
     -17.73738      27.99902     -27.99902
     -17.70538      28.01055     -28.01055
     -17.67338      28.09689     -28.09689
     -17.64038      28.50381     -28.50381
     -17.60838      29.64434     -29.64434
     -17.57638      31.72968     -31.72968
     -17.54438      34.31419     -34.31419
     -17.51138      36.46885     -36.46885
     -17.47938      37.68210     -37.68210
     -17.44738      38.26527     -38.26527
     -17.41538      38.81103     -38.81103
     -17.38238      39.71714     -39.71714
     -17.35038      40.98763     -40.98763
     -17.31838      42.25570     -42.25570
     -17.28638      43.25499     -43.25499
     -17.25338      44.11225     -44.11225
     -17.22138      45.09011     -45.09011
     -17.18938      46.18147     -46.18147
     -17.15738      47.09935     -47.09935
     -17.12438      47.65978     -47.65978
     -17.09238      47.90962     -47.90962
     -17.06038      47.98520     -47.98520
     -17.02838      47.99893     -47.99893
     -16.99538      48.00028     -48.00028
     -16.96338      48.00034     -48.00034
     -16.93138      48.00035     -48.00035
     -16.89938      48.00035     -48.00035
     -16.86638      48.00035     -48.00035
     -16.83438      48.00035     -48.00035
     -16.80238      48.00035     -48.00035
     -16.77038      48.00037     -48.00037
     -16.73838      48.00097     -48.00097
     -16.70538      48.00972     -48.00972
     -16.67338      48.07031     -48.07031
     -16.64138      48.28381     -48.28381
     -16.60938      48.69882     -48.69882
     -16.57638      49.19927     -49.19927
     -16.54438      49.65023     -49.65023
     -16.51238      50.06007     -50.06007
     -16.48038      50.54296     -50.54296
     -16.44738      51.16208     -51.16208
     -16.41538      51.80474     -51.80474
     -16.38338      52.31019     -52.31019
     -16.35138      52.68521     -52.68521
     -16.31838      53.08748     -53.08748
     -16.28638      53.62937     -53.62937
     -16.25438      54.31105     -54.31105
     -16.22238      55.09269     -55.09269
     -16.18938      55.89367     -55.89367
     -16.15738      56.64178     -56.64178
     -16.12538      57.29830     -57.29830
     -16.09338      57.81391     -57.81391
     -16.06038      58.29776     -58.29776
     -16.02838      59.03248     -59.03248
     -15.99638      60.08193     -60.08193
     -15.96438      61.22278     -61.22278
     -15.93138      62.30673     -62.30673
     -15.89938      63.24137     -63.24137
     -15.86738      63.95288     -63.95288
     -15.83538      64.73307     -64.73307
     -15.80238      65.94922     -65.94922
     -15.77038      67.38045     -67.38045
     -15.73838      68.52792     -68.52792
     -15.70638      69.27828     -69.27828
     -15.67338      69.87435     -69.87435
     -15.64138      70.56602     -70.56602
     -15.60938      71.35637     -71.35637
     -15.57738      72.08270     -72.08270
     -15.54438      72.76116     -72.76116
     -15.51238      73.57698     -73.57698
     -15.48038      74.58337     -74.58337
     -15.44838      75.67070     -75.67070
     -15.41538      76.71805     -76.71805
     -15.38338      77.68913     -77.68913
     -15.35138      78.69601     -78.69601
     -15.31938      79.83026     -79.83026
     -15.28638      80.95467     -80.95467
     -15.25438      81.86577     -81.86577
     -15.22238      82.55793     -82.55793
     -15.19038      83.21430     -83.21430
     -15.15738      83.90613     -83.90613
     -15.12538      84.48124     -84.48124
     -15.09338      84.88673     -84.88673
     -15.06138      85.36913     -85.36913
     -15.02838      86.35730     -86.35730
     -14.99638      88.11147     -88.11147
     -14.96438      90.24841     -90.24841
     -14.93238      92.12399     -92.12399
     -14.89938      93.67389     -93.67389
     -14.86738      95.09028     -95.09028
     -14.83538      96.25468     -96.25468
     -14.80338      97.10887     -97.10887
     -14.77138      97.97661     -97.97661
     -14.73838      99.24532     -99.24532
     -14.70638     100.90453    -100.90453
     -14.67438     102.60921    -102.60921
     -14.64238     104.10461    -104.10461
     -14.60938     105.32141    -105.32141
     -14.57738     106.29024    -106.29024
     -14.54538     107.06704    -107.06704
     -14.51338     107.65553    -107.65553
     -14.48038     108.09713    -108.09713
     -14.44838     108.54954    -108.54954
     -14.41638     109.15722    -109.15722
     -14.38438     109.98755    -109.98755
     -14.35138     111.06343    -111.06343
     -14.31938     112.33150    -112.33150
     -14.28738     113.71485    -113.71485
     -14.25538     115.12867    -115.12867
     -14.22238     116.41560    -116.41560
     -14.19038     117.45295    -117.45295
     -14.15838     118.21379    -118.21379
     -14.12638     118.74294    -118.74294
     -14.09338     119.26581    -119.26581
     -14.06138     120.08840    -120.08840
     -14.02938     121.24635    -121.24635
     -13.99738     122.50087    -122.50087
     -13.96438     123.67930    -123.67930
     -13.93238     124.84660    -124.84660
     -13.90038     126.12982    -126.12982
     -13.86838     127.44674    -127.44674
     -13.83538     128.60147    -128.60147
     -13.80338     129.54885    -129.54885
     -13.77138     130.34694    -130.34694
     -13.73938     130.99653    -130.99653
     -13.70638     131.46667    -131.46667
     -13.67438     131.76530    -131.76530
     -13.64238     131.92319    -131.92319
     -13.61038     131.98384    -131.98384
     -13.57738     131.99845    -131.99845
     -13.54538     132.00231    -132.00231
     -13.51338     132.02452    -132.02452
     -13.48138     132.15144    -132.15144
     -13.44838     132.54158    -132.54158
     -13.41638     133.23696    -133.23696
     -13.38438     134.04779    -134.04779
     -13.35238     134.76719    -134.76719
     -13.31938     135.30989    -135.30989
     -13.28738     135.66658    -135.66658
     -13.25538     135.87002    -135.87002
     -13.22338     135.96596    -135.96596
     -13.19038     136.02135    -136.02135
     -13.15838     136.17321    -136.17321
     -13.12638     136.61820    -136.61820
     -13.09438     137.39178    -137.39178
     -13.06138     138.29853    -138.29853
     -13.02938     139.24640    -139.24640
     -12.99738     140.28343    -140.28343
     -12.96538     141.36834    -141.36834
     -12.93238     142.43551    -142.43551
     -12.90038     143.43094    -143.43094
     -12.86838     144.29594    -144.29594
     -12.83638     145.03985    -145.03985
     -12.80438     145.74233    -145.74233
     -12.77138     146.59104    -146.59104
     -12.73938     147.75253    -147.75253
     -12.70738     149.12250    -149.12250
     -12.67538     150.45296    -150.45296
     -12.64238     151.53513    -151.53513
     -12.61038     152.27872    -152.27872
     -12.57838     152.85012    -152.85012
     -12.54638     153.50423    -153.50423
     -12.51338     154.26039    -154.26039
     -12.48138     154.96513    -154.96513
     -12.44938     155.60843    -155.60843
     -12.41738     156.36798    -156.36798
     -12.38438     157.35857    -157.35857
     -12.35238     158.50072    -158.50072
     -12.32038     159.65254    -159.65254
     -12.28838     160.78244    -160.78244
     -12.25538     161.93571    -161.93571
     -12.22338     163.07834    -163.07834
     -12.19138     164.12134    -164.12134
     -12.15938     165.11532    -165.11532
     -12.12638     166.22989    -166.22989
     -12.09438     167.46120    -167.46120
     -12.06238     168.55772    -168.55772
     -12.03038     169.33807    -169.33807
     -11.99738     169.95252    -169.95252
     -11.96538     170.72287    -170.72287
     -11.93338     171.78763    -171.78763
     -11.90138     172.98492    -172.98492
     -11.86838     174.06467    -174.06467
     -11.83638     174.94079    -174.94079
     -11.80438     175.68889    -175.68889
     -11.77238     176.36831    -176.36831
     -11.73938     177.01791    -177.01791
     -11.70738     177.70523    -177.70523
     -11.67538     178.38803    -178.38803
     -11.64338     178.92315    -178.92315
     -11.61038     179.26654    -179.26654
     -11.57838     179.52668    -179.52668
     -11.54638     179.84748    -179.84748
     -11.51438     180.27845    -180.27845
     -11.48138     180.76810    -180.76810
     -11.44938     181.23470    -181.23470
     -11.41738     181.62068    -181.62068
     -11.38538     181.99328    -181.99328
     -11.35238     182.55968    -182.55968
     -11.32038     183.46966    -183.46966
     -11.28838     184.61519    -184.61519
     -11.25638     185.73590    -185.73590
     -11.22338     186.67876    -186.67876
     -11.19138     187.43703    -187.43703
     -11.15938     188.13918    -188.13918
     -11.12738     188.96290    -188.96290
     -11.09438     189.88529    -189.88529
     -11.06238     190.78802    -190.78802
     -11.03038     191.71782    -191.71782
     -10.99838     192.75695    -192.75695
     -10.96538     193.85476    -193.85476
     -10.93338     194.90694    -194.90694
     -10.90138     195.86658    -195.86658
     -10.86938     196.77220    -196.77220
     -10.83738     197.72394    -197.72394
     -10.80438     198.73775    -198.73775
     -10.77238     199.71206    -199.71206
     -10.74038     200.68927    -200.68927
     -10.70838     201.80933    -201.80933
     -10.67538     203.08497    -203.08497
     -10.64338     204.43623    -204.43623
     -10.61138     205.69157    -205.69157
     -10.57938     206.78986    -206.78986
     -10.54638     207.89138    -207.89138
     -10.51438     208.98693    -208.98693
     -10.48238     209.91851    -209.91851
     -10.45038     210.74127    -210.74127
     -10.41738     211.55064    -211.55064
     -10.38538     212.32841    -212.32841
     -10.35338     213.07732    -213.07732
     -10.32138     213.72836    -213.72836
     -10.28838     214.19319    -214.19319
     -10.25638     214.60335    -214.60335
     -10.22438     215.17975    -215.17975
     -10.19238     215.95236    -215.95236
     -10.15938     216.83912    -216.83912
     -10.12738     217.84713    -217.84713
     -10.09538     218.95735    -218.95735
     -10.06338     220.09756    -220.09756
     -10.03038     221.27567    -221.27567
      -9.99838     222.39444    -222.39444
      -9.96638     223.20558    -223.20558
      -9.93438     223.64774    -223.64774
      -9.90138     223.91297    -223.91297
      -9.86938     224.26408    -224.26408
      -9.83738     224.98736    -224.98736
      -9.80538     226.26849    -226.26849
      -9.77238     227.88255    -227.88255
      -9.74038     229.28847    -229.28847
      -9.70838     230.22521    -230.22521
      -9.67638     230.87803    -230.87803
      -9.64338     231.57245    -231.57245
      -9.61138     232.60464    -232.60464
      -9.57938     234.04054    -234.04054
      -9.54738     235.59415    -235.59415
      -9.51438     236.93574    -236.93574
      -9.48238     238.00162    -238.00162
      -9.45038     238.99802    -238.99802
      -9.41838     240.15952    -240.15952
      -9.38538     241.47998    -241.47998
      -9.35338     242.83673    -242.83673
      -9.32138     244.22169    -244.22169
      -9.28938     245.61519    -245.61519
      -9.25638     246.89680    -246.89680
      -9.22438     247.99381    -247.99381
      -9.19238     248.93297    -248.93297
      -9.16038     249.87810    -249.87810
      -9.12738     251.13101    -251.13101
      -9.09538     252.83020    -252.83020
      -9.06338     254.66870    -254.66870
      -9.03138     256.17636    -256.17636
      -8.99838     257.17823    -257.17823
      -8.96638     257.74286    -257.74286
      -8.93438     258.01268    -258.01268
      -8.90238     258.19661    -258.19661
      -8.87038     258.50573    -258.50573
      -8.83738     259.04359    -259.04359
      -8.80538     259.71350    -259.71350
      -8.77338     260.36358    -260.36358
      -8.74138     260.95287    -260.95287
      -8.70838     261.46445    -261.46445
      -8.67638     261.93105    -261.93105
      -8.64438     262.50277    -262.50277
      -8.61238     263.32326    -263.32326
      -8.57938     264.41092    -264.41092
      -8.54738     265.66770    -265.66770
      -8.51538     267.00429    -267.00429
      -8.48338     268.35071    -268.35071
      -8.45038     269.64845    -269.64845
      -8.41838     270.94489    -270.94489
      -8.38638     272.27084    -272.27084
      -8.35438     273.56052    -273.56052
      -8.32138     274.81488    -274.81488
      -8.28938     276.08166    -276.08166
      -8.25738     277.33409    -277.33409
      -8.22538     278.55459    -278.55459
      -8.19238     279.83588    -279.83588
      -8.16038     281.26550    -281.26550
      -8.12838     282.81572    -282.81572
      -8.09638     284.32305    -284.32305
      -8.06338     285.55598    -285.55598
      -8.03138     286.56156    -286.56156
      -7.99938     287.67727    -287.67727
      -7.96738     289.12269    -289.12269
      -7.93438     290.94216    -290.94216
      -7.90238     293.10828    -293.10828
      -7.87038     295.47077    -295.47077
      -7.83838     297.80069    -297.80069
      -7.80538     299.90877    -299.90877
      -7.77338     301.70035    -301.70035
      -7.74138     303.30877    -303.30877
      -7.70938     304.93348    -304.93348
      -7.67638     306.45322    -306.45322
      -7.64438     307.64616    -307.64616
      -7.61238     308.57855    -308.57855
      -7.58038     309.51755    -309.51755
      -7.54738     310.61391    -310.61391
      -7.51538     311.86505    -311.86505
      -7.48338     313.30886    -313.30886
      -7.45138     314.90502    -314.90502
      -7.41838     316.39978    -316.39978
      -7.38638     317.58369    -317.58369
      -7.35438     318.64619    -318.64619
      -7.32238     319.89862    -319.89862
      -7.28938     321.17572    -321.17572
      -7.25738     322.21145    -322.21145
      -7.22538     323.10885    -323.10885
      -7.19338     323.93596    -323.93596
      -7.16038     324.66681    -324.66681
      -7.12838     325.47248    -325.47248
      -7.09638     326.56077    -326.56077
      -7.06438     327.95750    -327.95750
      -7.03138     329.50063    -329.50063
      -6.99938     330.83641    -330.83641
      -6.96738     331.65207    -331.65207
      -6.93538     332.08497    -332.08497
      -6.90338     332.69490    -332.69490
      -6.87038     333.96749    -333.96749
      -6.83838     335.73569    -335.73569
      -6.80638     337.32960    -337.32960
      -6.77438     338.44579    -338.44579
      -6.74138     339.36705    -339.36705
      -6.70938     340.43762    -340.43762
      -6.67738     341.73084    -341.73084
      -6.64538     343.13353    -343.13353
      -6.61238     344.59330    -344.59330
      -6.58038     346.13562    -346.13562
      -6.54838     347.71325    -347.71325
      -6.51638     349.20011    -349.20011
      -6.48338     350.63392    -350.63392
      -6.45138     352.42324    -352.42324
      -6.41938     354.90295    -354.90295
      -6.38738     357.91826    -357.91826
      -6.35438     361.11221    -361.11221
      -6.32238     364.20410    -364.20410
      -6.29038     367.12654    -367.12654
      -6.25838     369.98836    -369.98836
      -6.22538     372.76086    -372.76086
      -6.19338     375.19817    -375.19817
      -6.16138     377.19838    -377.19838
      -6.12938     379.05880    -379.05880
      -6.09638     381.10657    -381.10657
      -6.06438     383.33492    -383.33492
      -6.03238     385.68242    -385.68242
      -6.00038     388.20437    -388.20437
      -5.96738     390.70762    -390.70762
      -5.93538     392.97111    -392.97111
      -5.90338     395.33328    -395.33328
      -5.87138     398.24767    -398.24767
      -5.83838     401.60607    -401.60607
      -5.80638     404.95013    -404.95013
      -5.77438     408.07153    -408.07153
      -5.74238     411.12924    -411.12924
      -5.70938     414.14520    -414.14520
      -5.67738     416.90867    -416.90867
      -5.64538     419.35532    -419.35532
      -5.61338     421.65316    -421.65316
      -5.58038     424.07740    -424.07740
      -5.54838     426.75671    -426.75671
      -5.51638     429.50906    -429.50906
      -5.48438     432.03665    -432.03665
      -5.45138     434.35271    -434.35271
      -5.41938     436.86369    -436.86369
      -5.38738     439.75082    -439.75082
      -5.35538     442.67294    -442.67294
      -5.32238     445.59345    -445.59345
      -5.29038     449.08132    -449.08132
      -5.25838     453.07981    -453.07981
      -5.22638     456.50980    -456.50980
      -5.19338     458.68204    -458.68204
      -5.16138     460.29111    -460.29111
      -5.12938     462.78388    -462.78388
      -5.09738     466.80655    -466.80655
      -5.06538     471.27260    -471.27260
      -5.03238     474.58731    -474.58731
      -5.00038     476.49611    -476.49611
      -4.96838     477.87768    -477.87768
      -4.93638     479.36744    -479.36744
      -4.90338     480.88960    -480.88960
      -4.87138     482.19717    -482.19717
      -4.83938     483.32804    -483.32804
      -4.80738     484.56289    -484.56289
      -4.77438     486.16648    -486.16648
      -4.74238     488.11816    -488.11816
      -4.71038     490.11530    -490.11530
      -4.67838     491.87899    -491.87899
      -4.64538     493.37923    -493.37923
      -4.61338     494.70244    -494.70244
      -4.58138     495.95567    -495.95567
      -4.54938     497.33386    -497.33386
      -4.51638     498.94890    -498.94890
      -4.48438     500.57538    -500.57538
      -4.45238     501.93454    -501.93454
      -4.42038     503.19374    -503.19374
      -4.38738     504.64142    -504.64142
      -4.35538     506.27451    -506.27451
      -4.32338     508.08237    -508.08237
      -4.29138     510.06001    -510.06001
      -4.25838     511.91512    -511.91512
      -4.22638     513.38794    -513.38794
      -4.19438     514.59039    -514.59039
      -4.16238     515.80800    -515.80800
      -4.12938     517.40965    -517.40965
      -4.09738     519.51434    -519.51434
      -4.06538     521.63273    -521.63273
      -4.03338     523.25292    -523.25292
      -4.00038     524.45214    -524.45214
      -3.96838     525.67974    -525.67974
      -3.93638     527.33412    -527.33412
      -3.90438     529.62325    -529.62325
      -3.87138     532.54569    -532.54569
      -3.83938     536.03679    -536.03679
      -3.80738     540.13846    -540.13846
      -3.77538     544.59645    -544.59645
      -3.74238     548.67233    -548.67233
      -3.71038     551.88966    -551.88966
      -3.67838     554.33970    -554.33970
      -3.64638     556.41585    -556.41585
      -3.61338     558.73658    -558.73658
      -3.58138     561.61904    -561.61904
      -3.54938     564.97100    -564.97100
      -3.51738     568.80987    -568.80987
      -3.48438     572.82609    -572.82609
      -3.45238     576.35733    -576.35733
      -3.42038     579.11661    -579.11661
      -3.38838     581.07280    -581.07280
      -3.35538     582.45115    -582.45115
      -3.32338     583.71600    -583.71600
      -3.29138     584.90555    -584.90555
      -3.25938     585.75103    -585.75103
      -3.22638     586.40240    -586.40240
      -3.19438     587.27949    -587.27949
      -3.16238     588.43695    -588.43695
      -3.13038     589.59345    -589.59345
      -3.09838     590.61645    -590.61645
      -3.06538     591.67540    -591.67540
      -3.03338     592.98652    -592.98652
      -3.00138     594.51578    -594.51578
      -2.96938     595.98925    -595.98925
      -2.93638     597.23523    -597.23523
      -2.90438     598.24904    -598.24904
      -2.87238     599.09276    -599.09276
      -2.84038     599.98774    -599.98774
      -2.80738     601.02960    -601.02960
      -2.77538     601.99408    -601.99408
      -2.74338     602.81425    -602.81425
      -2.71138     603.72761    -603.72761
      -2.67838     604.81543    -604.81543
      -2.64638     605.93033    -605.93033
      -2.61438     607.05490    -607.05490
      -2.58238     608.27202    -608.27202
      -2.54938     609.55251    -609.55251
      -2.51738     610.87459    -610.87459
      -2.48538     612.24987    -612.24987
      -2.45338     613.51729    -613.51729
      -2.42038     614.51095    -614.51095
      -2.38838     615.32758    -615.32758
      -2.35638     616.06133    -616.06133
      -2.32438     616.62418    -616.62418
      -2.29138     616.99193    -616.99193
      -2.25938     617.29024    -617.29024
      -2.22738     617.66450    -617.66450
      -2.19538     618.24734    -618.24734
      -2.16238     619.12201    -619.12201
      -2.13038     620.22417    -620.22417
      -2.09838     621.42033    -621.42033
      -2.06638     622.58006    -622.58006
      -2.03338     623.48762    -623.48762
      -2.00138     624.00431    -624.00431
      -1.96938     624.29736    -624.29736
      -1.93738     624.67929    -624.67929
      -1.90438     625.26504    -625.26504
      -1.87238     625.87836    -625.87836
      -1.84038     626.38978    -626.38978
      -1.80838     626.95827    -626.95827
      -1.77538     627.76087    -627.76087
      -1.74338     628.73163    -628.73163
      -1.71138     629.69207    -629.69207
      -1.67938     630.51612    -630.51612
      -1.64638     631.15539    -631.15539
      -1.61438     631.67842    -631.67842
      -1.58238     632.21370    -632.21370
      -1.55038     632.78929    -632.78929
      -1.51738     633.33763    -633.33763
      -1.48538     633.81970    -633.81970
      -1.45338     634.29904    -634.29904
      -1.42138     634.93976    -634.93976
      -1.38838     635.80137    -635.80137
      -1.35638     636.70200    -636.70200
      -1.32438     637.48074    -637.48074
      -1.29238     638.16242    -638.16242
      -1.25938     638.76767    -638.76767
      -1.22738     639.28344    -639.28344
      -1.19538     639.75343    -639.75343
      -1.16338     640.23889    -640.23889
      -1.13138     640.78288    -640.78288
      -1.09838     641.37459    -641.37459
      -1.06638     641.95856    -641.95856
      -1.03438     642.48691    -642.48691
      -1.00238     642.95205    -642.95205
      -0.96938     643.36061    -643.36061
      -0.93738     643.71838    -643.71838
      -0.90538     644.14838    -644.14838
      -0.87338     644.89567    -644.89567
      -0.84038     646.10022    -646.10022
      -0.80838     647.85907    -647.85907
      -0.77638     650.34603    -650.34603
      -0.74438     653.23026    -653.23026
      -0.71138     655.68030    -655.68030
      -0.67938     657.38046    -657.38046
      -0.64738     658.71689    -658.71689
      -0.61538     660.09959    -660.09959
      -0.58238     661.55001    -661.55001
      -0.55038     662.86500    -662.86500
      -0.51838     663.92718    -663.92718
      -0.48638     664.70737    -664.70737
      -0.45338     665.24877    -665.24877
      -0.42138     665.68554    -665.68554
      -0.38938     666.14634    -666.14634
      -0.35738     666.68726    -666.68726
      -0.32438     667.24769    -667.24769
      -0.29238     667.72316    -667.72316
      -0.26038     668.10205    -668.10205
      -0.22838     668.41870    -668.41870
      -0.19538     668.69344    -668.69344
      -0.16338     668.97122    -668.97122
      -0.13138     669.31881    -669.31881
      -0.09938     669.80218    -669.80218
      -0.06638     670.42275    -670.42275
      -0.03438     671.06525    -671.06525
      -0.00238     671.66260    -671.66260
       0.02962     672.32171    -672.32171
       0.06262     673.15010    -673.15010
       0.09462     674.10297    -674.10297
       0.12662     675.07647    -675.07647
       0.15862     676.02192    -676.02192
       0.19162     676.90223    -676.90223
       0.22362     677.69064    -677.69064
       0.25562     678.45552    -678.45552
       0.28762     679.26295    -679.26295
       0.32062     680.04185    -680.04185
       0.35262     680.68693    -680.68693
       0.38462     681.21109    -681.21109
       0.41662     681.74846    -681.74846
       0.44962     682.44159    -682.44159
       0.48162     683.28578    -683.28578
       0.51362     684.16529    -684.16529
       0.54562     684.99046    -684.99046
       0.57862     685.61007    -685.61007
       0.61062     685.90839    -685.90839
       0.64262     685.98800    -685.98800
       0.67462     685.99896    -685.99896
       0.70762     685.99970    -685.99970
       0.73962     685.99973    -685.99973
       0.77162     685.99973    -685.99973
       0.80362     685.99973    -685.99973
       0.83562     685.99973    -685.99973
       0.86862     685.99973    -685.99973
       0.90062     685.99973    -685.99973
       0.93262     685.99973    -685.99973
       0.96462     685.99973    -685.99973
       0.99762     685.99973    -685.99973
       1.02962     685.99973    -685.99973
       1.06162     685.99973    -685.99973
       1.09362     685.99973    -685.99973
       1.12662     685.99973    -685.99973
       1.15862     685.99973    -685.99973
       1.19062     685.99973    -685.99973
       1.22262     685.99973    -685.99973
       1.25562     685.99973    -685.99973
       1.28762     685.99973    -685.99973
       1.31962     685.99978    -685.99978
       1.35162     686.00066    -686.00066
       1.38462     686.00798    -686.00798
       1.41662     686.03970    -686.03970
       1.44862     686.11891    -686.11891
       1.48062     686.26208    -686.26208
       1.51362     686.51491    -686.51491
       1.54562     686.94120    -686.94120
       1.57762     687.48244    -687.48244
       1.60962     687.96629    -687.96629
       1.64262     688.30231    -688.30231
       1.67462     688.54264    -688.54264
       1.70662     688.81955    -688.81955
       1.73862     689.21714    -689.21714
       1.77162     689.67423    -689.67423
       1.80362     690.16856    -690.16856
       1.83562     690.86152    -690.86152
       1.86762     691.85066    -691.85066
       1.90062     692.97862    -692.97862
       1.93262     694.06418    -694.06418
       1.96462     695.07718    -695.07718
       1.99662     696.04423    -696.04423
       2.02962     697.04789    -697.04789
       2.06162     698.18230    -698.18230
       2.09362     699.39861    -699.39861
       2.12562     700.53915    -700.53915
       2.15862     701.51700    -701.51700
       2.19062     702.32137    -702.32137
       2.22262     702.93292    -702.93292
       2.25462     703.37855    -703.37855
       2.28762     703.75954    -703.75954
       2.31962     704.24968    -704.24968
       2.35162     705.00149    -705.00149
       2.38362     705.95081    -705.95081
       2.41662     706.89948    -706.89948
       2.44862     707.76222    -707.76222
       2.48062     708.61722    -708.61722
       2.51262     709.54783    -709.54783
       2.54562     710.49796    -710.49796
       2.57762     711.41180    -711.41180
       2.60962     712.31195    -712.31195
       2.64162     713.14776    -713.14776
       2.67462     713.88780    -713.88780
       2.70662     714.63349    -714.63349
       2.73862     715.49768    -715.49768
       2.77062     716.53954    -716.53954
       2.80262     717.72006    -717.72006
       2.83562     718.84093    -718.84093
       2.86762     719.68803    -719.68803
       2.89962     720.33085    -720.33085
       2.93162     721.02123    -721.02123
       2.96462     721.80190    -721.80190
       2.99662     722.52227    -722.52227
       3.02862     723.08835    -723.08835
       3.06062     723.55543    -723.55543
       3.09362     724.04138    -724.04138
       3.12562     724.56537    -724.56537
       3.15762     725.05390    -725.05390
       3.18962     725.50340    -725.50340
       3.22262     726.01176    -726.01176
       3.25462     726.63959    -726.63959
       3.28662     727.27161    -727.27161
       3.31862     727.71571    -727.71573
       3.35162     727.93447    -727.93450
       3.38362     728.09721    -728.09724
       3.41562     728.58027    -728.58030
       3.44762     729.78723    -729.78727
       3.48062     731.55495    -731.55498
       3.51262     733.18901    -733.18904
       3.54462     734.41726    -734.41745
       3.57662     735.49040    -735.49075
       3.60962     736.47486    -736.47522
       3.64162     737.22377    -737.22413
       3.67362     737.68698    -737.68734
       3.70562     737.98147    -737.98182
       3.73862     738.45734    -738.45769
       3.77062     739.59400    -739.59436
       3.80262     741.47120    -741.47139
       3.83462     743.65086    -743.65089
       3.86762     745.71072    -745.71075
       3.89962     747.55631    -747.55635
       3.93162     749.43254    -749.43257
       3.96362     751.63832    -751.63835
       3.99662     754.13785    -754.13789
       4.02862     756.60466    -756.60469
       4.06062     758.72676    -758.72663
       4.09262     760.32825    -760.32796
       4.12562     761.34061    -761.34048
       4.15762     761.86315    -761.86335
       4.18962     762.20899    -762.20935
       4.22162     762.74137    -762.74189
       4.25462     763.63087    -763.63171
       4.28662     764.78930    -764.79014
       4.31862     766.05334    -766.05386
       4.35062     767.34608    -767.34627
       4.38362     768.65800    -768.65771
       4.41562     770.09359    -770.09265
       4.44762     771.77102    -771.76992
       4.47962     773.60387    -773.60358
       4.51262     775.47558    -775.47803
       4.54462     777.56028    -777.56805
       4.57662     780.02386    -780.03534
       4.60862     782.50373    -782.51376
       4.64162     784.59681    -784.60458
       4.67362     786.52495    -786.53240
       4.70562     788.64576    -788.65321
       4.73762     790.88459    -790.89639
       4.76962     793.24305    -793.26340
       4.80262     796.10390    -796.12167
       4.83462     799.43167    -799.43138
       4.86662     802.57306    -802.56407
       4.89862     805.23093    -805.24676
       4.93162     807.76610    -807.82175
       4.96362     810.39059    -810.45431
       4.99562     812.85369    -812.89129
       5.02762     814.99546    -815.01306
       5.06062     817.02485    -817.04310
       5.09262     819.18919    -819.21889
       5.12462     821.57635    -821.62604
       5.15662     824.22890    -824.31406
       5.18962     827.08507    -827.21457
       5.22162     830.01090    -830.15669
       5.25362     832.86369    -832.98158
       5.28562     835.46448    -835.54368
       5.31862     837.82456    -837.89618
       5.35062     840.15077    -840.26625
       5.38262     842.61919    -842.79094
       5.41462     845.28996    -845.47121
       5.44762     848.12485    -848.26918
       5.47962     851.05374    -851.13358
       5.51162     853.94313    -853.95219
       5.54362     856.64276    -856.60248
       5.57662     859.16922    -859.10556
       5.60862     861.64860    -861.59607
       5.64062     864.13250    -864.12560
       5.67262     866.59608    -866.64787
       5.70562     868.99260    -869.10291
       5.73762     871.30624    -871.45234
       5.76962     873.58860    -873.72632
       5.80162     875.93642    -876.02980
       5.83462     878.43483    -878.45953
       5.86662     881.03433    -880.98599
       5.89862     883.61077    -883.54921
       5.93062     886.17528    -886.19595
       5.96362     888.77752    -888.91138
       5.99562     891.37396    -891.57650
       6.02762     893.93622    -894.14859
       6.05962     896.48880    -896.67666
       6.09262     899.06041    -899.22602
       6.12462     901.68925    -901.85374
       6.15662     904.39145    -904.56690
       6.18862     907.10639    -907.28652
       6.22162     909.77844    -909.93197
       6.25362     912.40213    -912.51196
       6.28562     914.95745    -915.06438
       6.31762     917.46715    -917.57359
       6.35062     920.00119    -920.03863
       6.38262     922.55103    -922.51769
       6.41462     925.05169    -925.01932
       6.44662     927.48239    -927.49741
       6.47962     929.88277    -929.92843
       6.51162     932.29250    -932.31994
       6.54362     934.71142    -934.72081
       6.57562     937.15244    -937.17375
       6.60762     939.63940    -939.65797
       6.64062     942.14716    -942.12542
       6.67262     944.62154    -944.54048
       6.70462     947.02289    -946.88249
       6.73662     949.34056    -949.16953
       6.76962     951.60761    -951.45447
       6.80162     953.89916    -953.76698
       6.83362     956.23473    -956.10239
       6.86562     958.53982    -958.43538
       6.89862     960.78591    -960.75128
       6.93062     963.02828    -963.08620
       6.96262     965.34354    -965.47239
       6.99462     967.75021    -967.90953
       7.02762     970.17123    -970.40391
       7.05962     972.56548    -972.93650
       7.09162     974.95280    -975.43314
       7.12362     977.33480    -977.83271
       7.15662     979.72761    -980.16796
       7.18862     982.12799    -982.49579
       7.22062     984.45727    -984.78266
       7.25262     986.64805    -986.95329
       7.28562     988.73839    -989.01783
       7.31762     990.81986    -991.05109
       7.34962     992.91052    -993.05227
       7.38162     994.93588    -994.97848
       7.41462     996.82404    -996.86212
       7.44662     998.61900    -998.74608
       7.47862    1000.43348   -1000.59571
       7.51062    1002.25601   -1002.36536
       7.54362    1004.00051   -1004.06875
       7.57562    1005.65569   -1005.72812
       7.60762    1007.24122   -1007.33171
       7.63962    1008.77629   -1008.86097
       7.67262    1010.27524   -1010.30590
       7.70462    1011.72066   -1011.66958
       7.73662    1013.09514   -1012.96602
       7.76862    1014.39867   -1014.22248
       7.80162    1015.60580   -1015.46459
       7.83362    1016.69926   -1016.66269
       7.86562    1017.73628   -1017.76163
       7.89762    1018.78411   -1018.77511
       7.93062    1019.83178   -1019.78425
       7.96262    1020.82592   -1020.82627
       7.99462    1021.74090   -1021.84363
       8.02662    1022.59380   -1022.78456
       8.05962    1023.42590   -1023.66536
       8.09162    1024.24849   -1024.50682
       8.12362    1025.03545   -1025.29361
       8.15562    1025.79630   -1026.03156
       8.18862    1026.55714   -1026.74984
       8.22062    1027.28605   -1027.43071
       8.25262    1027.94193   -1028.03903
       8.28462    1028.54429   -1028.56786
       8.31762    1029.11375   -1029.03075
       8.34962    1029.62485   -1029.45736
       8.38162    1030.06420   -1029.86640
       8.41362    1030.44631   -1030.24432
       8.44662    1030.78576   -1030.57279
       8.47862    1031.08084   -1030.86077
       8.51062    1031.31527   -1031.12704
       8.54262    1031.49435   -1031.36707
       8.57462    1031.64266   -1031.56819
       8.60762    1031.76558   -1031.72921
       8.63962    1031.85642   -1031.84760
       8.67162    1031.92185   -1031.92072
       8.70362    1031.96785   -1031.95910
       8.73662    1031.99180   -1031.97981
       8.76862    1031.99911   -1031.99221
       8.80062    1032.00026   -1031.99814
       8.83262    1032.00035   -1031.99979
       8.86562    1032.00036   -1032.00003
       8.89762    1032.00036   -1032.00004
       8.92962    1032.00036   -1032.00004
       8.96162    1032.00036   -1032.00004
       8.99462    1032.00036   -1032.00004
       9.02662    1032.00036   -1032.00004
       9.05862    1032.00036   -1032.00004
       9.09062    1032.00036   -1032.00004
       9.12362    1032.00036   -1032.00004
       9.15562    1032.00036   -1032.00004
       9.18762    1032.00036   -1032.00004
       9.21962    1032.00036   -1032.00004
       9.25262    1032.00036   -1032.00004
       9.28462    1032.00036   -1032.00004
       9.31662    1032.00036   -1032.00004
       9.34862    1032.00036   -1032.00004
       9.38162    1032.00036   -1032.00004
       9.41362    1032.00036   -1032.00004
       9.44562    1032.00036   -1032.00004
       9.47762    1032.00036   -1032.00004
       9.51062    1032.00036   -1032.00004
       9.54262    1032.00036   -1032.00004
       9.57462    1032.00036   -1032.00004
       9.60662    1032.00036   -1032.00004
       9.63962    1032.00036   -1032.00004
       9.67162    1032.00036   -1032.00004
       9.70362    1032.00036   -1032.00004
       9.73562    1032.00036   -1032.00004
       9.76862    1032.00036   -1032.00004
       9.80062    1032.00036   -1032.00004
       9.83262    1032.00036   -1032.00004
       9.86462    1032.00036   -1032.00004
       9.89762    1032.00036   -1032.00004
       9.92962    1032.00036   -1032.00004
       9.96162    1032.00036   -1032.00004
       9.99362    1032.00036   -1032.00004
      10.02662    1032.00036   -1032.00004
      10.05862    1032.00036   -1032.00004
      10.09062    1032.00036   -1032.00004
      10.12262    1032.00036   -1032.00004
      10.15562    1032.00036   -1032.00004
      10.18762    1032.00036   -1032.00004
