      #Energy        TDOS-UP        TDOS-DOWN
     -22.63200       0.00000       0.00000
     -22.60300       0.00000       0.00000
     -22.57300       0.00000       0.00000
     -22.54300       0.00000       0.00000
     -22.51300       0.00000       0.00000
     -22.48300       0.00000       0.00000
     -22.45300       0.00000       0.00000
     -22.42400       0.00000       0.00000
     -22.39400       0.00000       0.00000
     -22.36400       0.00000       0.00000
     -22.33400       0.00000       0.00000
     -22.30400       0.00000       0.00000
     -22.27400       0.00000       0.00000
     -22.24400       0.00000       0.00000
     -22.21500       0.00000       0.00000
     -22.18500       0.00000       0.00000
     -22.15500       0.00000       0.00000
     -22.12500       0.00000       0.00000
     -22.09500       0.00000       0.00000
     -22.06500       0.00000       0.00000
     -22.03600       0.00000       0.00000
     -22.00600       0.00000       0.00000
     -21.97600       0.00000       0.00000
     -21.94600       0.00000       0.00000
     -21.91600       0.00000       0.00000
     -21.88600       0.00000       0.00000
     -21.85700       0.00000       0.00000
     -21.82700       0.00000       0.00000
     -21.79700       0.00000       0.00000
     -21.76700       0.00000       0.00000
     -21.73700       0.00000       0.00000
     -21.70700       0.00000       0.00000
     -21.67800       0.00000       0.00000
     -21.64800       0.00000       0.00000
     -21.61800       0.00000       0.00000
     -21.58800       0.00000       0.00000
     -21.55800       0.00000       0.00000
     -21.52800       0.00000      -0.00000
     -21.49900       0.00000      -0.00000
     -21.46900       0.00000      -0.00000
     -21.43900       0.00000      -0.00000
     -21.40900       0.00004      -0.00000
     -21.37900       0.00083      -0.00016
     -21.34900       0.01066      -0.00280
     -21.32000       0.07853      -0.02803
     -21.29000       0.35425      -0.16575
     -21.26000       1.06092      -0.62312
     -21.23000       2.30166      -1.61384
     -21.20000       3.92371      -3.12161
     -21.17000       5.62855      -4.85271
     -21.14100       7.19241      -6.47699
     -21.11100       8.54086      -7.87929
     -21.08100       9.64152      -9.08676
     -21.05100      10.52348     -10.08941
     -21.02100      11.35069     -10.94213
     -20.99100      12.26144     -11.79858
     -20.96200      13.25454     -12.73290
     -20.93200      14.31193     -13.74271
     -20.90200      15.41453     -14.84128
     -20.87200      16.42538     -15.94701
     -20.84200      17.22022     -16.87909
     -20.81200      17.85230     -17.59128
     -20.78300      18.48199     -18.20710
     -20.75300      19.26027     -18.88617
     -20.72300      20.18370     -19.72442
     -20.69300      21.03448     -20.63040
     -20.66300      21.60942     -21.36407
     -20.63300      21.94290     -21.81266
     -20.60300      22.24834     -22.11761
     -20.57400      22.71289     -22.50910
     -20.54400      23.30305     -23.05808
     -20.51400      23.85770     -23.61498
     -20.48400      24.41146     -24.09400
     -20.45400      25.17333     -24.66939
     -20.42400      26.29547     -25.55403
     -20.39500      27.84457     -26.86101
     -20.36500      29.61923     -28.57704
     -20.33500      31.09895     -30.31932
     -20.30500      31.99195     -31.55782
     -20.27500      32.52647     -32.23033
     -20.24500      33.10857     -32.71085
     -20.21600      33.95368     -33.36709
     -20.18600      34.99467     -34.30887
     -20.15600      36.08115     -35.40058
     -20.12600      37.14288     -36.49423
     -20.09600      38.08585     -37.51895
     -20.06600      38.78506     -38.37093
     -20.03700      39.24737     -38.97034
     -20.00700      39.57763     -39.37491
     -19.97700      39.81820     -39.67504
     -19.94700      39.97086     -39.88808
     -19.91700      40.10269     -40.04131
     -19.88700      40.31820     -40.22977
     -19.85800      40.66898     -40.53566
     -19.82800      41.12488     -40.96396
     -19.79800      41.56631     -41.42732
     -19.76800      41.85416     -41.77748
     -19.73800      41.96957     -41.94474
     -19.70800      41.99612     -41.99156
     -19.67900      41.99946     -41.99883
     -19.64900      41.99971     -41.99944
     -19.61900      42.00046     -41.99971
     -19.58900      42.00888     -42.00324
     -19.55900      42.05962     -42.03035
     -19.52900      42.22925     -42.14367
     -19.50000      42.56246     -42.41473
     -19.47000      42.99285     -42.81737
     -19.44000      43.46456     -43.26521
     -19.41000      44.03205     -43.77705
     -19.38000      44.68024     -44.39929
     -19.35000      45.25220     -45.02137
     -19.32100      45.66543     -45.50069
     -19.29100      46.01615     -45.85962
     -19.26100      46.47698     -46.25644
     -19.23100      47.10741     -46.82497
     -19.20100      47.74367     -47.49077
     -19.17100      48.20598     -48.03916
     -19.14200      48.51553     -48.39718
     -19.11200      48.81539     -48.67920
     -19.08200      49.20997     -49.02390
     -19.05200      49.68944     -49.47070
     -19.02200      50.20755     -49.96956
     -18.99200      50.79040     -50.51437
     -18.96300      51.45754     -51.14570
     -18.93300      52.14765     -51.82731
     -18.90300      52.83642     -52.49699
     -18.87300      53.60112     -53.20589
     -18.84300      54.47159     -54.04161
     -18.81300      55.33326     -54.94117
     -18.78300      56.09021     -55.75555
     -18.75400      56.81895     -56.47758
     -18.72400      57.67898     -57.24990
     -18.69400      58.73817     -58.20883
     -18.66400      59.89417     -59.35678
     -18.63400      60.97857     -60.52800
     -18.60400      61.90439     -61.53587
     -18.57500      62.68252     -62.34816
     -18.54500      63.31624     -63.02708
     -18.51500      63.77482     -63.56458
     -18.48500      64.15374     -63.97035
     -18.45500      64.66499     -64.41506
     -18.42500      65.34152     -65.03133
     -18.39600      65.99374     -65.69176
     -18.36600      66.55765     -66.23761
     -18.33600      67.20479     -66.75616
     -18.30600      68.09585     -67.45612
     -18.27600      69.23276     -68.43356
     -18.24600      70.49200     -69.62626
     -18.21700      71.75750     -70.91817
     -18.18700      73.05717     -72.26840
     -18.15700      74.42799     -73.69980
     -18.12700      75.71334     -75.12060
     -18.09700      76.68645     -76.29540
     -18.06700      77.29884     -77.07069
     -18.03800      77.74414     -77.54792
     -18.00800      78.30282     -78.01113
     -17.97800      79.05768     -78.67618
     -17.94800      79.78762     -79.45222
     -17.91800      80.30707     -80.07028
     -17.88800      80.77804     -80.49783
     -17.85900      81.50544     -81.01713
     -17.82900      82.58581     -81.89909
     -17.79900      83.93874     -83.16683
     -17.76900      85.46038     -84.68176
     -17.73900      86.94190     -86.23534
     -17.70900      88.18219     -87.59706
     -17.68000      89.23123     -88.71264
     -17.65000      90.28520     -89.73289
     -17.62000      91.47701     -90.81475
     -17.59000      92.81531     -92.03147
     -17.56000      94.17405     -93.36679
     -17.53000      95.41569     -94.69361
     -17.50100      96.59317     -95.93539
     -17.47100      97.85957     -97.20417
     -17.44100      99.17356     -98.56292
     -17.41100     100.32762     -99.83439
     -17.38100     101.27835    -100.86448
     -17.35100     102.14450    -101.73719
     -17.32200     102.91696    -102.54441
     -17.29200     103.50026    -103.21647
     -17.26200     103.95616    -103.71936
     -17.23200     104.47307    -104.19406
     -17.20200     105.18153    -104.81017
     -17.17200     106.11048    -105.63544
     -17.14200     107.20055    -106.65301
     -17.11300     108.30807    -107.76202
     -17.08300     109.34144    -108.83523
     -17.05300     110.34439    -109.85324
     -17.02300     111.36583    -110.87021
     -16.99300     112.36460    -111.88509
     -16.96300     113.26804    -112.83060
     -16.93400     114.04721    -113.66168
     -16.90400     114.73225    -114.38894
     -16.87400     115.43296    -115.08219
     -16.84400     116.24972    -115.86285
     -16.81400     117.13422    -116.74854
     -16.78400     118.01230    -117.62334
     -16.75500     118.96795    -118.48605
     -16.72500     120.09218    -119.48795
     -16.69500     121.28369    -120.65634
     -16.66500     122.37107    -121.83353
     -16.63500     123.22498    -122.84259
     -16.60500     123.76427    -123.54792
     -16.57600     124.10142    -123.95660
     -16.54600     124.53405    -124.31441
     -16.51600     125.22595    -124.87697
     -16.48600     126.09135    -125.63958
     -16.45600     127.05043    -126.50155
     -16.42600     128.10350    -127.48525
     -16.39700     129.17283    -128.57472
     -16.36700     130.09254    -129.60944
     -16.33700     130.71984    -130.41025
     -16.30700     131.05724    -130.90016
     -16.27700     131.23701    -131.15333
     -16.24700     131.37755    -131.30809
     -16.21800     131.52347    -131.45007
     -16.18800     131.67063    -131.59770
     -16.15800     131.79947    -131.73571
     -16.12800     131.89781    -131.84852
     -16.09800     131.96042    -131.92994
     -16.06800     131.98956    -131.97667
     -16.03900     132.00203    -131.99542
     -16.00900     132.03545    -132.00768
     -15.97900     132.17693    -132.06291
     -15.94900     132.54818    -132.27341
     -15.91900     133.15983    -132.75287
     -15.88900     133.83010    -133.43180
     -15.86000     134.37670    -134.07343
     -15.83000     134.82543    -134.55259
     -15.80000     135.36547    -134.97120
     -15.77000     136.12256    -135.52451
     -15.74000     136.97245    -136.29951
     -15.71000     137.72179    -137.16013
     -15.68100     138.43666    -137.96899
     -15.65100     139.29311    -138.81052
     -15.62100     140.25205    -139.76573
     -15.59100     141.13639    -140.72153
     -15.56100     141.87857    -141.54665
     -15.53100     142.61120    -142.29763
     -15.50200     143.50703    -143.15990
     -15.47200     144.54846    -144.17865
     -15.44200     145.60049    -145.21964
     -15.41200     146.60567    -146.18201
     -15.38200     147.54133    -147.06352
     -15.35200     148.32617    -147.86253
     -15.32200     148.91425    -148.52475
     -15.29300     149.42101    -149.04494
     -15.26300     150.05638    -149.55827
     -15.23300     150.92431    -150.23198
     -15.20300     151.94068    -151.10618
     -15.17300     152.95094    -152.08809
     -15.14300     153.87228    -153.05642
     -15.11400     154.72381    -153.94480
     -15.08400     155.55519    -154.78439
     -15.05400     156.41642    -155.66038
     -15.02400     157.36073    -156.62901
     -14.99400     158.33697    -157.66582
     -14.96400     159.21117    -158.63982
     -14.93500     159.98020    -159.46837
     -14.90500     160.78861    -160.25889
     -14.87500     161.76157    -161.13876
     -14.84500     162.94100    -162.14812
     -14.81500     164.27617    -163.34529
     -14.78500     165.61074    -164.72492
     -14.75600     166.76242    -166.08754
     -14.72600     167.66616    -167.21281
     -14.69600     168.43579    -168.09925
     -14.66600     169.18587    -168.89423
     -14.63600     169.87718    -169.63537
     -14.60600     170.46957    -170.27297
     -14.57700     171.01722    -170.83090
     -14.54700     171.59828    -171.38929
     -14.51700     172.25124    -172.01659
     -14.48700     172.93882    -172.70104
     -14.45700     173.62013    -173.38518
     -14.42700     174.27533    -174.04919
     -14.39800     174.83939    -174.65352
     -14.36800     175.27216    -175.13508
     -14.33800     175.65302    -175.52832
     -14.30800     176.07863    -175.93722
     -14.27800     176.55228    -176.39760
     -14.24800     177.01862    -176.87050
     -14.21900     177.41142    -177.29253
     -14.18900     177.70847    -177.61605
     -14.15900     177.99612    -177.88299
     -14.12900     178.41293    -178.22921
     -14.09900     178.96445    -178.73673
     -14.06900     179.48465    -179.29049
     -14.04000     179.89907    -179.74042
     -14.01000     180.34542    -180.14932
     -13.98000     180.94349    -180.67847
     -13.95000     181.66687    -181.36216
     -13.92000     182.48736    -182.15760
     -13.89000     183.41766    -183.05880
     -13.86100     184.40867    -184.03549
     -13.83100     185.37909    -185.01128
     -13.80100     186.30759    -185.94113
     -13.77100     187.25206    -186.85889
     -13.74100     188.23755    -187.82141
     -13.71100     189.16307    -188.77378
     -13.68100     189.98297    -189.61277
     -13.65200     190.84762    -190.41447
     -13.62200     191.84624    -191.34208
     -13.59200     192.86903    -192.36084
     -13.56200     193.87436    -193.35021
     -13.53200     194.99874    -194.35136
     -13.50200     196.33152    -195.50468
     -13.47300     197.72979    -196.83374
     -13.44300     198.98500    -198.18353
     -13.41300     200.07835    -199.41591
     -13.38300     201.10621    -200.53656
     -13.35300     202.10080    -201.59619
     -13.32300     203.02975    -202.59541
     -13.29400     203.88441    -203.50437
     -13.26400     204.72654    -204.35679
     -13.23400     205.59313    -205.22577
     -13.20400     206.42675    -206.09445
     -13.17400     207.14223    -206.87541
     -13.14400     207.67928    -207.48736
     -13.11500     208.08953    -207.92759
     -13.08500     208.56377    -208.34619
     -13.05500     209.26478    -208.94799
     -13.02500     210.16255    -209.79220
     -12.99500     211.09001    -210.74428
     -12.96500     211.94079    -211.64488
     -12.93600     212.75576    -212.47567
     -12.90600     213.63101    -213.32899
     -12.87600     214.58860    -214.26062
     -12.84600     215.55529    -215.22762
     -12.81600     216.42800    -216.14240
     -12.78600     217.12945    -216.91590
     -12.75700     217.68665    -217.51784
     -12.72700     218.28531    -218.07593
     -12.69700     219.11550    -218.80931
     -12.66700     220.13277    -219.76720
     -12.63700     221.15809    -220.78745
     -12.60700     222.14776    -221.78189
     -12.57800     223.13802    -222.78886
     -12.54800     224.10889    -223.78957
     -12.51800     225.02740    -224.72956
     -12.48800     225.88042    -225.59212
     -12.45800     226.69047    -226.39173
     -12.42800     227.55498    -227.20552
     -12.39900     228.59298    -228.15878
     -12.36900     229.78120    -229.29435
     -12.33900     230.91379    -230.46468
     -12.30900     231.87556    -231.48373
     -12.27900     232.80511    -232.39224
     -12.24900     233.83311    -233.35983
     -12.22000     234.93019    -234.42887
     -12.19000     236.03338    -235.54444
     -12.16000     237.11972    -236.65897
     -12.13000     238.19875    -237.75501
     -12.10000     239.27136    -238.82687
     -12.07000     240.35412    -239.87815
     -12.04100     241.48730    -240.95703
     -12.01100     242.65300    -242.09782
     -11.98100     243.80527    -243.27471
     -11.95100     244.95218    -244.45727
     -11.92100     246.11102    -245.63386
     -11.89100     247.24822    -246.78390
     -11.86100     248.30980    -247.87859
     -11.83200     249.21458    -248.86587
     -11.80200     249.85770    -249.63400
     -11.77200     250.24099    -250.11750
     -11.74200     250.50911    -250.41316
     -11.71200     250.83910    -250.70509
     -11.68200     251.34453    -251.14592
     -11.65300     252.01032    -251.77263
     -11.62300     252.73504    -252.49884
     -11.59300     253.46857    -253.23983
     -11.56300     254.26639    -254.02318
     -11.53300     255.15730    -254.90618
     -11.50300     256.02091    -255.80380
     -11.47400     256.73444    -256.56239
     -11.44400     257.36279    -257.19686
     -11.41400     258.05484    -257.86220
     -11.38400     258.86997    -258.64033
     -11.35400     259.82711    -259.54691
     -11.32400     260.93195    -260.60579
     -11.29500     262.11689    -261.77776
     -11.26500     263.28081    -262.95465
     -11.23500     264.40891    -264.07888
     -11.20500     265.61982    -265.24831
     -11.17500     266.96618    -266.56409
     -11.14500     268.33267    -267.93954
     -11.11600     269.63577    -269.25725
     -11.08600     270.90739    -270.53200
     -11.05600     272.18125    -271.81451
     -11.02600     273.47017    -273.11433
     -10.99600     274.81191    -274.45577
     -10.96600     276.18273    -275.83644
     -10.93700     277.47106    -277.15818
     -10.90700     278.61931    -278.34014
     -10.87700     279.66283    -279.39605
     -10.84700     280.69516    -280.40287
     -10.81700     281.84818    -281.47817
     -10.78700     283.23318    -282.73666
     -10.75800     284.90401    -284.26592
     -10.72800     286.86470    -286.10651
     -10.69800     289.01126    -288.21235
     -10.66800     291.05519    -290.35981
     -10.63800     292.79882    -292.26889
     -10.60800     294.32659    -293.90391
     -10.57900     295.69040    -295.33500
     -10.54900     296.87475    -296.56232
     -10.51900     298.01270    -297.69654
     -10.48900     299.21570    -298.88611
     -10.45900     300.44286    -300.11745
     -10.42900     301.67883    -301.35207
     -10.40000     302.92822    -302.60878
     -10.37000     304.08646    -303.81043
     -10.34000     305.11208    -304.86738
     -10.31000     306.16769    -305.89494
     -10.28000     307.38456    -307.06422
     -10.25000     308.73614    -308.38760
     -10.22000     310.20289    -309.83406
     -10.19100     311.76466    -311.39614
     -10.16100     313.31078    -312.98164
     -10.13100     314.75813    -314.47076
     -10.10100     316.09972    -315.82294
     -10.07100     317.30719    -317.03892
     -10.04100     318.28388    -318.06498
     -10.01200     318.97697    -318.82178
      -9.98200     319.56818    -319.41746
      -9.95200     320.37957    -320.16322
      -9.92200     321.52111    -321.23642
      -9.89200     322.85434    -322.53161
      -9.86200     324.30841    -323.95540
      -9.83300     325.81081    -325.47302
      -9.80300     327.03976    -326.80431
      -9.77300     327.76687    -327.64360
      -9.74300     328.17667    -328.09010
      -9.71300     328.59483    -328.47812
      -9.68300     329.21274    -329.03516
      -9.65400     330.08739    -329.84029
      -9.62400     331.15746    -330.86606
      -9.59400     332.25036    -331.97075
      -9.56400     333.21034    -332.97534
      -9.53400     334.05769    -333.84208
      -9.50400     334.89788    -334.67794
      -9.47500     335.72345    -335.51156
      -9.44500     336.56155    -336.33862
      -9.41500     337.58985    -337.31859
      -9.38500     338.84312    -338.55381
      -9.35500     340.11519    -339.86422
      -9.32500     341.26388    -341.02873
      -9.29600     342.46181    -342.10432
      -9.26600     344.17366    -343.46680
      -9.23600     346.78821    -345.52415
      -9.20600     350.19998    -348.35844
      -9.17600     353.84597    -351.65982
      -9.14600     357.10140    -354.92987
      -9.11700     359.72281    -357.79116
      -9.08700     361.92383    -360.18090
      -9.05700     363.93986    -362.25929
      -9.02700     365.81507    -364.24936
      -8.99700     367.58227    -366.25361
      -8.96700     369.28338    -368.15657
      -8.93800     370.89588    -369.84947
      -8.90800     372.54850    -371.42050
      -8.87800     374.65062    -373.21679
      -8.84800     377.39928    -375.63636
      -8.81800     380.45003    -378.63475
      -8.78800     383.38472    -381.80335
      -8.75900     386.11846    -384.83352
      -8.72900     388.73689    -387.63126
      -8.69900     391.35577    -390.30698
      -8.66900     394.19409    -393.15096
      -8.63900     397.32241    -396.30913
      -8.60900     400.45074    -399.47028
      -8.57900     403.31890    -402.23072
      -8.55000     405.89883    -404.62717
      -8.52000     408.19607    -406.93918
      -8.49000     410.34294    -409.27118
      -8.46000     412.61467    -411.61317
      -8.43000     415.08213    -414.01379
      -8.40000     417.60373    -416.56449
      -8.37100     420.09028    -419.26004
      -8.34100     422.37141    -421.81044
      -8.31100     424.09371    -423.75383
      -8.28100     425.16766    -424.91252
      -8.25100     426.01456    -425.57891
      -8.22100     427.15610    -426.23739
      -8.19200     428.82111    -427.30359
      -8.16200     431.10731    -429.03409
      -8.13200     434.15911    -431.55480
      -8.10200     437.85283    -434.96792
      -8.07200     441.65098    -439.04056
      -8.04200     445.02546    -442.95209
      -8.01300     447.79396    -446.11190
      -7.98300     450.17444    -448.74285
      -7.95300     452.74096    -451.37575
      -7.92300     455.93418    -454.42114
      -7.89300     459.50557    -457.88214
      -7.86300     462.74713    -461.21633
      -7.83400     465.21414    -463.87429
      -7.80400     467.13693    -465.89182
      -7.77400     469.12462    -467.80730
      -7.74400     471.42589    -470.02428
      -7.71400     473.61870    -472.33704
      -7.68400     475.15318    -474.23597
      -7.65500     476.00769    -475.48983
      -7.62500     476.64394    -476.28676
      -7.59500     477.49920    -477.00238
      -7.56500     478.68086    -477.92700
      -7.53500     480.10599    -479.22219
      -7.50500     481.65374    -480.88527
      -7.47600     483.08529    -482.58011
      -7.44600     484.19669    -483.89261
      -7.41600     485.09774    -484.80366
      -7.38600     486.07711    -485.62012
      -7.35600     487.29503    -486.64023
      -7.32600     488.74880    -488.00195
      -7.29700     490.41799    -489.66413
      -7.26700     492.26350    -491.49577
      -7.23700     494.10440    -493.30683
      -7.20700     495.76687    -494.94708
      -7.17700     497.22736    -496.45455
      -7.14700     498.42692    -497.80509
      -7.11800     499.31022    -498.84264
      -7.08800     500.03539    -499.63644
      -7.05800     500.88334    -500.45619
      -7.02800     502.06053    -501.48882
      -6.99800     503.68570    -502.86844
      -6.96800     505.75231    -504.72948
      -6.93900     507.94632    -506.91752
      -6.90900     509.81242    -508.94220
      -6.87900     511.22114    -510.47698
      -6.84900     512.42160    -511.67535
      -6.81900     513.69889    -512.90445
      -6.78900     515.23799    -514.35613
      -6.75900     517.14244    -516.00996
      -6.73000     519.29974    -517.80819
      -6.70000     521.47137    -519.78752
      -6.67000     523.70745    -522.02718
      -6.64000     526.26367    -524.54297
      -6.61000     529.12422    -527.37726
      -6.58000     532.05876    -530.45486
      -6.55100     534.98465    -533.45340
      -6.52100     537.91113    -536.28561
      -6.49100     540.70231    -539.17360
      -6.46100     543.27121    -542.14529
      -6.43100     545.70197    -544.99555
      -6.40100     548.06097    -547.57310
      -6.37200     550.52365    -550.00460
      -6.34200     553.45237    -552.68509
      -6.31200     556.80298    -555.73092
      -6.28200     559.83941    -558.61891
      -6.25200     562.09503    -560.86439
      -6.22200     563.94652    -562.61980
      -6.19300     565.77876    -564.20813
      -6.16300     567.47301    -565.66906
      -6.13300     568.77357    -567.00423
      -6.10300     569.64270    -568.23781
      -6.07300     570.35444    -569.23360
      -6.04300     571.23640    -569.96876
      -6.01400     572.29991    -570.72944
      -5.98400     573.29241    -571.72447
      -5.95400     574.11753    -572.77754
      -5.92400     574.95877    -573.64175
      -5.89400     575.97991    -574.40332
      -5.86400     577.21438    -575.33048
      -5.83500     578.68128    -576.56659
      -5.80500     580.34420    -578.14508
      -5.77500     582.06993    -580.03580
      -5.74500     583.68109    -582.02588
      -5.71500     585.13083    -583.78547
      -5.68500     586.63950    -585.27057
      -5.65600     588.30108    -586.74179
      -5.62600     589.86211    -588.23987
      -5.59600     591.13537    -589.56668
      -5.56600     592.18262    -590.68479
      -5.53600     593.17199    -591.68923
      -5.50600     594.21879    -592.64608
      -5.47700     595.30409    -593.62366
      -5.44700     596.37371    -594.67106
      -5.41700     597.40575    -595.77172
      -5.38700     598.39243    -596.87969
      -5.35700     599.36390    -597.96021
      -5.32700     600.37624    -599.00970
      -5.29800     601.41454    -600.05948
      -5.26800     602.42465    -601.13612
      -5.23800     603.46772    -602.28273
      -5.20800     604.71159    -603.63565
      -5.17800     606.19490    -605.25576
      -5.14800     607.63450    -606.87617
      -5.11800     608.66549    -608.09408
      -5.08900     609.26580    -608.79299
      -5.05900     609.72110    -609.18713
      -5.02900     610.28634    -609.55576
      -4.99900     611.04433    -610.07401
      -4.96900     611.95971    -610.80067
      -4.93900     612.96355    -611.70337
      -4.91000     613.98648    -612.68752
      -4.88000     614.93602    -613.65078
      -4.85000     615.72966    -614.53796
      -4.82000     616.40650    -615.31534
      -4.79000     617.07259    -615.97398
      -4.76000     617.73003    -616.59591
      -4.73100     618.36181    -617.25246
      -4.70100     619.06968    -617.91736
      -4.67100     619.91196    -618.61881
      -4.64100     620.76632    -619.44751
      -4.61100     621.47060    -620.35214
      -4.58100     621.95320    -621.16264
      -4.55200     622.25505    -621.76399
      -4.52200     622.50909    -622.15103
      -4.49200     622.84378    -622.43032
      -4.46200     623.31087    -622.74760
      -4.43200     623.93952    -623.16874
      -4.40200     624.80193    -623.71937
      -4.37300     625.94660    -624.50123
      -4.34300     627.25522    -625.59980
      -4.31300     628.44867    -626.89901
      -4.28300     629.30347    -628.13006
      -4.25300     629.79294    -629.07661
      -4.22300     630.05624    -629.66931
      -4.19400     630.30155    -629.98894
      -4.16400     630.71693    -630.22401
      -4.13400     631.42480    -630.56460
      -4.10400     632.36166    -631.14730
      -4.07400     633.26226    -631.99823
      -4.04400     633.96461    -632.94419
      -4.01500     634.55671    -633.75857
      -3.98500     635.12464    -634.41019
      -3.95500     635.61186    -634.98409
      -3.92500     635.97781    -635.48624
      -3.89500     636.30914    -635.88694
      -3.86500     636.69581    -636.23886
      -3.83600     637.14202    -636.61942
      -3.80600     637.63640    -637.03220
      -3.77600     638.15674    -637.47288
      -3.74600     638.68559    -637.95504
      -3.71600     639.29231    -638.44957
      -3.68600     640.03687    -638.96797
      -3.65700     640.82008    -639.62034
      -3.62700     641.50720    -640.42353
      -3.59700     642.15092    -641.20599
      -3.56700     642.94024    -641.86507
      -3.53700     643.93751    -642.53460
      -3.50700     644.99506    -643.41327
      -3.47800     645.98622    -644.52706
      -3.44800     646.93948    -645.70276
      -3.41800     647.88380    -646.78417
      -3.38800     648.73428    -647.75056
      -3.35800     649.40515    -648.59389
      -3.32800     649.97771    -649.24625
      -3.29800     650.60665    -649.71021
      -3.26900     651.28334    -650.14313
      -3.23900     651.88588    -650.70107
      -3.20900     652.39593    -651.36478
      -3.17900     652.90300    -652.01908
      -3.14900     653.50107    -652.63237
      -3.11900     654.24145    -653.26146
      -3.09000     655.04599    -653.95918
      -3.06000     655.72923    -654.69629
      -3.03000     656.25211    -655.33806
      -3.00000     656.81229    -655.76815
      -2.97000     657.53731    -656.04315
      -2.94000     658.27680    -656.37753
      -2.91100     658.86756    -656.95038
      -2.88100     659.35762    -657.68704
      -2.85100     659.84022    -658.35060
      -2.82100     660.34654    -658.87318
      -2.79100     660.94998    -659.37189
      -2.76100     661.71274    -659.89895
      -2.73200     662.57933    -660.41840
      -2.70200     663.48382    -660.96828
      -2.67200     664.40068    -661.64377
      -2.64200     665.24714    -662.47933
      -2.61200     665.92890    -663.46244
      -2.58200     666.53233    -664.51879
      -2.55300     667.27779    -665.49593
      -2.52300     668.20510    -666.33865
      -2.49300     669.10496    -667.13528
      -2.46300     669.82968    -667.93444
      -2.43300     670.48399    -668.72614
      -2.40300     671.16709    -669.52382
      -2.37400     671.77918    -670.34819
      -2.34400     672.26879    -671.15675
      -2.31400     672.70589    -671.84194
      -2.28400     673.09511    -672.38392
      -2.25400     673.41365    -672.83832
      -2.22400     673.67424    -673.21023
      -2.19500     673.86247    -673.50680
      -2.16500     673.95858    -673.74500
      -2.13500     673.98896    -673.90356
      -2.10500     673.99447    -673.97477
      -2.07500     673.99502    -673.99407
      -2.04500     673.99505    -673.99703
      -2.01600     673.99505    -673.99727
      -1.98600     673.99505    -673.99728
      -1.95600     673.99505    -673.99728
      -1.92600     673.99505    -673.99728
      -1.89600     673.99505    -673.99728
      -1.86600     673.99505    -673.99728
      -1.83700     673.99505    -673.99728
      -1.80700     673.99505    -673.99728
      -1.77700     673.99505    -673.99728
      -1.74700     673.99505    -673.99728
      -1.71700     673.99505    -673.99728
      -1.68700     673.99505    -673.99728
      -1.65700     673.99505    -673.99728
      -1.62800     673.99505    -673.99728
      -1.59800     673.99505    -673.99728
      -1.56800     673.99505    -673.99728
      -1.53800     673.99505    -673.99728
      -1.50800     673.99505    -673.99728
      -1.47800     673.99505    -673.99728
      -1.44900     673.99505    -673.99728
      -1.41900     673.99506    -673.99728
      -1.38900     673.99518    -673.99729
      -1.35900     673.99694    -673.99745
      -1.32900     674.01131    -673.99964
      -1.29900     674.08182    -674.01675
      -1.27000     674.29698    -674.09728
      -1.24000     674.71379    -674.33220
      -1.21000     675.23772    -674.76542
      -1.18000     675.68705    -675.28338
      -1.15000     675.98831    -675.70914
      -1.12000     676.19497    -675.98939
      -1.09100     676.38167    -676.18473
      -1.06100     676.62955    -676.36442
      -1.03100     677.02294    -676.60291
      -1.00100     677.58968    -676.98377
      -0.97100     678.35319    -677.53559
      -0.94100     679.36389    -678.27523
      -0.91200     680.52810    -679.25043
      -0.88200     681.62577    -680.38107
      -0.85200     682.60231    -681.46279
      -0.82200     683.60123    -682.42560
      -0.79200     684.68995    -683.39214
      -0.76200     685.82209    -684.45968
      -0.73300     686.99853    -685.60435
      -0.70300     688.21048    -686.79004
      -0.67300     689.36260    -687.98319
      -0.64300     690.34690    -689.12025
      -0.61300     691.08937    -690.13259
      -0.58300     691.58480    -690.93787
      -0.55400     691.94463    -691.48716
      -0.52400     692.34578    -691.86339
      -0.49400     692.89984    -692.24813
      -0.46400     693.58696    -692.77743
      -0.43400     694.35540    -693.44471
      -0.40400     695.21766    -694.18062
      -0.37500     696.16824    -694.99157
      -0.34500     697.11733    -695.90307
      -0.31500     697.95156    -696.85544
      -0.28500     698.65107    -697.73218
      -0.25500     699.35341    -698.45988
      -0.22500     700.19121    -699.11897
      -0.19600     701.11047    -699.88501
      -0.16600     701.97467    -700.80143
      -0.13600     702.72819    -701.72799
      -0.10600     703.44321    -702.52238
      -0.07600     704.25625    -703.20086
      -0.04600     705.21309    -703.91946
      -0.01700     706.25154    -704.78322
       0.01300     707.27150    -705.76469
       0.04300     708.15733    -706.79806
       0.07300     708.86579    -707.78445
       0.10300     709.50578    -708.61524
       0.13300     710.21215    -709.31997
       0.16300     710.95224    -710.03380
       0.19200     711.59432    -710.77508
       0.22200     712.10168    -711.43387
       0.25200     712.55221    -711.95570
       0.28200     713.01825    -712.40145
       0.31200     713.45893    -712.86048
       0.34200     713.79672    -713.32205
       0.37100     714.08976    -713.69187
       0.40100     714.55655    -713.96674
       0.43100     715.40628    -714.30501
       0.46100     716.56408    -714.93709
       0.49100     717.67861    -715.95092
       0.52100     718.51701    -717.11677
       0.55000     719.12328    -718.10599
       0.58000     719.61841    -718.86562
       0.61000     720.15889    -719.62092
       0.64000     720.96402    -720.62103
       0.67000     722.06423    -721.87266
       0.70000     723.17578    -723.07984
       0.72900     724.09653    -724.03818
       0.75900     724.99072    -724.92968
       0.78900     726.03394    -725.96709
       0.81900     727.03480    -726.98391
       0.84900     727.67658    -727.65284
       0.87900     727.94424    -727.92767
       0.90800     728.11487    -728.02859
       0.93800     728.59338    -728.24210
       0.96800     729.77579    -728.90611
       0.99800     731.68591    -730.23456
       1.02800     733.90692    -732.07367
       1.05800     736.07258    -734.10492
       1.08700     738.13292    -736.15109
       1.11700     740.24637    -738.25320
       1.14700     742.47409    -740.54880
       1.17700     744.57709    -743.01148
       1.20700     746.37368    -745.41046
       1.23700     747.92845    -747.47617
       1.26600     749.27108    -749.06987
       1.29600     750.37010    -750.25064
       1.32600     751.30248    -751.20361
       1.35600     752.20129    -752.10407
       1.38600     753.12920    -753.02615
       1.41600     754.04517    -753.93690
       1.44500     754.87924    -754.76531
       1.47500     755.69825    -755.56119
       1.50500     756.66255    -756.48641
       1.53500     757.81796    -757.61004
       1.56500     759.10122    -758.87480
       1.59500     760.48472    -760.23787
       1.62400     762.00115    -761.72550
       1.65400     763.64826    -763.33233
       1.68400     765.39353    -764.96556
       1.71400     767.28171    -766.57687
       1.74400     769.38054    -768.33378
       1.77400     771.62930    -770.48169
       1.80400     773.89670    -772.92303
       1.83300     776.14501    -775.24429
       1.86300     778.40913    -777.23586
       1.89300     780.63059    -779.08675
       1.92300     782.69272    -781.01536
       1.95300     784.76350    -782.98485
       1.98300     787.26512    -785.03042
       2.01200     790.23293    -787.46401
       2.04200     793.18880    -790.33635
       2.07200     795.77858    -793.19331
       2.10200     797.98900    -795.66644
       2.13200     799.92567    -797.80853
       2.16200     801.77477    -799.82292
       2.19100     803.71293    -801.84985
       2.22100     805.73926    -803.94942
       2.25100     807.70934    -806.08748
       2.28100     809.52935    -808.16558
       2.31100     811.34877    -810.18832
       2.34100     813.51995    -812.39158
       2.37000     816.23907    -815.00255
       2.40000     819.34204    -817.92739
       2.43000     822.48230    -820.87223
       2.46000     825.38343    -823.63640
       2.49000     828.01543    -826.24021
       2.52000     830.51734    -828.81135
       2.54900     832.99748    -831.41053
       2.57900     835.51342    -834.04671
       2.60900     838.12170    -836.73271
       2.63900     840.89408    -839.51763
       2.66900     843.83071    -842.44322
       2.69900     846.78868    -845.39685
       2.72800     849.62282    -848.21310
       2.75800     852.29734    -850.89045
       2.78800     854.81820    -853.49918
       2.81800     857.20957    -856.02750
       2.84800     859.55351    -858.45900
       2.87800     861.90027    -860.82710
       2.90700     864.16827    -863.09898
       2.93700     866.25054    -865.17887
       2.96700     868.16484    -867.08033
       2.99700     870.03915    -868.96076
       3.02700     872.00356    -870.97172
       3.05700     874.09613    -873.12007
       3.08600     876.28297    -875.32333
       3.11600     878.58275    -877.58864
       3.14600     881.05319    -879.98882
       3.17600     883.67505    -882.52714
       3.20600     886.37612    -885.17987
       3.23600     889.09122    -887.93286
       3.26500     891.72068    -890.67720
       3.29500     894.16576    -893.23804
       3.32500     896.44271    -895.57377
       3.35500     898.63985    -897.80104
       3.38500     900.82207    -900.03115
       3.41500     903.04338    -902.31004
       3.44400     905.34107    -904.64040
       3.47400     907.70230    -906.97717
       3.50400     910.08219    -909.25920
       3.53400     912.43224    -911.46916
       3.56400     914.71277    -913.65094
       3.59400     916.90946    -915.86285
       3.62400     919.06155    -918.13144
       3.65300     921.24094    -920.45270
       3.68300     923.48850    -922.80230
       3.71300     925.79976    -925.15101
       3.74300     928.13698    -927.47331
       3.77300     930.43318    -929.73744
       3.80300     932.63390    -931.91831
       3.83200     934.75197    -934.02042
       3.86200     936.85035    -936.07241
       3.89200     938.97096    -938.10814
       3.92200     941.10679    -940.15848
       3.95200     943.23217    -942.24329
       3.98200     945.32175    -944.35390
       4.01100     947.36732    -946.45154
       4.04100     949.39842    -948.49368
       4.07100     951.44548    -950.47182
       4.10100     953.50299    -952.44399
       4.13100     955.56438    -954.48792
       4.16100     957.65082    -956.60973
       4.19000     959.77680    -958.76733
       4.22000     961.94410    -960.95686
       4.25000     964.15780    -963.19637
       4.28000     966.39880    -965.44662
       4.31000     968.61429    -967.64480
       4.34000     970.75474    -969.79211
       4.36900     972.81836    -971.91750
       4.39900     974.82157    -974.00439
       4.42900     976.74660    -976.00685
       4.45900     978.56706    -977.89936
       4.48900     980.29249    -979.71206
       4.51900     981.96988    -981.50059
       4.54800     983.62758    -983.25675
       4.57800     985.25455    -984.93638
       4.60800     986.86108    -986.55977
       4.63800     988.48700    -988.17868
       4.66800     990.12263    -989.79939
       4.69800     991.70215    -991.39577
       4.72700     993.19188    -992.95084
       4.75700     994.59701    -994.46010
       4.78700     995.91592    -995.89493
       4.81700     997.15577    -997.20757
       4.84700     998.34131    -998.39983
       4.87700     999.49597    -999.51854
       4.90600    1000.62393   -1000.59219
       4.93600    1001.69296   -1001.62796
       4.96600    1002.67114   -1002.62762
       4.99600    1003.57921   -1003.58521
       5.02600    1004.47057   -1004.50074
       5.05600    1005.36535   -1005.37748
       5.08500    1006.23553   -1006.20006
       5.11500    1007.06840   -1006.97118
       5.14500    1007.88532   -1007.74692
       5.17500    1008.69090   -1008.56130
       5.20500    1009.47231   -1009.36091
       5.23500    1010.23761   -1010.07429
       5.26500    1010.99411   -1010.68698
       5.29400    1011.71047   -1011.23343
       5.32400    1012.34628   -1011.77645
       5.35400    1012.89423   -1012.35736
       5.38400    1013.37921   -1012.94603
       5.41400    1013.82109   -1013.48547
       5.44400    1014.21105   -1013.94196
       5.47300    1014.54312   -1014.30880
       5.50300    1014.83594   -1014.62268
       5.53300    1015.10118   -1014.93148
       5.56300    1015.32771   -1015.22914
       5.59300    1015.50827   -1015.47717
       5.62300    1015.64757   -1015.65865
       5.65200    1015.74995   -1015.77963
       5.68200    1015.82301   -1015.85394
       5.71200    1015.87779   -1015.89813
       5.74200    1015.91904   -1015.92781
       5.77200    1015.94678   -1015.95353
       5.80200    1015.96425   -1015.97621
       5.83100    1015.97732   -1015.99076
       5.86100    1015.98764   -1015.99648
       5.89100    1015.99345   -1015.99776
       5.92100    1015.99538   -1015.99792
       5.95100    1015.99572   -1015.99793
       5.98100    1015.99576   -1015.99793
       6.01000    1015.99576   -1015.99793
       6.04000    1015.99576   -1015.99793
       6.07000    1015.99576   -1015.99793
       6.10000    1015.99576   -1015.99793
       6.13000    1015.99576   -1015.99793
       6.16000    1015.99576   -1015.99793
       6.18900    1015.99576   -1015.99793
       6.21900    1015.99576   -1015.99793
       6.24900    1015.99576   -1015.99793
       6.27900    1015.99576   -1015.99793
       6.30900    1015.99576   -1015.99793
       6.33900    1015.99576   -1015.99793
       6.36800    1015.99576   -1015.99793
       6.39800    1015.99576   -1015.99793
       6.42800    1015.99576   -1015.99793
       6.45800    1015.99576   -1015.99793
       6.48800    1015.99576   -1015.99793
       6.51800    1015.99576   -1015.99793
       6.54700    1015.99576   -1015.99793
       6.57700    1015.99576   -1015.99793
       6.60700    1015.99576   -1015.99793
       6.63700    1015.99576   -1015.99793
       6.66700    1015.99576   -1015.99793
       6.69700    1015.99576   -1015.99793
       6.72600    1015.99576   -1015.99793
       6.75600    1015.99576   -1015.99793
       6.78600    1015.99576   -1015.99793
       6.81600    1015.99576   -1015.99793
       6.84600    1015.99576   -1015.99793
       6.87600    1015.99576   -1015.99793
       6.90500    1015.99576   -1015.99793
       6.93500    1015.99576   -1015.99793
       6.96500    1015.99576   -1015.99793
       6.99500    1015.99576   -1015.99793
       7.02500    1015.99576   -1015.99793
       7.05500    1015.99576   -1015.99793
       7.08500    1015.99576   -1015.99793
       7.11400    1015.99576   -1015.99793
       7.14400    1015.99576   -1015.99793
       7.17400    1015.99576   -1015.99793
