      #Energy        TDOS-UP        TDOS-DOWN
     -19.74822       0.00000       0.00000
     -19.71922       0.00000       0.00000
     -19.68922       0.00000       0.00000
     -19.65922       0.00000       0.00000
     -19.62922       0.00000       0.00000
     -19.59922       0.00000       0.00000
     -19.56922       0.00000       0.00000
     -19.54022       0.00000       0.00000
     -19.51022       0.00000       0.00000
     -19.48022       0.00000       0.00000
     -19.45022       0.00000       0.00000
     -19.42022       0.00000       0.00000
     -19.39022       0.00000       0.00000
     -19.36022       0.00000       0.00000
     -19.33122       0.00000       0.00000
     -19.30122       0.00000       0.00000
     -19.27122       0.00000       0.00000
     -19.24122       0.00000       0.00000
     -19.21122       0.00000       0.00000
     -19.18122       0.00000       0.00000
     -19.15222       0.00000       0.00000
     -19.12222       0.00000       0.00000
     -19.09222       0.00000       0.00000
     -19.06222       0.00000       0.00000
     -19.03222       0.00000       0.00000
     -19.00222       0.00000       0.00000
     -18.97322       0.00000       0.00000
     -18.94322       0.00000       0.00000
     -18.91322       0.00000       0.00000
     -18.88322       0.00000       0.00000
     -18.85322       0.00000       0.00000
     -18.82322       0.00000       0.00000
     -18.79422       0.00000       0.00000
     -18.76422       0.00000       0.00000
     -18.73422       0.00000       0.00000
     -18.70422       0.00000       0.00000
     -18.67422       0.00000       0.00000
     -18.64422       0.00000      -0.00000
     -18.61522       0.00000      -0.00000
     -18.58522       0.00000      -0.00000
     -18.55522       0.00005      -0.00000
     -18.52522       0.00225      -0.00031
     -18.49522       0.05094      -0.00990
     -18.46522       0.60790      -0.16760
     -18.43622       3.94200      -1.52300
     -18.40622      14.54000      -7.70900
     -18.37622      32.83000     -22.95000
     -18.34622      50.34000     -43.46000
     -18.31622      58.39000     -57.61000
     -18.28622      55.89000     -58.43000
     -18.25722      48.94000     -50.45000
     -18.22722      41.45000     -43.55000
     -18.19722      32.33000     -37.39000
     -18.16722      26.79000     -29.82000
     -18.13722      28.66000     -27.34000
     -18.10722      32.39000     -30.07000
     -18.07822      34.18000     -32.56000
     -18.04822      36.70000     -35.13000
     -18.01822      37.21000     -38.51000
     -17.98822      30.55000     -35.61000
     -17.95822      22.73000     -26.87000
     -17.92822      19.64000     -20.87000
     -17.89922      22.57000     -20.41000
     -17.86922      29.60000     -25.11000
     -17.83922      32.30000     -31.08000
     -17.80922      24.73000     -29.65000
     -17.77922      13.81000     -19.53000
     -17.74922       8.54400     -10.54000
     -17.71922      11.93000      -9.90200
     -17.69022      19.21000     -16.34000
     -17.66022      20.35000     -20.46000
     -17.63022      16.83000     -16.87000
     -17.60022      20.29000     -15.24000
     -17.57022      30.78000     -23.33000
     -17.54022      44.44000     -35.97000
     -17.51122      59.40000     -51.64000
     -17.48122      59.56000     -63.39000
     -17.45122      39.63000     -53.40000
     -17.42122      20.23000     -29.62000
     -17.39122      15.60000     -15.46000
     -17.36122      23.42000     -16.75000
     -17.33222      33.23000     -27.24000
     -17.30222      36.55000     -35.89000
     -17.27222      36.28000     -37.29000
     -17.24222      34.89000     -36.02000
     -17.21222      28.32000     -32.67000
     -17.18222      18.55000     -24.44000
     -17.15322      12.44000     -15.74000
     -17.12322       9.69800     -11.38000
     -17.09322       6.42800      -8.73800
     -17.06322       3.80500      -5.54300
     -17.03322       5.03200      -4.72800
     -17.00322       9.41400      -7.90500
     -16.97422      14.10000     -12.60000
     -16.94422      16.46000     -16.11000
     -16.91422      13.13000     -14.95000
     -16.88422       6.16600      -8.52200
     -16.85422       1.57000      -2.69000
     -16.82422       0.20940      -0.44850
     -16.79522       0.01441      -0.03866
     -16.76522       0.00275      -0.00227
     -16.73522       0.04768      -0.01577
     -16.70522       0.51630      -0.22120
     -16.67522       2.88500      -1.59600
     -16.64522       8.48600      -6.00000
     -16.61622      13.85000     -12.17000
     -16.58622      15.00000     -14.82000
     -16.55622      16.62000     -15.20000
     -16.52622      21.42000     -19.11000
     -16.49622      22.03000     -22.60000
     -16.46622      16.31000     -19.10000
     -16.43722      11.39000     -13.03000
     -16.40722      12.12000     -11.03000
     -16.37722      18.77000     -15.57000
     -16.34722      23.49000     -22.54000
     -16.31722      19.16000     -22.09000
     -16.28722      11.83000     -14.67000
     -16.25822       8.92000      -9.32900
     -16.22822      11.18000      -9.57600
     -16.19822      15.27000     -13.53000
     -16.16822      16.87000     -16.42000
     -16.13822      17.86000     -17.02000
     -16.10822      21.21000     -19.50000
     -16.07922      23.51000     -22.82000
     -16.04922      22.75000     -22.87000
     -16.01922      23.42000     -22.02000
     -15.98922      27.84000     -25.50000
     -15.95922      30.51000     -30.52000
     -15.92922      27.25000     -29.78000
     -15.89922      23.49000     -24.81000
     -15.87022      25.36000     -23.59000
     -15.84022      32.29000     -28.18000
     -15.81022      38.71000     -36.10000
     -15.78022      38.78000     -40.85000
     -15.75022      33.91000     -37.66000
     -15.72022      28.15000     -29.90000
     -15.69122      24.01000     -24.55000
     -15.66122      18.47000     -20.96000
     -15.63122      12.27000     -15.07000
     -15.60122      13.13000     -12.13000
     -15.57122      21.14000     -17.68000
     -15.54122      24.21000     -23.63000
     -15.51222      19.51000     -20.64000
     -15.48222      18.29000     -15.95000
     -15.45222      25.09000     -18.81000
     -15.42222      34.64000     -28.11000
     -15.39222      41.57000     -37.41000
     -15.36222      42.84000     -42.54000
     -15.33322      41.99000     -44.06000
     -15.30322      45.13000     -46.45000
     -15.27322      46.76000     -49.50000
     -15.24322      39.40000     -45.74000
     -15.21322      25.83000     -33.01000
     -15.18322      15.22000     -18.96000
     -15.15422      14.63000     -13.03000
     -15.12422      22.82000     -18.02000
     -15.09422      27.78000     -26.56000
     -15.06422      21.15000     -25.46000
     -15.03422      13.67000     -15.97000
     -15.00422      17.90000     -12.69000
     -14.97522      30.86000     -22.12000
     -14.94522      41.56000     -37.00000
     -14.91522      49.13000     -47.98000
     -14.88522      52.87000     -53.57000
     -14.85522      46.44000     -50.57000
     -14.82522      36.70000     -40.71000
     -14.79622      33.62000     -34.07000
     -14.76622      37.03000     -34.32000
     -14.73622      42.86000     -38.20000
     -14.70622      46.85000     -43.36000
     -14.67622      44.23000     -46.15000
     -14.64622      39.00000     -42.79000
     -14.61722      39.93000     -40.45000
     -14.58722      44.96000     -44.60000
     -14.55722      43.12000     -46.48000
     -14.52722      34.24000     -38.75000
     -14.49722      29.49000     -30.30000
     -14.46722      28.57000     -28.20000
     -14.43822      23.21000     -25.91000
     -14.40822      15.89000     -19.14000
     -14.37822      14.67000     -14.57000
     -14.34822      19.98000     -17.25000
     -14.31822      27.51000     -24.05000
     -14.28822      34.76000     -31.27000
     -14.25822      38.31000     -36.94000
     -14.22922      35.93000     -37.40000
     -14.19922      33.34000     -34.54000
     -14.16922      33.89000     -33.70000
     -14.13922      34.58000     -34.47000
     -14.10922      32.37000     -33.56000
     -14.07922      28.19000     -29.82000
     -14.05022      24.04000     -25.89000
     -14.02022      21.88000     -22.86000
     -13.99022      25.09000     -23.61000
     -13.96022      29.66000     -28.72000
     -13.93022      29.63000     -30.65000
     -13.90022      29.23000     -27.99000
     -13.87122      34.83000     -29.84000
     -13.84122      40.53000     -37.32000
     -13.81122      39.34000     -41.00000
     -13.78122      33.55000     -37.91000
     -13.75122      23.69000     -29.73000
     -13.72122      12.46000     -17.55000
     -13.69222      10.14000      -9.84500
     -13.66222      18.86000     -14.14000
     -13.63222      27.52000     -23.57000
     -13.60222      30.49000     -27.55000
     -13.57222      33.80000     -30.23000
     -13.54222      36.79000     -35.71000
     -13.51322      34.89000     -37.32000
     -13.48322      26.76000     -32.04000
     -13.45322      15.29000     -21.64000
     -13.42322       7.32700     -11.20000
     -13.39322       4.72300      -5.77100
     -13.36322       4.69800      -4.60300
     -13.33422       5.08300      -4.91400
     -13.30422       4.78200      -4.98200
     -13.27422       3.85400      -4.26900
     -13.24422       2.73800      -3.29300
     -13.21422       1.45900      -2.16500
     -13.18422       0.49430      -0.96740
     -13.15522       0.34200      -0.28950
     -13.12522       1.89800      -0.53230
     -13.09522       7.58600      -3.17000
     -13.06522      17.30000     -10.94000
     -13.03522      23.70000     -21.20000
     -13.00522      21.23000     -24.31000
     -12.97622      15.41000     -18.70000
     -12.94622      14.67000     -13.42000
     -12.91622      21.53000     -14.64000
     -12.88622      29.22000     -22.45000
     -12.85622      27.75000     -29.50000
     -12.82622      22.48000     -28.19000
     -12.79722      25.44000     -26.03000
     -12.76722      31.97000     -30.38000
     -12.73722      32.31000     -33.65000
     -12.70722      26.97000     -30.42000
     -12.67722      22.78000     -24.89000
     -12.64722      26.33000     -25.45000
     -12.61822      33.72000     -32.35000
     -12.58822      36.09000     -35.94000
     -12.55822      34.43000     -33.84000
     -12.52822      32.95000     -30.67000
     -12.49822      29.77000     -28.42000
     -12.46822      22.84000     -25.14000
     -12.43822      16.58000     -19.25000
     -12.40922      17.39000     -15.62000
     -12.37922      25.20000     -18.79000
     -12.34922      32.98000     -26.37000
     -12.31922      35.15000     -32.23000
     -12.28922      32.57000     -33.59000
     -12.25922      29.19000     -31.32000
     -12.23022      27.89000     -28.23000
     -12.20022      27.84000     -28.05000
     -12.17022      29.89000     -30.67000
     -12.14022      33.41000     -34.26000
     -12.11022      32.03000     -35.24000
     -12.08022      26.57000     -30.05000
     -12.05122      24.98000     -25.49000
     -12.02122      29.21000     -27.50000
     -11.99122      36.01000     -31.48000
     -11.96122      43.05000     -36.18000
     -11.93122      46.45000     -44.07000
     -11.90122      43.01000     -48.41000
     -11.87222      34.19000     -42.93000
     -11.84222      26.39000     -32.50000
     -11.81222      25.20000     -26.92000
     -11.78222      25.08000     -26.37000
     -11.75222      21.26000     -23.31000
     -11.72222      18.45000     -19.43000
     -11.69322      18.26000     -17.97000
     -11.66322      20.69000     -19.46000
     -11.63322      23.08000     -22.59000
     -11.60322      23.01000     -23.29000
     -11.57322      22.66000     -22.57000
     -11.54322      21.26000     -21.94000
     -11.51422      16.55000     -18.57000
     -11.48422      12.46000     -13.71000
     -11.45422      13.07000     -12.65000
     -11.42422      15.46000     -14.76000
     -11.39422      16.29000     -16.10000
     -11.36422      14.97000     -15.60000
     -11.33522      11.36000     -12.69000
     -11.30522       8.55200      -8.99600
     -11.27522      10.73000      -8.89800
     -11.24522      17.21000     -14.31000
     -11.21522      19.76000     -19.71000
     -11.18522      15.11000     -17.41000
     -11.15622      12.67000     -12.75000
     -11.12622      17.25000     -14.66000
     -11.09622      22.84000     -20.81000
     -11.06622      25.65000     -25.02000
     -11.03622      29.35000     -28.30000
     -11.00622      33.01000     -32.11000
     -10.97722      33.42000     -33.36000
     -10.94722      31.63000     -32.05000
     -10.91722      30.61000     -30.28000
     -10.88722      32.70000     -31.24000
     -10.85722      33.36000     -33.28000
     -10.82722      28.68000     -30.56000
     -10.79722      26.28000     -25.68000
     -10.76822      31.68000     -28.06000
     -10.73822      35.26000     -34.12000
     -10.70822      33.30000     -34.17000
     -10.67822      34.09000     -32.15000
     -10.64822      41.28000     -34.96000
     -10.61822      48.06000     -42.35000
     -10.58922      45.67000     -46.74000
     -10.55922      38.47000     -43.74000
     -10.52922      34.82000     -38.87000
     -10.49922      34.08000     -36.25000
     -10.46922      32.59000     -34.78000
     -10.43922      29.68000     -32.20000
     -10.41022      27.61000     -28.73000
     -10.38022      28.84000     -28.41000
     -10.35022      29.25000     -29.84000
     -10.32022      26.63000     -28.39000
     -10.29022      21.33000     -23.96000
     -10.26022      14.67000     -17.06000
     -10.23122      12.83000     -12.45000
     -10.20122      18.96000     -15.61000
     -10.17122      28.03000     -24.73000
     -10.14122      32.15000     -31.86000
     -10.11122      30.02000     -31.96000
     -10.08122      27.01000     -28.41000
     -10.05222      27.62000     -27.28000
     -10.02222      31.05000     -29.92000
      -9.99222      33.14000     -32.53000
      -9.96222      31.66000     -32.29000
      -9.93222      26.84000     -29.03000
      -9.90222      20.18000     -22.82000
      -9.87322      17.17000     -17.53000
      -9.84322      22.96000     -19.88000
      -9.81322      32.69000     -29.28000
      -9.78322      35.50000     -34.93000
      -9.75322      33.23000     -33.46000
      -9.72322      33.11000     -33.20000
      -9.69422      33.27000     -34.30000
      -9.66422      31.81000     -32.78000
      -9.63422      29.76000     -30.23000
      -9.60422      27.42000     -27.59000
      -9.57422      26.88000     -26.01000
      -9.54422      31.07000     -28.54000
      -9.51522      38.51000     -35.36000
      -9.48522      41.14000     -40.76000
      -9.45522      34.78000     -37.69000
      -9.42522      29.69000     -30.62000
      -9.39522      32.62000     -30.28000
      -9.36522      36.29000     -34.58000
      -9.33622      37.25000     -37.08000
      -9.30622      36.70000     -37.70000
      -9.27622      36.12000     -37.01000
      -9.24622      36.21000     -36.46000
      -9.21622      35.69000     -35.39000
      -9.18622      36.89000     -35.08000
      -9.15722      39.07000     -37.24000
      -9.12722      39.07000     -39.23000
      -9.09722      38.17000     -39.66000
      -9.06722      38.71000     -39.61000
      -9.03722      38.97000     -39.26000
      -9.00722      37.26000     -37.83000
      -8.97722      33.90000     -35.55000
      -8.94822      26.75000     -30.63000
      -8.91822      16.36000     -20.86000
      -8.88822       9.33300     -11.55000
      -8.85822       8.64000      -8.26900
      -8.82822      13.48000     -11.30000
      -8.79822      20.40000     -18.25000
      -8.76922      24.23000     -23.76000
      -8.73922      24.35000     -24.92000
      -8.70922      24.82000     -24.75000
      -8.67922      28.66000     -27.76000
      -8.64922      31.06000     -31.43000
      -8.61922      26.83000     -28.74000
      -8.59022      21.00000     -22.11000
      -8.56022      21.12000     -20.42000
      -8.53022      25.27000     -24.18000
      -8.50022      29.37000     -27.98000
      -8.47022      34.79000     -32.79000
      -8.44022      39.27000     -38.19000
      -8.41122      40.16000     -40.37000
      -8.38122      37.86000     -38.52000
      -8.35122      37.76000     -36.84000
      -8.32122      43.41000     -41.55000
      -8.29122      46.84000     -46.65000
      -8.26122      44.76000     -45.55000
      -8.23222      42.59000     -42.78000
      -8.20222      42.65000     -42.67000
      -8.17222      42.74000     -43.30000
      -8.14222      43.66000     -43.83000
      -8.11222      46.28000     -46.09000
      -8.08222      45.61000     -46.46000
      -8.05322      40.75000     -42.14000
      -8.02322      36.22000     -37.09000
      -7.99322      33.73000     -33.69000
      -7.96322      35.47000     -33.80000
      -7.93322      41.82000     -38.28000
      -7.90322      51.02000     -46.08000
      -7.87422      60.98000     -56.43000
      -7.84422      70.45000     -66.95000
      -7.81422      73.44000     -74.21000
      -7.78422      63.57000     -69.74000
      -7.75422      53.31000     -58.23000
      -7.72422      49.10000     -51.37000
      -7.69522      42.32000     -44.56000
      -7.66522      37.07000     -37.71000
      -7.63522      39.21000     -38.32000
      -7.60522      41.43000     -41.42000
      -7.57522      40.83000     -41.12000
      -7.54522      42.02000     -41.64000
      -7.51622      41.73000     -42.60000
      -7.48622      35.91000     -37.95000
      -7.45622      32.84000     -32.90000
      -7.42622      37.92000     -35.98000
      -7.39622      43.65000     -42.40000
      -7.36622      46.95000     -46.31000
      -7.33622      51.37000     -50.65000
      -7.30722      53.32000     -54.06000
      -7.27722      50.32000     -52.22000
      -7.24722      46.70000     -47.60000
      -7.21722      43.23000     -43.04000
      -7.18722      37.71000     -38.47000
      -7.15722      27.76000     -30.31000
      -7.12822      18.70000     -20.42000
      -7.09822      20.93000     -19.51000
      -7.06822      33.46000     -30.48000
      -7.03822      43.06000     -41.46000
      -7.00822      46.31000     -45.36000
      -6.97822      51.16000     -50.08000
      -6.94922      49.55000     -51.65000
      -6.91922      32.83000     -37.59000
      -6.88922      15.91000     -18.67000
      -6.85922      11.56000     -11.26000
      -6.82922      16.47000     -14.75000
      -6.79922      24.95000     -22.59000
      -6.77022      33.68000     -31.38000
      -6.74022      38.05000     -37.38000
      -6.71022      35.21000     -36.67000
      -6.68022      29.14000     -30.67000
      -6.65022      27.66000     -27.43000
      -6.62022      28.66000     -28.60000
      -6.59122      26.68000     -27.28000
      -6.56122      29.50000     -28.16000
      -6.53122      39.43000     -37.53000
      -6.50122      44.58000     -45.27000
      -6.47122      40.69000     -42.57000
      -6.44122      36.31000     -35.49000
      -6.41222      43.99000     -36.61000
      -6.38222      70.76000     -54.72000
      -6.35222     104.50000     -83.19000
      -6.32222     124.20000    -106.80000
      -6.29222     120.20000    -114.50000
      -6.26222      98.02000    -104.70000
      -6.23322      77.70000     -87.10000
      -6.20322      69.84000     -73.09000
      -6.17322      65.30000     -66.23000
      -6.14322      60.40000     -67.17000
      -6.11322      58.06000     -67.18000
      -6.08322      55.97000     -60.38000
      -6.05422      52.12000     -53.10000
      -6.02422      58.66000     -52.21000
      -5.99422      82.25000     -68.20000
      -5.96422     102.00000     -93.99000
      -5.93422     102.50000    -107.00000
      -5.90422      94.22000    -105.40000
      -5.87522      89.03000     -97.72000
      -5.84522      86.49000     -89.82000
      -5.81522      89.06000     -89.54000
      -5.78522     101.20000    -101.10000
      -5.75522     108.50000    -110.60000
      -5.72522     101.20000    -101.30000
      -5.69522      91.06000     -83.74000
      -5.66622      81.88000     -76.90000
      -5.63622      72.11000     -78.08000
      -5.60622      71.80000     -78.24000
      -5.57622      80.48000     -78.75000
      -5.54622      84.92000     -82.17000
      -5.51622      84.11000     -88.81000
      -5.48722      82.57000     -91.88000
      -5.45722      70.34000     -79.08000
      -5.42722      45.11000     -51.19000
      -5.39722      26.88000     -26.48000
      -5.36722      29.89000     -18.19000
      -5.33722      46.63000     -25.95000
      -5.30822      64.98000     -45.52000
      -5.27822      88.27000     -70.48000
      -5.24822     116.30000     -98.49000
      -5.21822     131.30000    -130.30000
      -5.18822     123.30000    -142.70000
      -5.15822     102.90000    -119.50000
      -5.12922      82.68000     -92.31000
      -5.09922      76.89000     -84.05000
      -5.06922      95.15000     -92.44000
      -5.03922     118.90000    -111.70000
      -5.00922     120.50000    -120.30000
      -4.97922      96.79000    -103.20000
      -4.95022      68.58000     -74.97000
      -4.92022      60.31000     -60.27000
      -4.89022      72.93000     -68.13000
      -4.86022      81.33000     -80.48000
      -4.83022      65.66000     -74.55000
      -4.80022      37.20000     -52.74000
      -4.77122      20.08000     -31.31000
      -4.74122      22.57000     -22.11000
      -4.71122      34.76000     -25.86000
      -4.68122      44.45000     -36.12000
      -4.65122      51.08000     -50.70000
      -4.62122      52.67000     -60.78000
      -4.59222      43.29000     -52.83000
      -4.56222      31.21000     -35.15000
      -4.53222      29.19000     -25.92000
      -4.50222      36.46000     -28.81000
      -4.47222      45.18000     -39.57000
      -4.44222      52.27000     -51.71000
      -4.41322      59.62000     -59.71000
      -4.38322      64.09000     -63.07000
      -4.35322      59.31000     -58.33000
      -4.32322      52.13000     -51.62000
      -4.29322      45.77000     -49.43000
      -4.26322      34.64000     -41.10000
      -4.23422      24.57000     -28.45000
      -4.20422      24.04000     -24.76000
      -4.17422      32.80000     -30.19000
      -4.14422      46.11000     -39.03000
      -4.11422      62.83000     -53.45000
      -4.08422      75.70000     -71.30000
      -4.05522      71.37000     -75.37000
      -4.02522      53.72000     -60.35000
      -3.99522      40.71000     -42.53000
      -3.96522      39.76000     -37.80000
      -3.93522      45.86000     -44.59000
      -3.90522      57.31000     -52.72000
      -3.87522      70.35000     -58.14000
      -3.84622      74.26000     -62.40000
      -3.81622      71.31000     -70.28000
      -3.78622      78.58000     -79.85000
      -3.75622      92.77000     -88.79000
      -3.72622      98.98000    -101.20000
      -3.69622      97.73000    -105.10000
      -3.66722      98.40000     -95.90000
      -3.63722      97.77000     -93.95000
      -3.60722      89.33000     -99.64000
      -3.57722      82.87000     -99.56000
      -3.54722      80.07000     -91.50000
      -3.51722      78.06000     -81.28000
      -3.48822      87.02000     -81.71000
      -3.45822     109.30000     -97.97000
      -3.42822     115.30000    -106.20000
      -3.39822      88.24000     -87.39000
      -3.36822      62.96000     -63.13000
      -3.33822      61.15000     -54.54000
      -3.30922      61.67000     -51.93000
      -3.27922      51.90000     -46.00000
      -3.24922      35.28000     -43.50000
      -3.21922      22.98000     -39.19000
      -3.18922      24.73000     -27.56000
      -3.15922      34.39000     -21.72000
      -3.13022      36.90000     -29.27000
      -3.10022      29.63000     -37.43000
      -3.07022      25.68000     -33.16000
      -3.04022      30.71000     -24.77000
      -3.01022      37.74000     -26.28000
      -2.98022      45.01000     -35.87000
      -2.95122      53.32000     -46.99000
      -2.92122      58.15000     -58.82000
      -2.89122      57.53000     -67.92000
      -2.86122      50.47000     -65.48000
      -2.83122      46.71000     -52.47000
      -2.80122      54.42000     -47.08000
      -2.77222      56.96000     -51.54000
      -2.74222      47.68000     -48.88000
      -2.71222      37.67000     -40.06000
      -2.68222      32.53000     -34.89000
      -2.65222      33.79000     -32.44000
      -2.62222      36.38000     -31.70000
      -2.59322      36.37000     -33.83000
      -2.56322      35.33000     -36.38000
      -2.53322      33.85000     -37.40000
      -2.50322      32.29000     -36.87000
      -2.47322      32.83000     -35.56000
      -2.44322      35.03000     -34.79000
      -2.41422      34.57000     -35.58000
      -2.38422      33.14000     -36.59000
      -2.35422      36.78000     -40.27000
      -2.32422      46.60000     -50.42000
      -2.29422      52.83000     -58.18000
      -2.26422      43.67000     -50.44000
      -2.23422      25.44000     -31.20000
      -2.20522      14.80000     -15.65000
      -2.17522      15.72000     -10.77000
      -2.14522      22.17000     -13.94000
      -2.11522      28.64000     -20.80000
      -2.08522      32.72000     -27.91000
      -2.05522      34.57000     -32.60000
      -2.02622      34.00000     -33.37000
      -1.99622      29.65000     -31.20000
      -1.96622      23.55000     -28.27000
      -1.93622      21.82000     -23.84000
      -1.90622      22.83000     -20.31000
      -1.87622      21.24000     -21.38000
      -1.84722      21.11000     -22.63000
      -1.81722      26.34000     -21.94000
      -1.78722      30.12000     -25.08000
      -1.75722      27.15000     -30.47000
      -1.72722      20.06000     -30.17000
      -1.69722      12.29000     -24.16000
      -1.66822       7.94400     -16.15000
      -1.63822       9.08500      -9.79400
      -1.60822      13.35000      -8.92800
      -1.57822      17.96000     -12.34000
      -1.54822      24.18000     -15.89000
      -1.51822      33.63000     -21.02000
      -1.48922      43.10000     -31.39000
      -1.45922      44.62000     -42.25000
      -1.42922      35.38000     -44.84000
      -1.39922      21.92000     -37.68000
      -1.36922      10.89000     -25.77000
      -1.33922       6.76000     -13.96000
      -1.31022       9.68400      -7.46600
      -1.28022      18.16000      -8.29100
      -1.25022      29.29000     -14.54000
      -1.22022      33.51000     -24.52000
      -1.19022      26.86000     -32.52000
      -1.16022      20.22000     -30.89000
      -1.13122      19.47000     -23.70000
      -1.10122      18.60000     -19.98000
      -1.07122      14.06000     -18.49000
      -1.04122      10.47000     -15.17000
      -1.01122      11.74000     -11.69000
      -0.98122      14.18000     -11.90000
      -0.95222      15.73000     -13.61000
      -0.92222      17.41000     -14.06000
      -0.89222      17.47000     -15.48000
      -0.86222      17.98000     -16.84000
      -0.83222      22.69000     -16.31000
      -0.80222      27.22000     -18.44000
      -0.77322      25.28000     -25.29000
      -0.74322      20.78000     -28.55000
      -0.71322      22.37000     -23.90000
      -0.68322      30.54000     -20.28000
      -0.65322      36.31000     -24.60000
      -0.62322      34.58000     -34.30000
      -0.59422      31.86000     -40.36000
      -0.56422      32.04000     -38.45000
      -0.53422      31.26000     -34.04000
      -0.50422      25.75000     -30.74000
      -0.47422      19.22000     -25.79000
      -0.44422      19.16000     -17.94000
      -0.41422      23.00000     -13.16000
      -0.38522      22.36000     -15.86000
      -0.35522      18.03000     -21.54000
      -0.32522      16.16000     -22.95000
      -0.29522      17.83000     -20.91000
      -0.26522      22.26000     -20.20000
      -0.23522      27.37000     -21.97000
      -0.20622      26.56000     -24.80000
      -0.17622      19.24000     -24.61000
      -0.14622      15.81000     -18.41000
      -0.11622      21.74000     -10.42000
      -0.08622      26.86000      -8.01400
      -0.05622      22.71000     -14.40000
      -0.02722      16.89000     -24.00000
       0.00278      15.96000     -25.38000
       0.03278      16.39000     -19.10000
       0.06278      17.55000     -15.93000
       0.09278      22.90000     -17.50000
       0.12278      28.23000     -17.83000
       0.15178      29.86000     -16.99000
       0.18178      30.77000     -19.87000
       0.21178      30.69000     -25.41000
       0.24178      26.05000     -30.60000
       0.27178      19.65000     -35.30000
       0.30178      20.80000     -35.51000
       0.33078      29.17000     -29.99000
       0.36078      32.99000     -26.50000
       0.39078      27.33000     -26.90000
       0.42078      21.25000     -26.67000
       0.45078      22.61000     -26.40000
       0.48078      23.18000     -27.07000
       0.50978      17.85000     -28.19000
       0.53978      14.97000     -26.01000
       0.56978      14.33000     -19.92000
       0.59978      11.76000     -16.41000
       0.62978       9.59300     -14.05000
       0.65978       7.87500     -10.88000
       0.68878       4.74200      -9.00000
       0.71878       1.70100      -6.96700
       0.74878       0.33490      -3.66200
       0.77878       0.03493      -1.11100
       0.80878       0.00189      -0.18260
       0.83878       0.00005      -0.01579
       0.86778       0.00000      -0.00071
       0.89778       0.00000      -0.00002
       0.92778       0.00000      -0.00000
       0.95778       0.00000      -0.00000
       0.98778       0.00000      -0.00000
       1.01778       0.00000      -0.00000
       1.04678       0.00000       0.00000
       1.07678       0.00000       0.00000
       1.10678       0.00000       0.00000
       1.13678       0.00000       0.00000
       1.16678       0.00000       0.00000
       1.19678       0.00000       0.00000
       1.22678       0.00000       0.00000
       1.25578       0.00000       0.00000
       1.28578       0.00000       0.00000
       1.31578       0.00000       0.00000
       1.34578       0.00000      -0.00000
       1.37578       0.00000      -0.00000
       1.40578       0.00000      -0.00000
       1.43478       0.00001      -0.00000
       1.46478       0.00031      -0.00001
       1.49478       0.00798      -0.00043
       1.52478       0.11010      -0.01038
       1.55478       0.85320      -0.13630
       1.58478       3.87300      -1.01100
       1.61378      10.55000      -4.38700
       1.64378      17.39000     -11.36000
       1.67378      17.73000     -17.68000
       1.70378      12.39000     -17.04000
       1.73378       7.80400     -11.50000
       1.76378       6.04900      -7.28600
       1.79278       6.46600      -5.80800
       1.82278      10.15000      -6.23700
       1.85278      16.22000      -9.75000
       1.88278      21.77000     -15.78000
       1.91278      29.41000     -21.21000
       1.94278      38.34000     -28.37000
       1.97178      39.70000     -37.00000
       2.00178      33.88000     -38.79000
       2.03178      31.58000     -33.72000
       2.06178      35.38000     -30.82000
       2.09178      37.60000     -33.97000
       2.12178      38.29000     -37.59000
       2.15078      40.57000     -39.14000
       2.18078      40.67000     -40.34000
       2.21078      36.56000     -39.64000
       2.24078      29.42000     -36.58000
       2.27078      20.35000     -31.28000
       2.30078      12.86000     -22.70000
       2.32978      11.26000     -14.12000
       2.35978      15.63000     -11.10000
       2.38978      21.51000     -14.69000
       2.41978      24.55000     -20.79000
       2.44978      26.96000     -23.94000
       2.47978      30.84000     -25.39000
       2.50878      32.88000     -28.97000
       2.53878      30.74000     -32.13000
       2.56878      25.18000     -31.71000
       2.59878      21.71000     -27.06000
       2.62878      25.37000     -21.72000
       2.65878      30.79000     -22.46000
       2.68778      30.83000     -28.89000
       2.71778      27.10000     -32.54000
       2.74778      23.41000     -29.57000
       2.77778      24.52000     -23.68000
       2.80778      29.98000     -21.80000
       2.83778      34.16000     -26.37000
       2.86678      35.45000     -31.53000
       2.89678      32.92000     -34.26000
       2.92678      26.46000     -35.01000
       2.95678      21.03000     -31.11000
       2.98678      21.87000     -24.58000
       3.01678      25.48000     -22.66000
       3.04678      24.13000     -25.19000
       3.07578      18.91000     -24.50000
       3.10578      15.10000     -19.66000
       3.13578      15.10000     -15.32000
       3.16578      16.14000     -14.56000
       3.19578      13.40000     -16.21000
       3.22578       9.24300     -14.73000
       3.25478      10.40000     -10.06000
       3.28478      20.89000      -8.36500
       3.31478      36.07000     -14.31000
       3.34478      41.54000     -28.06000
       3.37478      33.17000     -39.90000
       3.40478      23.03000     -38.25000
       3.43378      17.61000     -28.06000
       3.46378      15.58000     -22.86000
       3.49378      20.65000     -27.77000
       3.52378      33.32000     -39.27000
       3.55378      40.43000     -44.63000
       3.58378      34.08000     -36.29000
       3.61278      27.64000     -27.95000
       3.64278      32.30000     -31.81000
       3.67278      37.63000     -37.73000
       3.70278      29.46000     -30.43000
       3.73278      13.56000     -14.41000
       3.76278       4.38200      -4.01300
       3.79178       7.05600      -2.75200
       3.82178      25.02000     -11.56000
       3.85178      54.24000     -32.95000
       3.88178      73.80000     -56.10000
       3.91178      75.08000     -67.18000
       3.94178      70.09000     -68.98000
       3.97078      68.02000     -68.18000
       4.00078      73.65000     -72.73000
       4.03078      75.68000     -81.15000
       4.06078      65.29000     -83.93000
       4.09078      55.14000     -76.88000
       4.12078      49.08000     -61.59000
       4.14978      40.92000     -45.24000
       4.17978      32.75000     -33.91000
       4.20978      29.75000     -29.97000
       4.23978      30.50000     -30.39000
       4.26978      31.70000     -31.42000
       4.29978      29.70000     -29.63000
       4.32878      26.21000     -25.90000
       4.35878      28.69000     -27.45000
       4.38878      35.95000     -34.57000
       4.41878      41.50000     -40.75000
       4.44878      44.52000     -44.03000
       4.47878      48.22000     -47.34000
       4.50778      53.43000     -52.38000
       4.53778      56.98000     -55.33000
       4.56778      60.01000     -54.15000
       4.59778      66.56000     -53.86000
       4.62778      74.13000     -63.91000
       4.65778      76.61000     -80.07000
       4.68778      75.38000     -83.58000
       4.71678      75.33000     -72.02000
       4.74678      76.44000     -61.48000
       4.77678      72.47000     -62.59000
       4.80678      65.76000     -66.69000
       4.83678      73.05000     -65.33000
       4.86678      94.64000     -71.79000
       4.89578     104.30000     -91.34000
       4.92578      93.84000    -101.20000
       4.95578      79.76000     -90.31000
       4.98578      68.41000     -75.47000
       5.01578      61.41000     -68.12000
       5.04578      62.54000     -66.91000
       5.07478      67.38000     -68.96000
       5.10478      68.45000     -71.78000
       5.13478      63.61000     -71.54000
       5.16478      58.39000     -67.76000
       5.19478      63.57000     -67.83000
       5.22478      81.97000     -79.86000
       5.25378     100.30000     -95.16000
       5.28378     107.70000    -100.90000
       5.31378     102.80000     -96.50000
       5.34378      91.67000     -88.79000
       5.37378      84.76000     -85.75000
       5.40378      82.95000     -86.60000
       5.43278      83.30000     -87.63000
       5.46278      85.35000     -89.08000
       5.49278      89.49000     -90.97000
       5.52278      96.35000     -95.71000
       5.55278     100.50000    -100.40000
       5.58278      97.78000     -97.59000
       5.61178      92.20000     -91.19000
       5.64178      87.08000     -88.28000
       5.67178      81.90000     -86.59000
       5.70178      78.40000     -82.89000
       5.73178      78.72000     -80.10000
       5.76178      78.59000     -78.64000
       5.79078      73.44000     -73.65000
       5.82078      66.14000     -65.77000
       5.85078      62.18000     -61.69000
       5.88078      63.46000     -64.36000
       5.91078      68.22000     -70.44000
       5.94078      72.05000     -73.57000
       5.96978      74.54000     -74.12000
       5.99978      79.62000     -77.73000
       6.02978      85.98000     -83.16000
       6.05978      89.77000     -86.99000
       6.08978      91.29000     -90.83000
       6.11978      90.71000     -93.71000
       6.14878      85.55000     -90.25000
       6.17878      78.35000     -81.41000
       6.20878      74.28000     -75.16000
       6.23878      73.00000     -74.14000
       6.26878      73.28000     -75.35000
       6.29878      75.62000     -77.41000
       6.32778      78.40000     -78.80000
       6.35778      79.88000     -77.84000
       6.38778      79.65000     -75.13000
       6.41778      77.88000     -73.01000
       6.44778      74.99000     -73.24000
       6.47778      72.26000     -75.03000
       6.50778      72.00000     -77.04000
       6.53678      74.09000     -78.56000
       6.56678      76.57000     -78.94000
       6.59678      78.36000     -78.50000
       6.62678      78.31000     -77.17000
       6.65678      75.61000     -74.60000
       6.68678      71.91000     -71.59000
       6.71578      70.07000     -69.32000
       6.74578      70.59000     -68.23000
       6.77578      71.56000     -68.23000
       6.80578      71.61000     -69.21000
       6.83578      70.86000     -70.54000
       6.86578      69.21000     -70.94000
       6.89478      67.91000     -69.67000
       6.92478      68.24000     -67.22000
       6.95478      68.98000     -65.38000
       6.98478      68.94000     -66.82000
       7.01478      69.24000     -70.19000
       7.04478      70.62000     -72.04000
       7.07378      71.89000     -72.59000
       7.10378      73.39000     -74.18000
       7.13378      75.00000     -75.94000
       7.16378      75.22000     -74.90000
       7.19378      73.29000     -72.45000
       7.22378      70.19000     -71.49000
       7.25278      68.14000     -70.98000
       7.28278      66.14000     -68.91000
       7.31278      62.90000     -65.32000
       7.34278      59.13000     -61.54000
       7.37278      56.53000     -59.97000
       7.40278      55.91000     -59.92000
       7.43178      55.21000     -57.80000
       7.46178      53.85000     -54.79000
       7.49178      53.84000     -54.03000
       7.52178      55.15000     -54.49000
       7.55178      54.49000     -54.15000
       7.58178      51.39000     -52.86000
       7.61078      48.47000     -51.38000
       7.64078      45.72000     -49.79000
       7.67078      42.69000     -46.39000
       7.70078      40.42000     -41.60000
       7.73078      39.05000     -38.32000
       7.76078      38.35000     -36.67000
       7.78978      37.26000     -35.30000
       7.81978      34.40000     -34.13000
       7.84978      31.17000     -32.88000
       7.87978      29.70000     -31.31000
       7.90978      30.05000     -30.06000
       7.93978      29.93000     -28.71000
       7.96878      28.40000     -26.43000
       7.99878      27.43000     -25.26000
       8.02878      27.33000     -26.74000
       8.05878      26.67000     -27.85000
       8.08878      25.71000     -25.75000
       8.11878      25.59000     -22.07000
       8.14878      25.12000     -19.00000
       8.17778      22.90000     -17.63000
       8.20778      19.72000     -18.77000
       8.23778      17.01000     -20.17000
       8.26778      15.50000     -19.29000
       8.29778      14.12000     -16.87000
       8.32778      12.02000     -13.73000
       8.35678      10.24000     -10.86000
       8.38678       9.38800     -10.18000
       8.41678       8.39200     -10.52000
       8.44678       6.79300      -9.43300
       8.47678       5.31000      -7.19300
       8.50678       4.02800      -4.97200
       8.53578       2.83500      -3.13800
       8.56578       2.06200      -1.84300
       8.59578       1.61000      -1.11900
       8.62578       1.15500      -0.87070
       8.65578       0.70500      -0.85310
       8.68578       0.46610      -0.66740
       8.71478       0.40980      -0.30770
       8.74478       0.28190      -0.07598
       8.77478       0.10770      -0.00978
       8.80478       0.02126      -0.00065
       8.83478       0.00213      -0.00002
       8.86478       0.00011      -0.00000
       8.89378       0.00000      -0.00000
       8.92378       0.00000      -0.00000
       8.95378       0.00000      -0.00000
       8.98378       0.00000       0.00000
       9.01378       0.00000       0.00000
       9.04378       0.00000       0.00000
       9.07278       0.00000       0.00000
       9.10278       0.00000       0.00000
       9.13278       0.00000       0.00000
       9.16278       0.00000       0.00000
       9.19278       0.00000       0.00000
       9.22278       0.00000       0.00000
       9.25178       0.00000       0.00000
       9.28178       0.00000       0.00000
       9.31178       0.00000       0.00000
       9.34178       0.00000       0.00000
       9.37178       0.00000       0.00000
       9.40178       0.00000       0.00000
       9.43078       0.00000       0.00000
       9.46078       0.00000       0.00000
       9.49078       0.00000       0.00000
       9.52078       0.00000       0.00000
       9.55078       0.00000       0.00000
       9.58078       0.00000       0.00000
       9.60978       0.00000       0.00000
       9.63978       0.00000       0.00000
       9.66978       0.00000       0.00000
       9.69978       0.00000       0.00000
       9.72978       0.00000       0.00000
       9.75978       0.00000       0.00000
       9.78878       0.00000       0.00000
       9.81878       0.00000       0.00000
       9.84878       0.00000       0.00000
       9.87878       0.00000       0.00000
       9.90878       0.00000       0.00000
       9.93878       0.00000       0.00000
       9.96878       0.00000       0.00000
       9.99778       0.00000       0.00000
      10.02778       0.00000       0.00000
      10.05778       0.00000       0.00000
