      #Energy        TDOS-UP        TDOS-DOWN
     -25.00400       0.00000       0.00000
     -24.97200       0.00000       0.00000
     -24.93900       0.00000       0.00000
     -24.90700       0.00000       0.00000
     -24.87500       0.00000       0.00000
     -24.84300       0.00000       0.00000
     -24.81000       0.00000       0.00000
     -24.77800       0.00000       0.00000
     -24.74600       0.00000       0.00000
     -24.71300       0.00000       0.00000
     -24.68100       0.00000       0.00000
     -24.64900       0.00000       0.00000
     -24.61600       0.00000       0.00000
     -24.58400       0.00000       0.00000
     -24.55200       0.00000       0.00000
     -24.51900       0.00000       0.00000
     -24.48700       0.00000       0.00000
     -24.45500       0.00000       0.00000
     -24.42200       0.00000       0.00000
     -24.39000       0.00000       0.00000
     -24.35800       0.00000       0.00000
     -24.32600       0.00000       0.00000
     -24.29300       0.00000       0.00000
     -24.26100       0.00000       0.00000
     -24.22900       0.00000       0.00000
     -24.19600       0.00000       0.00000
     -24.16400       0.00000       0.00000
     -24.13200       0.00000       0.00000
     -24.09900       0.00000       0.00000
     -24.06700       0.00000       0.00000
     -24.03500       0.00000       0.00000
     -24.00200       0.00000       0.00000
     -23.97000       0.00000       0.00000
     -23.93800       0.00000       0.00000
     -23.90600       0.00000       0.00000
     -23.87300       0.00000       0.00000
     -23.84100       0.00000       0.00000
     -23.80900       0.00000      -0.00000
     -23.77600       0.00000      -0.00000
     -23.74400       0.00000      -0.00000
     -23.71200       0.00005      -0.00005
     -23.67900       0.00330      -0.00330
     -23.64700       0.10730      -0.10730
     -23.61500       1.56900      -1.56900
     -23.58200      10.41000     -10.41000
     -23.55000      31.81000     -31.81000
     -23.51800      48.46000     -48.46000
     -23.48500      55.52000     -55.52000
     -23.45300      79.68000     -79.68000
     -23.42100      86.28000     -86.28000
     -23.38900      52.93000     -52.93000
     -23.35600      41.15000     -41.15000
     -23.32400      64.99000     -64.99000
     -23.29200      75.10000     -75.10000
     -23.25900      49.79000     -49.79000
     -23.22700      17.74000     -17.74000
     -23.19500       3.15800      -3.15800
     -23.16200       0.26640      -0.26640
     -23.13000       0.01032      -0.01032
     -23.09800       0.00018      -0.00018
     -23.06500       0.00000      -0.00000
     -23.03300       0.00000      -0.00000
     -23.00100       0.00000      -0.00000
     -22.96800       0.00000       0.00000
     -22.93600       0.00000       0.00000
     -22.90400       0.00000       0.00000
     -22.87200       0.00000       0.00000
     -22.83900       0.00000       0.00000
     -22.80700       0.00000       0.00000
     -22.77500       0.00000       0.00000
     -22.74200       0.00000       0.00000
     -22.71000       0.00000       0.00000
     -22.67800       0.00000       0.00000
     -22.64500       0.00000       0.00000
     -22.61300       0.00000       0.00000
     -22.58100       0.00000       0.00000
     -22.54800       0.00000       0.00000
     -22.51600       0.00000       0.00000
     -22.48400       0.00000       0.00000
     -22.45100       0.00000       0.00000
     -22.41900       0.00000       0.00000
     -22.38700       0.00000       0.00000
     -22.35500       0.00000       0.00000
     -22.32200       0.00000       0.00000
     -22.29000       0.00000       0.00000
     -22.25800       0.00000       0.00000
     -22.22500       0.00000       0.00000
     -22.19300       0.00000       0.00000
     -22.16100       0.00000       0.00000
     -22.12800       0.00000       0.00000
     -22.09600       0.00000       0.00000
     -22.06400       0.00000       0.00000
     -22.03100       0.00000       0.00000
     -21.99900       0.00000       0.00000
     -21.96700       0.00000       0.00000
     -21.93400       0.00000       0.00000
     -21.90200       0.00000       0.00000
     -21.87000       0.00000       0.00000
     -21.83800       0.00000       0.00000
     -21.80500       0.00000       0.00000
     -21.77300       0.00000       0.00000
     -21.74100       0.00000       0.00000
     -21.70800       0.00000       0.00000
     -21.67600       0.00000       0.00000
     -21.64400       0.00000       0.00000
     -21.61100       0.00000       0.00000
     -21.57900       0.00000       0.00000
     -21.54700       0.00000       0.00000
     -21.51400       0.00000       0.00000
     -21.48200       0.00000       0.00000
     -21.45000       0.00000       0.00000
     -21.41800       0.00000       0.00000
     -21.38500       0.00000       0.00000
     -21.35300       0.00000       0.00000
     -21.32100       0.00000       0.00000
     -21.28800       0.00000       0.00000
     -21.25600       0.00000       0.00000
     -21.22400       0.00000       0.00000
     -21.19100       0.00000       0.00000
     -21.15900       0.00000       0.00000
     -21.12700       0.00000      -0.00000
     -21.09400       0.00000      -0.00000
     -21.06200       0.00000      -0.00000
     -21.03000       0.00003      -0.00003
     -20.99700       0.00221      -0.00221
     -20.96500       0.07097      -0.07097
     -20.93300       1.06100      -1.06100
     -20.90100       7.50000      -7.50000
     -20.86800      25.53000     -25.53000
     -20.83600      43.96000     -43.96000
     -20.80400      48.11000     -48.11000
     -20.77100      57.29000     -57.29000
     -20.73900      71.51000     -71.51000
     -20.70700      69.18000     -69.18000
     -20.67400      58.70000     -58.70000
     -20.64200      44.42000     -44.42000
     -20.61000      38.34000     -38.34000
     -20.57700      42.85000     -42.85000
     -20.54500      37.61000     -37.61000
     -20.51300      29.16000     -29.16000
     -20.48000      24.67000     -24.67000
     -20.44800      14.29000     -14.29000
     -20.41600       4.13800      -4.13800
     -20.38400       0.55560      -0.55560
     -20.35100       0.03393      -0.03393
     -20.31900       0.00125      -0.00125
     -20.28700       0.01611      -0.01611
     -20.25400       0.36910      -0.36910
     -20.22200       3.83300      -3.83300
     -20.19000      18.16000     -18.16000
     -20.15700      39.49000     -39.49000
     -20.12500      39.51000     -39.51000
     -20.09300      18.19000     -18.19000
     -20.06000       3.84100      -3.84100
     -20.02800       0.36970      -0.36970
     -19.99600       0.01611      -0.01611
     -19.96300       0.00032      -0.00032
     -19.93100       0.00000      -0.00000
     -19.89900       0.00000      -0.00000
     -19.86700       0.00000      -0.00000
     -19.83400       0.00000      -0.00000
     -19.80200       0.00000      -0.00000
     -19.77000       0.00009      -0.00009
     -19.73700       0.00424      -0.00424
     -19.70500       0.09631      -0.09631
     -19.67300       1.05100      -1.05100
     -19.64000       5.82100      -5.82100
     -19.60800      17.69000     -17.69000
     -19.57600      32.15000     -32.15000
     -19.54300      38.86000     -38.86000
     -19.51100      37.20000     -37.20000
     -19.47900      30.57000     -30.57000
     -19.44700      21.11000     -21.11000
     -19.41400      30.36000     -30.36000
     -19.38200      71.90000     -71.90000
     -19.35000     105.20000    -105.20000
     -19.31700      92.05000     -92.05000
     -19.28500      51.84000     -51.84000
     -19.25300      17.83000     -17.83000
     -19.22000       5.42800      -5.42800
     -19.18800      14.84000     -14.84000
     -19.15600      47.16000     -47.16000
     -19.12300      77.24000     -77.24000
     -19.09100      66.30000     -66.30000
     -19.05900      31.07000     -31.07000
     -19.02600       9.87700      -9.87700
     -18.99400       9.33000      -9.33000
     -18.96200      19.91000     -19.91000
     -18.93000      31.28000     -31.28000
     -18.89700      35.27000     -35.27000
     -18.86500      31.33000     -31.33000
     -18.83300      30.58000     -30.58000
     -18.80000      35.08000     -35.08000
     -18.76800      34.73000     -34.73000
     -18.73600      30.60000     -30.60000
     -18.70300      36.53000     -36.53000
     -18.67100      51.68000     -51.68000
     -18.63900      50.87000     -50.87000
     -18.60600      27.08000     -27.08000
     -18.57400       7.11600      -7.11600
     -18.54200       0.88960      -0.88960
     -18.50900       0.05197      -0.05197
     -18.47700       0.00140      -0.00140
     -18.44500       0.00002      -0.00002
     -18.41300       0.00000      -0.00000
     -18.38000       0.00011      -0.00011
     -18.34800       0.00573      -0.00573
     -18.31600       0.13920      -0.13920
     -18.28300       1.56200      -1.56200
     -18.25100       8.21800      -8.21800
     -18.21900      20.77000     -20.77000
     -18.18600      26.70000     -26.70000
     -18.15400      20.47000     -20.47000
     -18.12200      13.10000     -13.10000
     -18.08900       9.50900      -9.50900
     -18.05700       8.47200      -8.47200
     -18.02500       9.36700      -9.36700
     -17.99200      12.63000     -12.63000
     -17.96000      18.67000     -18.67000
     -17.92800      23.98000     -23.98000
     -17.89600      23.41000     -23.41000
     -17.86300      20.73000     -20.73000
     -17.83100      18.71000     -18.71000
     -17.79900      18.40000     -18.40000
     -17.76600      30.15000     -30.15000
     -17.73400      49.57000     -49.57000
     -17.70200      59.08000     -59.08000
     -17.66900      55.25000     -55.25000
     -17.63700      44.23000     -44.23000
     -17.60500      35.66000     -35.66000
     -17.57200      32.22000     -32.22000
     -17.54000      30.96000     -30.96000
     -17.50800      37.24000     -37.24000
     -17.47500      47.77000     -47.77000
     -17.44300      51.50000     -51.50000
     -17.41100      46.00000     -46.00000
     -17.37900      40.20000     -40.20000
     -17.34600      39.54000     -39.54000
     -17.31400      36.83000     -36.83000
     -17.28200      32.73000     -32.73000
     -17.24900      30.00000     -30.00000
     -17.21700      27.91000     -27.91000
     -17.18500      25.38000     -25.38000
     -17.15200      17.83000     -17.83000
     -17.12000      10.73000     -10.73000
     -17.08800      11.20000     -11.20000
     -17.05500      20.79000     -20.79000
     -17.02300      33.35000     -33.35000
     -16.99100      35.47000     -35.47000
     -16.95900      30.02000     -30.02000
     -16.92600      25.99000     -25.99000
     -16.89400      23.28000     -23.28000
     -16.86200      24.31000     -24.31000
     -16.82900      25.91000     -25.91000
     -16.79700      23.13000     -23.13000
     -16.76500      19.54000     -19.54000
     -16.73200      22.02000     -22.02000
     -16.70000      33.21000     -33.21000
     -16.66800      45.48000     -45.48000
     -16.63500      43.09000     -43.09000
     -16.60300      28.79000     -28.79000
     -16.57100      22.20000     -22.20000
     -16.53800      27.74000     -27.74000
     -16.50600      38.24000     -38.24000
     -16.47400      49.68000     -49.68000
     -16.44200      52.88000     -52.88000
     -16.40900      45.96000     -45.96000
     -16.37700      37.02000     -37.02000
     -16.34500      27.40000     -27.40000
     -16.31200      26.80000     -26.80000
     -16.28000      39.97000     -39.97000
     -16.24800      50.07000     -50.07000
     -16.21500      50.68000     -50.68000
     -16.18300      55.36000     -55.36000
     -16.15100      61.85000     -61.85000
     -16.11800      57.79000     -57.79000
     -16.08600      42.83000     -42.83000
     -16.05400      30.22000     -30.22000
     -16.02100      25.07000     -25.07000
     -15.98900      22.73000     -22.73000
     -15.95700      18.76000     -18.76000
     -15.92500      13.81000     -13.81000
     -15.89200       9.79400      -9.79400
     -15.86000      10.23000     -10.23000
     -15.82800      16.61000     -16.61000
     -15.79500      19.34000     -19.34000
     -15.76300      15.07000     -15.07000
     -15.73100      13.18000     -13.18000
     -15.69800      18.44000     -18.44000
     -15.66600      22.39000     -22.39000
     -15.63400      17.03000     -17.03000
     -15.60100       9.53800      -9.53800
     -15.56900       6.48800      -6.48800
     -15.53700       6.61300      -6.61300
     -15.50400       7.58300      -7.58300
     -15.47200       9.67300      -9.67300
     -15.44000      15.39000     -15.39000
     -15.40800      21.74000     -21.74000
     -15.37500      20.75000     -20.75000
     -15.34300      12.96000     -12.96000
     -15.31100       6.08800      -6.08800
     -15.27800       3.75900      -3.75900
     -15.24600       5.58200      -5.58200
     -15.21400      13.29000     -13.29000
     -15.18100      26.00000     -26.00000
     -15.14900      32.13000     -32.13000
     -15.11700      29.38000     -29.38000
     -15.08400      25.17000     -25.17000
     -15.05200      18.76000     -18.76000
     -15.02000      11.24000     -11.24000
     -14.98800       7.17100      -7.17100
     -14.95500       7.40600      -7.40600
     -14.92300       9.29500      -9.29500
     -14.89100       9.91600      -9.91600
     -14.85800       9.83600      -9.83600
     -14.82600      14.33000     -14.33000
     -14.79400      25.74000     -25.74000
     -14.76100      32.88000     -32.88000
     -14.72900      27.10000     -27.10000
     -14.69700      24.24000     -24.24000
     -14.66400      32.64000     -32.64000
     -14.63200      38.33000     -38.33000
     -14.60000      36.19000     -36.19000
     -14.56700      35.81000     -35.81000
     -14.53500      36.43000     -36.43000
     -14.50300      28.93000     -28.93000
     -14.47100      19.95000     -19.95000
     -14.43800      20.34000     -20.34000
     -14.40600      29.03000     -29.03000
     -14.37400      39.78000     -39.78000
     -14.34100      41.65000     -41.65000
     -14.30900      32.16000     -32.16000
     -14.27700      23.69000     -23.69000
     -14.24400      20.64000     -20.64000
     -14.21200      18.42000     -18.42000
     -14.18000      19.30000     -19.30000
     -14.14700      26.01000     -26.01000
     -14.11500      33.46000     -33.46000
     -14.08300      34.93000     -34.93000
     -14.05000      31.96000     -31.96000
     -14.01800      30.54000     -30.54000
     -13.98600      28.48000     -28.48000
     -13.95400      24.51000     -24.51000
     -13.92100      21.30000     -21.30000
     -13.88900      18.86000     -18.86000
     -13.85700      17.70000     -17.70000
     -13.82400      17.82000     -17.82000
     -13.79200      16.76000     -16.76000
     -13.76000      15.76000     -15.76000
     -13.72700      16.26000     -16.26000
     -13.69500      17.78000     -17.78000
     -13.66300      21.21000     -21.21000
     -13.63000      24.70000     -24.70000
     -13.59800      23.08000     -23.08000
     -13.56600      16.74000     -16.74000
     -13.53300      14.65000     -14.65000
     -13.50100      24.99000     -24.99000
     -13.46900      47.81000     -47.81000
     -13.43700      68.10000     -68.10000
     -13.40400      69.93000     -69.93000
     -13.37200      60.69000     -60.69000
     -13.34000      51.65000     -51.65000
     -13.30700      41.97000     -41.97000
     -13.27500      40.25000     -40.25000
     -13.24300      44.70000     -44.70000
     -13.21000      39.43000     -39.43000
     -13.17800      27.52000     -27.52000
     -13.14600      25.64000     -25.64000
     -13.11300      33.49000     -33.49000
     -13.08100      37.34000     -37.34000
     -13.04900      38.95000     -38.95000
     -13.01700      37.42000     -37.42000
     -12.98400      25.55000     -25.55000
     -12.95200      13.81000     -13.81000
     -12.92000      13.62000     -13.62000
     -12.88700      27.69000     -27.69000
     -12.85500      48.03000     -48.03000
     -12.82300      50.93000     -50.93000
     -12.79000      30.94000     -30.94000
     -12.75800      13.86000     -13.86000
     -12.72600      12.38000     -12.38000
     -12.69300      23.50000     -23.50000
     -12.66100      35.97000     -35.97000
     -12.62900      30.65000     -30.65000
     -12.59600      15.08000     -15.08000
     -12.56400       9.39000      -9.39000
     -12.53200      14.87000     -14.87000
     -12.50000      25.63000     -25.63000
     -12.46700      35.94000     -35.94000
     -12.43500      39.04000     -39.04000
     -12.40300      32.20000     -32.20000
     -12.37000      23.30000     -23.30000
     -12.33800      23.03000     -23.03000
     -12.30600      36.78000     -36.78000
     -12.27300      58.89000     -58.89000
     -12.24100      73.20000     -73.20000
     -12.20900      73.65000     -73.65000
     -12.17600      74.55000     -74.55000
     -12.14400      80.00000     -80.00000
     -12.11200      80.73000     -80.73000
     -12.07900      82.50000     -82.50000
     -12.04700      82.81000     -82.81000
     -12.01500      65.59000     -65.59000
     -11.98300      39.85000     -39.85000
     -11.95000      21.93000     -21.93000
     -11.91800      12.57000     -12.57000
     -11.88600      11.09000     -11.09000
     -11.85300      16.02000     -16.02000
     -11.82100      18.92000     -18.92000
     -11.78900      13.18000     -13.18000
     -11.75600       5.17000      -5.17000
     -11.72400       1.18600      -1.18600
     -11.69200       0.40610      -0.40610
     -11.65900       1.62300      -1.62300
     -11.62700       5.39200      -5.39200
     -11.59500      11.73000     -11.73000
     -11.56200      21.62000     -21.62000
     -11.53000      33.04000     -33.04000
     -11.49800      35.11000     -35.11000
     -11.46600      27.51000     -27.51000
     -11.43300      21.19000     -21.19000
     -11.40100      18.78000     -18.78000
     -11.36900      18.10000     -18.10000
     -11.33600      19.35000     -19.35000
     -11.30400      28.12000     -28.12000
     -11.27200      43.15000     -43.15000
     -11.23900      50.18000     -50.18000
     -11.20700      41.83000     -41.83000
     -11.17500      25.97000     -25.97000
     -11.14200      16.39000     -16.39000
     -11.11000      17.76000     -17.76000
     -11.07800      22.71000     -22.71000
     -11.04500      22.22000     -22.22000
     -11.01300      20.44000     -20.44000
     -10.98100      28.14000     -28.14000
     -10.94900      43.52000     -43.52000
     -10.91600      58.45000     -58.45000
     -10.88400      66.53000     -66.53000
     -10.85200      65.40000     -65.40000
     -10.81900      60.20000     -60.20000
     -10.78700      55.67000     -55.67000
     -10.75500      52.01000     -52.01000
     -10.72200      48.70000     -48.70000
     -10.69000      46.91000     -46.91000
     -10.65800      49.45000     -49.45000
     -10.62500      55.67000     -55.67000
     -10.59300      55.40000     -55.40000
     -10.56100      45.34000     -45.34000
     -10.52900      34.16000     -34.16000
     -10.49600      25.48000     -25.48000
     -10.46400      19.21000     -19.21000
     -10.43200      17.92000     -17.92000
     -10.39900      20.08000     -20.08000
     -10.36700      20.39000     -20.39000
     -10.33500      20.58000     -20.58000
     -10.30200      24.37000     -24.37000
     -10.27000      31.41000     -31.41000
     -10.23800      38.81000     -38.81000
     -10.20500      43.79000     -43.79000
     -10.17300      46.66000     -46.66000
     -10.14100      46.21000     -46.21000
     -10.10800      42.06000     -42.06000
     -10.07600      37.51000     -37.51000
     -10.04400      43.94000     -43.94000
     -10.01200      61.10000     -61.10000
      -9.97900      64.55000     -64.55000
      -9.94700      54.51000     -54.51000
      -9.91500      44.19000     -44.19000
      -9.88200      29.47000     -29.47000
      -9.85000      20.95000     -20.95000
      -9.81800      34.54000     -34.54000
      -9.78500      69.27000     -69.27000
      -9.75300      95.89000     -95.89000
      -9.72100      96.69000     -96.69000
      -9.68800      84.11000     -84.11000
      -9.65600      76.38000     -76.38000
      -9.62400     100.90000    -100.90000
      -9.59100     127.10000    -127.10000
      -9.55900     103.50000    -103.50000
      -9.52700      57.72000     -57.72000
      -9.49500      26.28000     -26.28000
      -9.46200      11.56000     -11.56000
      -9.43000       8.34800      -8.34800
      -9.39800      19.94000     -19.94000
      -9.36500      46.90000     -46.90000
      -9.33300      69.37000     -69.37000
      -9.30100      69.42000     -69.42000
      -9.26800      72.23000     -72.23000
      -9.23600     111.70000    -111.70000
      -9.20400     147.80000    -147.80000
      -9.17100     121.00000    -121.00000
      -9.13900      59.33000     -59.33000
      -9.10700      17.50000     -17.50000
      -9.07400       3.68800      -3.68800
      -9.04200       6.21400      -6.21400
      -9.01000      24.57000     -24.57000
      -8.97800      54.23000     -54.23000
      -8.94500      76.73000     -76.73000
      -8.91300      86.31000     -86.31000
      -8.88100      84.41000     -84.41000
      -8.84800      78.76000     -78.76000
      -8.81600      83.70000     -83.70000
      -8.78400      90.81000     -90.81000
      -8.75100      81.63000     -81.63000
      -8.71900      75.23000     -75.23000
      -8.68700      81.84000     -81.84000
      -8.65400      80.81000     -80.81000
      -8.62200      81.40000     -81.40000
      -8.59000      90.55000     -90.55000
      -8.55800      85.88000     -85.88000
      -8.52500      71.86000     -71.86000
      -8.49300      73.58000     -73.58000
      -8.46100      87.56000     -87.56000
      -8.42800      90.51000     -90.51000
      -8.39600      79.58000     -79.58000
      -8.36400      65.10000     -65.10000
      -8.33100      55.55000     -55.55000
      -8.29900      56.28000     -56.28000
      -8.26700      64.45000     -64.45000
      -8.23400      59.02000     -59.02000
      -8.20200      41.88000     -41.88000
      -8.17000      44.11000     -44.11000
      -8.13700      69.97000     -69.97000
      -8.10500      90.22000     -90.22000
      -8.07300      87.26000     -87.26000
      -8.04100      72.03000     -72.03000
      -8.00800      63.40000     -63.40000
      -7.97600      61.83000     -61.83000
      -7.94400      50.67000     -50.67000
      -7.91100      34.79000     -34.79000
      -7.87900      33.94000     -33.94000
      -7.84700      50.36000     -50.36000
      -7.81400      69.40000     -69.40000
      -7.78200      77.74000     -77.74000
      -7.75000      77.66000     -77.66000
      -7.71700      77.45000     -77.45000
      -7.68500      72.55000     -72.55000
      -7.65300      57.20000     -57.20000
      -7.62000      36.51000     -36.51000
      -7.58800      24.85000     -24.85000
      -7.55600      29.00000     -29.00000
      -7.52400      38.96000     -38.96000
      -7.49100      37.77000     -37.77000
      -7.45900      26.12000     -26.12000
      -7.42700      22.90000     -22.90000
      -7.39400      29.75000     -29.75000
      -7.36200      31.72000     -31.72000
      -7.33000      29.39000     -29.39000
      -7.29700      35.40000     -35.40000
      -7.26500      45.86000     -45.86000
      -7.23300      45.13000     -45.13000
      -7.20000      32.45000     -32.45000
      -7.16800      23.61000     -23.61000
      -7.13600      28.12000     -28.12000
      -7.10300      38.47000     -38.47000
      -7.07100      48.77000     -48.77000
      -7.03900      63.01000     -63.01000
      -7.00700      77.70000     -77.70000
      -6.97400      90.21000     -90.21000
      -6.94200      98.02000     -98.02000
      -6.91000      90.11000     -90.11000
      -6.87700      68.47000     -68.47000
      -6.84500      47.62000     -47.62000
      -6.81300      50.73000     -50.73000
      -6.78000      85.67000     -85.67000
      -6.74800     123.90000    -123.90000
      -6.71600     147.10000    -147.10000
      -6.68300     159.10000    -159.10000
      -6.65100     143.20000    -143.20000
      -6.61900     107.00000    -107.00000
      -6.58600      79.04000     -79.04000
      -6.55400      59.44000     -59.44000
      -6.52200      42.06000     -42.06000
      -6.49000      34.22000     -34.22000
      -6.45700      38.79000     -38.79000
      -6.42500      48.78000     -48.78000
      -6.39300      59.57000     -59.57000
      -6.36000      65.31000     -65.31000
      -6.32800      62.82000     -62.82000
      -6.29600      67.49000     -67.49000
      -6.26300      83.65000     -83.65000
      -6.23100      83.75000     -83.75000
      -6.19900      63.68000     -63.68000
      -6.16600      55.23000     -55.23000
      -6.13400      78.47000     -78.47000
      -6.10200      93.92000     -93.92000
      -6.07000      67.46000     -67.46000
      -6.03700      33.29000     -33.29000
      -6.00500      21.67000     -21.67000
      -5.97300      22.94000     -22.94000
      -5.94000      21.28000     -21.28000
      -5.90800      18.30000     -18.30000
      -5.87600      15.27000     -15.27000
      -5.84300       9.90400      -9.90400
      -5.81100       9.17500      -9.17500
      -5.77900      16.35000     -16.35000
      -5.74600      23.06000     -23.06000
      -5.71400      21.22000     -21.22000
      -5.68200      14.66000     -14.66000
      -5.64900      13.48000     -13.48000
      -5.61700      22.66000     -22.66000
      -5.58500      37.90000     -37.90000
      -5.55300      48.24000     -48.24000
      -5.52000      46.92000     -46.92000
      -5.48800      44.18000     -44.18000
      -5.45600      47.05000     -47.05000
      -5.42300      49.02000     -49.02000
      -5.39100      43.99000     -43.99000
      -5.35900      35.13000     -35.13000
      -5.32600      30.84000     -30.84000
      -5.29400      27.42000     -27.42000
      -5.26200      21.94000     -21.94000
      -5.22900      19.30000     -19.30000
      -5.19700      19.90000     -19.90000
      -5.16500      22.61000     -22.61000
      -5.13200      26.74000     -26.74000
      -5.10000      27.13000     -27.13000
      -5.06800      23.06000     -23.06000
      -5.03600      23.93000     -23.93000
      -5.00300      28.39000     -28.39000
      -4.97100      28.12000     -28.12000
      -4.93900      25.83000     -25.83000
      -4.90600      24.87000     -24.87000
      -4.87400      24.10000     -24.10000
      -4.84200      24.04000     -24.04000
      -4.80900      26.59000     -26.59000
      -4.77700      29.46000     -29.46000
      -4.74500      26.49000     -26.49000
      -4.71200      20.90000     -20.90000
      -4.68000      21.72000     -21.72000
      -4.64800      27.47000     -27.47000
      -4.61500      29.46000     -29.46000
      -4.58300      25.67000     -25.67000
      -4.55100      20.60000     -20.60000
      -4.51900      19.92000     -19.92000
      -4.48600      25.33000     -25.33000
      -4.45400      30.81000     -30.81000
      -4.42200      29.13000     -29.13000
      -4.38900      22.43000     -22.43000
      -4.35700      18.09000     -18.09000
      -4.32500      18.27000     -18.27000
      -4.29200      22.05000     -22.05000
      -4.26000      24.92000     -24.92000
      -4.22800      25.44000     -25.44000
      -4.19500      27.76000     -27.76000
      -4.16300      34.64000     -34.64000
      -4.13100      39.98000     -39.98000
      -4.09900      32.46000     -32.46000
      -4.06600      16.34000     -16.34000
      -4.03400       4.87300      -4.87300
      -4.00200       1.29800      -1.29800
      -3.96900       3.77900      -3.77900
      -3.93700      13.78000     -13.78000
      -3.90500      27.31000     -27.31000
      -3.87200      33.46000     -33.46000
      -3.84000      33.50000     -33.50000
      -3.80800      34.38000     -34.38000
      -3.77500      34.78000     -34.78000
      -3.74300      32.36000     -32.36000
      -3.71100      28.83000     -28.83000
      -3.67800      26.26000     -26.26000
      -3.64600      22.04000     -22.04000
      -3.61400      17.83000     -17.83000
      -3.58200      22.81000     -22.81000
      -3.54900      37.21000     -37.21000
      -3.51700      44.83000     -44.83000
      -3.48500      40.86000     -40.86000
      -3.45200      37.78000     -37.78000
      -3.42000      39.97000     -39.97000
      -3.38800      43.61000     -43.61000
      -3.35500      47.23000     -47.23000
      -3.32300      49.94000     -49.94000
      -3.29100      46.23000     -46.23000
      -3.25800      39.28000     -39.28000
      -3.22600      35.06000     -35.06000
      -3.19400      31.49000     -31.49000
      -3.16100      33.78000     -33.78000
      -3.12900      35.31000     -35.31000
      -3.09700      23.76000     -23.76000
      -3.06500       8.73800      -8.73800
      -3.03200       1.65300      -1.65300
      -3.00000       0.15420      -0.15420
      -2.96800       0.00686      -0.00686
      -2.93500       0.00014      -0.00014
      -2.90300       0.00000      -0.00000
      -2.87100       0.00000      -0.00000
      -2.83800       0.00000      -0.00000
      -2.80600       0.00000      -0.00000
      -2.77400       0.00000       0.00000
      -2.74100       0.00000       0.00000
      -2.70900       0.00000       0.00000
      -2.67700       0.00000       0.00000
      -2.64400       0.00000      -0.00000
      -2.61200       0.00000      -0.00000
      -2.58000       0.00000      -0.00000
      -2.54800       0.00001      -0.00001
      -2.51500       0.00074      -0.00074
      -2.48300       0.03188      -0.03188
      -2.45100       0.62150      -0.62150
      -2.41800       5.50900      -5.50900
      -2.38600      22.36000     -22.36000
      -2.35400      41.82000     -41.82000
      -2.32100      36.14000     -36.14000
      -2.28900      14.43000     -14.43000
      -2.25700       2.65200      -2.65200
      -2.22400       0.22310      -0.22310
      -2.19200       0.00854      -0.00854
      -2.16000       0.00015      -0.00015
      -2.12800       0.00000      -0.00000
      -2.09500       0.00000      -0.00000
      -2.06300       0.00000      -0.00000
      -2.03100       0.00000      -0.00000
      -1.99800       0.00000       0.00000
      -1.96600       0.00000       0.00000
      -1.93400       0.00000       0.00000
      -1.90100       0.00000       0.00000
      -1.86900       0.00000       0.00000
      -1.83700       0.00000       0.00000
      -1.80400       0.00000       0.00000
      -1.77200       0.00000       0.00000
      -1.74000       0.00000       0.00000
      -1.70700       0.00000       0.00000
      -1.67500       0.00000       0.00000
      -1.64300       0.00000       0.00000
      -1.61100       0.00000       0.00000
      -1.57800       0.00000       0.00000
      -1.54600       0.00000      -0.00000
      -1.51400       0.00000      -0.00000
      -1.48100       0.00000      -0.00000
      -1.44900       0.00011      -0.00011
      -1.41700       0.00716      -0.00716
      -1.38400       0.20260      -0.20260
      -1.35200       2.59100      -2.59100
      -1.32000      15.12000     -15.12000
      -1.28700      40.84000     -40.84000
      -1.25500      53.19000     -53.19000
      -1.22300      40.90000     -40.90000
      -1.19000      35.44000     -35.44000
      -1.15800      39.89000     -39.89000
      -1.12600      34.75000     -34.75000
      -1.09400      23.03000     -23.03000
      -1.06100      14.21000     -14.21000
      -1.02900       7.63400      -7.63400
      -0.99700       6.85000      -6.85000
      -0.96400      18.73000     -18.73000
      -0.93200      37.78000     -37.78000
      -0.90000      48.77000     -48.77000
      -0.86700      51.94000     -51.94000
      -0.83500      53.11000     -53.11000
      -0.80300      45.29000     -45.29000
      -0.77000      29.77000     -29.77000
      -0.73800      20.38000     -20.38000
      -0.70600      21.67000     -21.67000
      -0.67300      23.62000     -23.62000
      -0.64100      19.77000     -19.77000
      -0.60900      19.63000     -19.63000
      -0.57700      29.01000     -29.01000
      -0.54400      40.43000     -40.43000
      -0.51200      42.48000     -42.48000
      -0.48000      34.46000     -34.46000
      -0.44700      30.08000     -30.08000
      -0.41500      29.13000     -29.13000
      -0.38300      26.04000     -26.04000
      -0.35000      26.09000     -26.09000
      -0.31800      28.75000     -28.75000
      -0.28600      29.24000     -29.24000
      -0.25300      27.32000     -27.32000
      -0.22100      26.61000     -26.61000
      -0.18900      27.78000     -27.78000
      -0.15600      32.19000     -32.19000
      -0.12400      36.63000     -36.63000
      -0.09200      30.90000     -30.90000
      -0.06000      19.67000     -19.67000
      -0.02700      16.75000     -16.75000
       0.00500      22.04000     -22.04000
       0.03700      21.99000     -21.99000
       0.07000      14.73000     -14.73000
       0.10200      12.59000     -12.59000
       0.13400      19.17000     -19.17000
       0.16700      26.91000     -26.91000
       0.19900      29.58000     -29.58000
       0.23100      22.51000     -22.51000
       0.26400      10.85000     -10.85000
       0.29600       3.60000      -3.60000
       0.32800       1.08300      -1.08300
       0.36000       1.94800      -1.94800
       0.39300       6.91700      -6.91700
       0.42500      12.92000     -12.92000
       0.45700      14.04000     -14.04000
       0.49000      14.58000     -14.58000
       0.52200      18.10000     -18.10000
       0.55400      18.22000     -18.22000
       0.58700      15.06000     -15.06000
       0.61900      13.41000     -13.41000
       0.65100      15.57000     -15.57000
       0.68400      22.65000     -22.65000
       0.71600      31.85000     -31.86000
       0.74800      42.08000     -42.08000
       0.78100      55.71000     -55.70000
       0.81300      63.47000     -63.47000
       0.84500      58.84000     -58.84000
       0.87700      63.17000     -63.17000
       0.91000      84.79000     -84.79000
       0.94200      97.66000     -97.67000
       0.97400      90.39000     -90.39000
       1.00700      75.21000     -75.22000
       1.03900      56.37000     -56.37000
       1.07100      38.32000     -38.31000
       1.10400      30.14000     -30.13000
       1.13600      24.79000     -24.79000
       1.16800      15.07000     -15.08000
       1.20100       7.79500      -7.79400
       1.23300      10.66000     -10.66000
       1.26500      32.11000     -32.11000
       1.29800      63.59000     -63.59000
       1.33000      71.98000     -71.98000
       1.36200      56.72000     -56.72000
       1.39400      47.78000     -47.77000
       1.42700      50.12000     -50.12000
       1.45900      50.68000     -50.69000
       1.49100      45.36000     -45.39000
       1.52400      45.88000     -45.97000
       1.55600      58.05000     -58.09000
       1.58800      67.92000     -67.85000
       1.62100      67.78000     -67.87000
       1.65300      67.39000     -67.64000
       1.68500      65.34000     -65.57000
       1.71800      55.37000     -55.51000
       1.75000      51.73000     -51.83000
       1.78200      61.66000     -61.45000
       1.81500      67.10000     -66.34000
       1.84700      62.71000     -62.17000
       1.87900      61.59000     -61.60000
       1.91100      62.71000     -62.78000
       1.94400      60.11000     -60.40000
       1.97600      61.18000     -61.79000
       2.00800      71.17000     -71.42000
       2.04100      80.94000     -80.80000
       2.07300      86.36000     -85.86000
       2.10500      92.37000     -91.10000
       2.13800      95.84000     -94.56000
       2.17000      93.91000     -92.98000
       2.20200      89.32000     -88.12000
       2.23500      87.96000     -87.58000
       2.26700      87.52000     -88.84000
       2.29900      79.27000     -80.84000
       2.33100      67.56000     -67.67000
       2.36400      60.87000     -60.02000
       2.39600      61.21000     -60.61000
       2.42800      68.58000     -69.63000
       2.46100      79.45000     -81.93000
       2.49300      83.04000     -84.40000
       2.52500      77.93000     -76.54000
       2.55800      75.04000     -72.52000
       2.59000      81.80000     -80.21000
       2.62200      94.78000     -93.88000
       2.65500     104.40000    -105.00000
       2.68700     105.20000    -107.10000
       2.71900     100.60000    -101.00000
       2.75200      98.63000     -97.59000
       2.78400      98.98000     -97.94000
       2.81600      96.04000     -94.20000
       2.84800      88.35000     -86.16000
       2.88100      76.02000     -75.77000
       2.91300      67.39000     -69.27000
       2.94500      71.17000     -72.33000
       2.97800      80.81000     -78.98000
       3.01000      84.73000     -81.83000
       3.04200      80.10000     -80.32000
       3.07500      74.21000     -77.75000
       3.10700      71.53000     -74.80000
       3.13900      68.91000     -71.79000
       3.17200      68.45000     -70.44000
       3.20400      72.84000     -72.61000
       3.23600      78.47000     -77.90000
       3.26900      81.36000     -81.19000
       3.30100      82.37000     -82.31000
       3.33300      83.40000     -83.69000
       3.36500      83.99000     -82.99000
       3.39800      83.24000     -80.86000
       3.43000      80.34000     -80.15000
       3.46200      76.56000     -79.27000
       3.49500      73.38000     -75.73000
       3.52700      71.17000     -71.21000
       3.55900      69.89000     -69.18000
       3.59200      68.73000     -68.71000
       3.62400      69.13000     -69.32000
       3.65600      72.40000     -71.61000
       3.68900      74.88000     -73.01000
       3.72100      73.83000     -73.26000
       3.75300      71.55000     -73.06000
       3.78600      70.03000     -71.57000
       3.81800      69.33000     -69.76000
       3.85000      69.38000     -69.29000
       3.88200      70.34000     -69.77000
       3.91500      72.49000     -70.59000
       3.94700      74.52000     -72.09000
       3.97900      74.96000     -73.22000
       4.01200      75.17000     -74.58000
       4.04400      74.57000     -75.49000
       4.07600      71.29000     -73.70000
       4.10900      70.08000     -70.09000
       4.14100      71.51000     -68.11000
       4.17300      70.01000     -69.18000
       4.20600      66.38000     -69.71000
       4.23800      64.88000     -67.64000
       4.27000      65.38000     -63.58000
       4.30200      64.18000     -60.48000
       4.33500      60.14000     -60.60000
       4.36700      56.30000     -61.50000
       4.39900      55.44000     -59.44000
       4.43200      55.49000     -56.10000
       4.46400      54.37000     -54.29000
       4.49600      53.61000     -54.07000
       4.52900      53.82000     -53.81000
       4.56100      54.36000     -53.17000
       4.59300      54.20000     -52.42000
       4.62600      51.14000     -49.78000
       4.65800      48.62000     -46.48000
       4.69000      51.17000     -46.10000
       4.72300      52.57000     -47.75000
       4.75500      47.79000     -48.49000
       4.78700      43.23000     -49.39000
       4.81900      42.37000     -48.95000
       4.85200      40.95000     -44.97000
       4.88400      38.12000     -41.34000
       4.91600      36.86000     -40.07000
       4.94900      37.54000     -38.22000
       4.98100      37.53000     -35.28000
       5.01300      35.88000     -33.40000
       5.04600      33.02000     -33.27000
       5.07800      30.30000     -32.58000
       5.11000      29.67000     -29.91000
       5.14300      29.95000     -27.00000
       5.17500      29.76000     -25.96000
       5.20700      28.88000     -25.59000
       5.24000      26.51000     -24.11000
       5.27200      23.29000     -21.90000
       5.30400      20.74000     -21.06000
       5.33600      19.19000     -22.24000
       5.36900      18.91000     -21.89000
       5.40100      19.09000     -18.48000
       5.43300      17.84000     -14.82000
       5.46600      15.50000     -13.04000
       5.49800      12.78000     -11.88000
       5.53000      10.22000      -9.92400
       5.56300       7.95400      -8.27500
       5.59500       5.62400      -7.48000
       5.62700       3.83100      -6.45200
       5.66000       3.16000      -5.23900
       5.69200       3.42600      -3.89300
       5.72400       3.79600      -2.60700
       5.75700       3.16600      -1.78900
       5.78900       1.81700      -1.07400
       5.82100       0.83410      -0.41290
       5.85300       0.33940      -0.08604
       5.88600       0.09396      -0.00899
       5.91800       0.01358      -0.00045
       5.95000       0.00092      -0.00001
       5.98300       0.00003      -0.00000
       6.01500       0.00000      -0.00000
       6.04700       0.00000      -0.00000
       6.08000       0.00000      -0.00000
       6.11200       0.00000       0.00000
       6.14400       0.00000       0.00000
       6.17700       0.00000       0.00000
       6.20900       0.00000       0.00000
       6.24100       0.00000       0.00000
       6.27400       0.00000       0.00000
       6.30600       0.00000       0.00000
       6.33800       0.00000       0.00000
       6.37000       0.00000       0.00000
       6.40300       0.00000       0.00000
       6.43500       0.00000       0.00000
       6.46700       0.00000       0.00000
       6.50000       0.00000       0.00000
       6.53200       0.00000       0.00000
       6.56400       0.00000       0.00000
       6.59700       0.00000       0.00000
       6.62900       0.00000       0.00000
       6.66100       0.00000       0.00000
       6.69400       0.00000       0.00000
       6.72600       0.00000       0.00000
       6.75800       0.00000       0.00000
       6.79000       0.00000       0.00000
       6.82300       0.00000       0.00000
       6.85500       0.00000       0.00000
       6.88700       0.00000       0.00000
       6.92000       0.00000       0.00000
       6.95200       0.00000       0.00000
       6.98400       0.00000       0.00000
       7.01700       0.00000       0.00000
       7.04900       0.00000       0.00000
       7.08100       0.00000       0.00000
       7.11400       0.00000       0.00000
       7.14600       0.00000       0.00000
       7.17800       0.00000       0.00000
       7.21100       0.00000       0.00000
       7.24300       0.00000       0.00000
       7.27500       0.00000       0.00000
