      #Energy        TDOS-UP        TDOS-DOWN
     -19.82604       0.00000       0.00000
     -19.79604       0.00000       0.00000
     -19.76604       0.00000       0.00000
     -19.73604       0.00000       0.00000
     -19.70604       0.00000       0.00000
     -19.67704       0.00000       0.00000
     -19.64704       0.00000       0.00000
     -19.61704       0.00000       0.00000
     -19.58704       0.00000       0.00000
     -19.55804       0.00000       0.00000
     -19.52804       0.00000       0.00000
     -19.49804       0.00000       0.00000
     -19.46804       0.00000       0.00000
     -19.43804       0.00000       0.00000
     -19.40904       0.00000       0.00000
     -19.37904       0.00000       0.00000
     -19.34904       0.00000       0.00000
     -19.31904       0.00000       0.00000
     -19.28904       0.00000       0.00000
     -19.26004       0.00000       0.00000
     -19.23004       0.00000       0.00000
     -19.20004       0.00000       0.00000
     -19.17004       0.00000       0.00000
     -19.14004       0.00000       0.00000
     -19.11104       0.00000       0.00000
     -19.08104       0.00000       0.00000
     -19.05104       0.00000       0.00000
     -19.02104       0.00000       0.00000
     -18.99204       0.00000       0.00000
     -18.96204       0.00000       0.00000
     -18.93204       0.00000       0.00000
     -18.90204       0.00000       0.00000
     -18.87204       0.00000       0.00000
     -18.84304       0.00000       0.00000
     -18.81304       0.00000       0.00000
     -18.78304       0.00000       0.00000
     -18.75304       0.00000      -0.00000
     -18.72304       0.00000      -0.00000
     -18.69404       0.00000      -0.00000
     -18.66404       0.00000      -0.00000
     -18.63404       0.00005      -0.00005
     -18.60404       0.00222      -0.00222
     -18.57404       0.05014      -0.05014
     -18.54504       0.60800      -0.60800
     -18.51504       4.09000      -4.09000
     -18.48504      15.96000     -15.96000
     -18.45504      38.24000     -38.24000
     -18.42604      60.51000     -60.51000
     -18.39604      69.30000     -69.30000
     -18.36604      63.42000     -63.42000
     -18.33604      51.04000     -51.04000
     -18.30604      40.05000     -40.05000
     -18.27704      33.64000     -33.64000
     -18.24704      30.23000     -30.23000
     -18.21704      31.74000     -31.74000
     -18.18704      37.09000     -37.09000
     -18.15704      37.38000     -37.38000
     -18.12804      30.88000     -30.88000
     -18.09804      23.83000     -23.83000
     -18.06804      18.92000     -18.92000
     -18.03804      16.21000     -16.21000
     -18.00804      15.62000     -15.62000
     -17.97904      19.33000     -19.33000
     -17.94904      29.84000     -29.84000
     -17.91904      39.33000     -39.33000
     -17.88904      36.98000     -36.98000
     -17.86004      26.41000     -26.41000
     -17.83004      17.22000     -17.22000
     -17.80004      10.82000     -10.82000
     -17.77004       5.25900      -5.25900
     -17.74004       2.67100      -2.67100
     -17.71104       7.82000      -7.82000
     -17.68104      26.64000     -26.64000
     -17.65104      53.71000     -53.71000
     -17.62104      67.80000     -67.80000
     -17.59104      58.97000     -58.97000
     -17.56204      39.16000     -39.16000
     -17.53204      23.87000     -23.87000
     -17.50204      19.33000     -19.33000
     -17.47204      27.71000     -27.71000
     -17.44204      43.32000     -43.32000
     -17.41304      47.81000     -47.81000
     -17.38304      34.18000     -34.18000
     -17.35304      18.35000     -18.35000
     -17.32304      14.92000     -14.92000
     -17.29304      21.57000     -21.57000
     -17.26404      28.41000     -28.41000
     -17.23404      28.62000     -28.62000
     -17.20404      21.86000     -21.86000
     -17.17404      12.63000     -12.63000
     -17.14504       5.09400      -5.09400
     -17.11504       1.26200      -1.26200
     -17.08504       0.17510      -0.17510
     -17.05504       0.01434      -0.01434
     -17.02504       0.03267      -0.03267
     -16.99604       0.38300      -0.38300
     -16.96604       2.35400      -2.35400
     -16.93604       7.60000      -7.60000
     -16.90604      13.39000     -13.39000
     -16.87604      14.23000     -14.23000
     -16.84704      11.51000     -11.51000
     -16.81704       8.88900      -8.88900
     -16.78704       5.74000      -5.74000
     -16.75704       2.50700      -2.50700
     -16.72704       1.40900      -1.40900
     -16.69804       3.27600      -3.27600
     -16.66804       7.08000      -7.08000
     -16.63804      10.71000     -10.71000
     -16.60804      13.83000     -13.83000
     -16.57904      15.09000     -15.09000
     -16.54904      11.94000     -11.94000
     -16.51904       9.86700      -9.86700
     -16.48904      15.09000     -15.09000
     -16.45904      20.66000     -20.66000
     -16.43004      18.25000     -18.25000
     -16.40004      14.72000     -14.72000
     -16.37004      18.15000     -18.15000
     -16.34004      23.79000     -23.79000
     -16.31004      27.17000     -27.17000
     -16.28104      27.63000     -27.63000
     -16.25104      21.87000     -21.87000
     -16.22104      13.86000     -13.86000
     -16.19104      10.06000     -10.06000
     -16.16104       9.09900      -9.09900
     -16.13204      10.63000     -10.63000
     -16.10204      17.39000     -17.39000
     -16.07204      27.14000     -27.14000
     -16.04204      33.55000     -33.55000
     -16.01304      34.12000     -34.12000
     -15.98304      28.75000     -28.75000
     -15.95304      21.72000     -21.72000
     -15.92304      23.78000     -23.78000
     -15.89304      36.91000     -36.91000
     -15.86404      47.04000     -47.04000
     -15.83404      45.12000     -45.12000
     -15.80404      34.73000     -34.73000
     -15.77404      25.71000     -25.71000
     -15.74404      24.11000     -24.11000
     -15.71504      21.77000     -21.77000
     -15.68504      17.23000     -17.23000
     -15.65504      21.10000     -21.10000
     -15.62504      30.66000     -30.66000
     -15.59504      33.36000     -33.36000
     -15.56604      30.53000     -30.53000
     -15.53604      27.78000     -27.78000
     -15.50604      23.99000     -23.99000
     -15.47604      25.03000     -25.03000
     -15.44704      35.92000     -35.92000
     -15.41704      44.82000     -44.82000
     -15.38704      36.86000     -36.86000
     -15.35704      20.68000     -20.68000
     -15.32704      14.43000     -14.43000
     -15.29804      19.39000     -19.39000
     -15.26804      24.79000     -24.79000
     -15.23804      21.89000     -21.89000
     -15.20804      14.21000     -14.21000
     -15.17804      10.73000     -10.73000
     -15.14904      13.34000     -13.34000
     -15.11904      19.70000     -19.70000
     -15.08904      30.81000     -30.81000
     -15.05904      47.25000     -47.25000
     -15.02904      60.87000     -60.87000
     -15.00004      61.98000     -61.98000
     -14.97004      53.73000     -53.73000
     -14.94004      48.31000     -48.31000
     -14.91004      48.13000     -48.13000
     -14.88104      45.61000     -45.61000
     -14.85104      38.67000     -38.67000
     -14.82104      33.36000     -33.36000
     -14.79104      33.79000     -33.79000
     -14.76104      37.87000     -37.87000
     -14.73204      43.82000     -43.82000
     -14.70204      48.82000     -48.82000
     -14.67204      45.75000     -45.75000
     -14.64204      32.69000     -32.69000
     -14.61204      18.62000     -18.62000
     -14.58304      11.76000     -11.76000
     -14.55304      11.43000     -11.43000
     -14.52304      13.92000     -13.92000
     -14.49304      19.78000     -19.78000
     -14.46304      29.22000     -29.22000
     -14.43404      37.69000     -37.69000
     -14.40404      42.35000     -42.35000
     -14.37404      45.14000     -45.14000
     -14.34404      47.77000     -47.77000
     -14.31504      49.80000     -49.80000
     -14.28504      48.71000     -48.71000
     -14.25504      42.06000     -42.06000
     -14.22504      32.14000     -32.14000
     -14.19504      23.31000     -23.31000
     -14.16604      17.39000     -17.39000
     -14.13604      15.41000     -15.41000
     -14.10604      17.78000     -17.78000
     -14.07604      22.33000     -22.33000
     -14.04604      25.47000     -25.47000
     -14.01704      27.18000     -27.18000
     -13.98704      32.25000     -32.25000
     -13.95704      39.37000     -39.37000
     -13.92704      44.08000     -44.08000
     -13.89704      47.71000     -47.71000
     -13.86804      46.95000     -46.95000
     -13.83804      36.50000     -36.50000
     -13.80804      21.95000     -21.95000
     -13.77804      12.13000     -12.13000
     -13.74904       8.26200      -8.26200
     -13.71904       7.57400      -7.57400
     -13.68904      10.58000     -10.58000
     -13.65904      17.04000     -17.04000
     -13.62904      21.87000     -21.87000
     -13.60004      23.96000     -23.96000
     -13.57004      22.76000     -22.76000
     -13.54004      16.13000     -16.13000
     -13.51004       8.75400      -8.75400
     -13.48004       4.72500      -4.72500
     -13.45104       3.40500      -3.40500
     -13.42104       2.83000      -2.83000
     -13.39104       1.75800      -1.75800
     -13.36104       0.64850      -0.64850
     -13.33104       0.13090      -0.13090
     -13.30204       0.01460      -0.01460
     -13.27204       0.01844      -0.01844
     -13.24204       0.25330      -0.25330
     -13.21204       1.92000      -1.92000
     -13.18204       7.90000      -7.90000
     -13.15304      18.30000     -18.30000
     -13.12304      25.37000     -25.37000
     -13.09304      24.24000     -24.24000
     -13.06304      21.86000     -21.86000
     -13.03404      25.28000     -25.28000
     -13.00404      33.68000     -33.68000
     -12.97404      38.46000     -38.46000
     -12.94404      32.00000     -32.00000
     -12.91404      19.50000     -19.50000
     -12.88504      11.40000     -11.40000
     -12.85504      13.46000     -13.46000
     -12.82504      27.72000     -27.72000
     -12.79504      44.90000     -44.90000
     -12.76504      49.95000     -49.95000
     -12.73604      41.80000     -41.80000
     -12.70604      29.05000     -29.05000
     -12.67604      20.66000     -20.66000
     -12.64604      21.22000     -21.22000
     -12.61604      26.91000     -26.91000
     -12.58704      28.91000     -28.91000
     -12.55704      26.45000     -26.45000
     -12.52704      25.58000     -25.58000
     -12.49704      24.29000     -24.29000
     -12.46804      21.05000     -21.05000
     -12.43804      21.45000     -21.45000
     -12.40804      27.24000     -27.24000
     -12.37804      34.97000     -34.97000
     -12.34804      40.67000     -40.67000
     -12.31904      41.87000     -41.87000
     -12.28904      38.59000     -38.59000
     -12.25904      32.67000     -32.67000
     -12.22904      25.17000     -25.17000
     -12.19904      22.46000     -22.46000
     -12.17004      29.20000     -29.20000
     -12.14004      34.89000     -34.89000
     -12.11004      30.19000     -30.19000
     -12.08004      23.05000     -23.05000
     -12.05004      25.52000     -25.52000
     -12.02104      36.62000     -36.62000
     -11.99104      43.20000     -43.20000
     -11.96104      38.93000     -38.93000
     -11.93104      31.36000     -31.36000
     -11.90204      29.73000     -29.73000
     -11.87204      32.86000     -32.86000
     -11.84204      33.55000     -33.55000
     -11.81204      29.36000     -29.36000
     -11.78204      22.36000     -22.36000
     -11.75304      16.71000     -16.71000
     -11.72304      14.53000     -14.53000
     -11.69304      13.69000     -13.69000
     -11.66304      10.52000     -10.52000
     -11.63304       6.41500      -6.41500
     -11.60404       4.32800      -4.32800
     -11.57404       4.35500      -4.35500
     -11.54404       6.20300      -6.20300
     -11.51404       9.84300      -9.84300
     -11.48404      15.05000     -15.05000
     -11.45504      21.40000     -21.40000
     -11.42504      25.43000     -25.43000
     -11.39504      25.14000     -25.14000
     -11.36504      26.16000     -26.16000
     -11.33604      29.07000     -29.07000
     -11.30604      26.08000     -26.08000
     -11.27604      18.30000     -18.30000
     -11.24604      13.61000     -13.61000
     -11.21604      14.85000     -14.85000
     -11.18704      21.38000     -21.38000
     -11.15704      28.59000     -28.59000
     -11.12704      30.24000     -30.24000
     -11.09704      30.57000     -30.57000
     -11.06704      33.26000     -33.26000
     -11.03804      32.62000     -32.62000
     -11.00804      30.33000     -30.33000
     -10.97804      31.10000     -31.10000
     -10.94804      32.09000     -32.09000
     -10.91804      29.77000     -29.77000
     -10.88904      25.73000     -25.73000
     -10.85904      24.57000     -24.57000
     -10.82904      27.96000     -27.96000
     -10.79904      34.36000     -34.36000
     -10.77004      40.10000     -40.10000
     -10.74004      43.09000     -43.09000
     -10.71004      43.44000     -43.44000
     -10.68004      40.70000     -40.70000
     -10.65004      35.72000     -35.72000
     -10.62104      34.02000     -34.02000
     -10.59104      38.33000     -38.33000
     -10.56104      42.07000     -42.07000
     -10.53104      38.96000     -38.96000
     -10.50104      31.56000     -31.56000
     -10.47204      28.05000     -28.05000
     -10.44204      28.71000     -28.71000
     -10.41204      26.69000     -26.69000
     -10.38204      20.08000     -20.08000
     -10.35204      12.85000     -12.85000
     -10.32304       8.48100      -8.48100
     -10.29304       9.74400      -9.74400
     -10.26304      18.13000     -18.13000
     -10.23304      29.58000     -29.58000
     -10.20404      36.50000     -36.50000
     -10.17404      36.39000     -36.39000
     -10.14404      32.08000     -32.08000
     -10.11404      28.61000     -28.61000
     -10.08404      29.37000     -29.37000
     -10.05504      28.81000     -28.81000
     -10.02504      21.57000     -21.57000
      -9.99504      15.05000     -15.05000
      -9.96504      15.98000     -15.98000
      -9.93504      21.64000     -21.64000
      -9.90604      27.96000     -27.96000
      -9.87604      35.29000     -35.29000
      -9.84604      42.70000     -42.70000
      -9.81604      44.23000     -44.23000
      -9.78604      38.87000     -38.87000
      -9.75704      30.89000     -30.89000
      -9.72704      22.68000     -22.68000
      -9.69704      20.37000     -20.37000
      -9.66704      30.26000     -30.26000
      -9.63804      45.37000     -45.37000
      -9.60804      49.53000     -49.53000
      -9.57804      42.52000     -42.52000
      -9.54804      35.31000     -35.31000
      -9.51804      32.67000     -32.67000
      -9.48904      35.34000     -35.34000
      -9.45904      38.73000     -38.73000
      -9.42904      36.53000     -36.53000
      -9.39904      29.94000     -29.94000
      -9.36904      28.80000     -28.80000
      -9.34004      36.20000     -36.20000
      -9.31004      41.22000     -41.22000
      -9.28004      40.17000     -40.17000
      -9.25004      42.75000     -42.75000
      -9.22004      47.18000     -47.18000
      -9.19104      45.10000     -45.10000
      -9.16104      38.93000     -38.93000
      -9.13104      32.54000     -32.54000
      -9.10104      25.92000     -25.92000
      -9.07104      20.20000     -20.20000
      -9.04204      17.79000     -17.79000
      -9.01204      16.83000     -16.83000
      -8.98204      14.32000     -14.32000
      -8.95204      13.85000     -13.85000
      -8.92304      18.39000     -18.39000
      -8.89304      22.70000     -22.70000
      -8.86304      23.81000     -23.81000
      -8.83304      24.25000     -24.25000
      -8.80304      21.07000     -21.07000
      -8.77404      15.52000     -15.52000
      -8.74404      15.42000     -15.42000
      -8.71404      20.40000     -20.40000
      -8.68404      24.66000     -24.66000
      -8.65404      28.01000     -28.01000
      -8.62504      31.68000     -31.68000
      -8.59504      33.56000     -33.56000
      -8.56504      35.78000     -35.78000
      -8.53504      45.09000     -45.09000
      -8.50504      56.19000     -56.19000
      -8.47604      56.64000     -56.64000
      -8.44604      46.81000     -46.81000
      -8.41604      35.79000     -35.79000
      -8.38604      30.60000     -30.60000
      -8.35704      30.68000     -30.68000
      -8.32704      32.35000     -32.35000
      -8.29704      35.83000     -35.83000
      -8.26704      39.15000     -39.15000
      -8.23704      40.30000     -40.30000
      -8.20804      42.29000     -42.29000
      -8.17804      46.34000     -46.34000
      -8.14804      48.77000     -48.77000
      -8.11804      45.26000     -45.26000
      -8.08804      36.92000     -36.92000
      -8.05904      31.84000     -31.84000
      -8.02904      36.02000     -36.02000
      -7.99904      51.76000     -51.76000
      -7.96904      73.33000     -73.33000
      -7.93904      83.42000     -83.42000
      -7.91004      74.77000     -74.77000
      -7.88004      63.40000     -63.40000
      -7.85004      59.58000     -59.58000
      -7.82004      52.62000     -52.62000
      -7.79104      39.65000     -39.65000
      -7.76104      33.53000     -33.53000
      -7.73104      38.21000     -38.21000
      -7.70104      44.27000     -44.27000
      -7.67104      43.32000     -43.32000
      -7.64204      35.15000     -35.15000
      -7.61204      27.26000     -27.26000
      -7.58204      27.77000     -27.77000
      -7.55204      37.21000     -37.21000
      -7.52204      46.26000     -46.26000
      -7.49304      47.76000     -47.76000
      -7.46304      46.41000     -46.41000
      -7.43304      50.30000     -50.30000
      -7.40304      55.65000     -55.65000
      -7.37304      51.54000     -51.54000
      -7.34404      38.49000     -38.49000
      -7.31404      26.24000     -26.24000
      -7.28404      22.17000     -22.17000
      -7.25404      23.99000     -23.99000
      -7.22504      23.20000     -23.20000
      -7.19504      20.60000     -20.60000
      -7.16504      23.45000     -23.45000
      -7.13504      31.01000     -31.01000
      -7.10504      39.87000     -39.87000
      -7.07604      53.14000     -53.14000
      -7.04604      64.55000     -64.55000
      -7.01604      57.79000     -57.79000
      -6.98604      34.02000     -34.02000
      -6.95604      15.04000     -15.04000
      -6.92704      14.10000     -14.10000
      -6.89704      24.12000     -24.12000
      -6.86704      29.52000     -29.52000
      -6.83704      25.25000     -25.25000
      -6.80704      21.91000     -21.91000
      -6.77804      24.56000     -24.56000
      -6.74804      30.57000     -30.57000
      -6.71804      42.93000     -42.93000
      -6.68804      53.17000     -53.17000
      -6.65904      43.73000     -43.73000
      -6.62904      26.90000     -26.90000
      -6.59904      28.65000     -28.65000
      -6.56904      45.70000     -45.70000
      -6.53904      59.56000     -59.56000
      -6.51004      72.40000     -72.40000
      -6.48004      87.12000     -87.12000
      -6.45004      92.67000     -92.67000
      -6.42004      92.47000     -92.47000
      -6.39004      93.29000     -93.29000
      -6.36104      90.47000     -90.47000
      -6.33104      87.28000     -87.28000
      -6.30104      87.90000     -87.90000
      -6.27104      84.55000     -84.55000
      -6.24104      73.88000     -73.88000
      -6.21204      66.86000     -66.86000
      -6.18204      63.85000     -63.85000
      -6.15204      57.59000     -57.59000
      -6.12204      59.11000     -59.11000
      -6.09304      73.37000     -73.37000
      -6.06304      82.49000     -82.49000
      -6.03304      77.17000     -77.17000
      -6.00304      68.73000     -68.73000
      -5.97304      66.67000     -66.67000
      -5.94404      74.28000     -74.28000
      -5.91404      91.48000     -91.48000
      -5.88404     109.80000    -109.80000
      -5.85404     118.40000    -118.40000
      -5.82404     112.20000    -112.20000
      -5.79504      98.74000     -98.74000
      -5.76504      93.34000     -93.34000
      -5.73504      92.57000     -92.57000
      -5.70504      81.85000     -81.85000
      -5.67504      65.74000     -65.74000
      -5.64604      56.42000     -56.42000
      -5.61604      57.18000     -57.18000
      -5.58604      64.97000     -64.97000
      -5.55604      74.80000     -74.80000
      -5.52704      78.67000     -78.67000
      -5.49704      71.40000     -71.40000
      -5.46704      66.19000     -66.19000
      -5.43704      76.10000     -76.10000
      -5.40704      86.89000     -86.89000
      -5.37804      82.04000     -82.04000
      -5.34804      80.81000     -80.81000
      -5.31804      98.03000     -98.03000
      -5.28804     108.20000    -108.20000
      -5.25804      91.93000     -91.93000
      -5.22904      64.12000     -64.12000
      -5.19904      51.16000     -51.16000
      -5.16904      73.39000     -73.39000
      -5.13904     119.50000    -119.50000
      -5.10904     140.10000    -140.10000
      -5.08004     115.30000    -115.30000
      -5.05004      79.21000     -79.21000
      -5.02004      60.91000     -60.91000
      -4.99004      56.23000     -56.23000
      -4.96004      51.59000     -51.59000
      -4.93104      46.27000     -46.27000
      -4.90104      47.17000     -47.17000
      -4.87104      52.90000     -52.90000
      -4.84104      56.45000     -56.45000
      -4.81204      57.65000     -57.65000
      -4.78204      61.31000     -61.31000
      -4.75204      63.91000     -63.91000
      -4.72204      54.16000     -54.16000
      -4.69204      37.69000     -37.69000
      -4.66304      30.78000     -30.78000
      -4.63304      33.04000     -33.04000
      -4.60304      34.39000     -34.39000
      -4.57304      33.92000     -33.92000
      -4.54304      32.62000     -32.62000
      -4.51404      29.36000     -29.36000
      -4.48404      28.41000     -28.41000
      -4.45404      31.36000     -31.36000
      -4.42404      38.94000     -38.94000
      -4.39404      53.92000     -53.92000
      -4.36504      63.16000     -63.16000
      -4.33504      53.30000     -53.30000
      -4.30504      40.32000     -40.32000
      -4.27504      42.52000     -42.52000
      -4.24604      49.58000     -49.58000
      -4.21604      46.00000     -46.00000
      -4.18604      39.87000     -39.87000
      -4.15604      46.96000     -46.96000
      -4.12604      63.29000     -63.29000
      -4.09704      70.94000     -70.94000
      -4.06704      63.86000     -63.86000
      -4.03704      52.17000     -52.17000
      -4.00704      46.85000     -46.85000
      -3.97704      47.05000     -47.05000
      -3.94804      47.47000     -47.47000
      -3.91804      52.68000     -52.68000
      -3.88804      72.74000     -72.74000
      -3.85804     101.00000    -101.00000
      -3.82804     119.10000    -119.10000
      -3.79904     122.30000    -122.30000
      -3.76904     117.90000    -117.90000
      -3.73904     111.70000    -111.70000
      -3.70904     105.50000    -105.50000
      -3.68004      99.92000     -99.92000
      -3.65004      98.86000     -98.86000
      -3.62004      98.46000     -98.46000
      -3.59004      96.96000     -96.96000
      -3.56004     106.80000    -106.80000
      -3.53104     111.60000    -111.60000
      -3.50104      82.79000     -82.79000
      -3.47104      50.49000     -50.49000
      -3.44104      46.58000     -46.58000
      -3.41104      52.36000     -52.36000
      -3.38204      50.49000     -50.49000
      -3.35204      45.19000     -45.19000
      -3.32204      37.48000     -37.48000
      -3.29204      30.20000     -30.20000
      -3.26204      27.24000     -27.24000
      -3.23304      24.33000     -24.33000
      -3.20304      23.29000     -23.29000
      -3.17304      30.93000     -30.93000
      -3.14304      43.58000     -43.58000
      -3.11404      51.30000     -51.30000
      -3.08404      51.97000     -51.97000
      -3.05404      50.94000     -50.94000
      -3.02404      48.83000     -48.83000
      -2.99404      40.70000     -40.70000
      -2.96504      33.32000     -33.32000
      -2.93504      37.40000     -37.40000
      -2.90504      43.53000     -43.53000
      -2.87504      41.73000     -41.73000
      -2.84504      39.97000     -39.97000
      -2.81604      40.85000     -40.85000
      -2.78604      39.12000     -39.12000
      -2.75604      35.52000     -35.52000
      -2.72604      30.74000     -30.74000
      -2.69604      28.57000     -28.57000
      -2.66704      33.24000     -33.24000
      -2.63704      38.97000     -38.97000
      -2.60704      39.94000     -39.94000
      -2.57704      38.73000     -38.73000
      -2.54804      39.94000     -39.94000
      -2.51804      41.35000     -41.35000
      -2.48804      36.55000     -36.55000
      -2.45804      25.55000     -25.55000
      -2.42804      16.84000     -16.84000
      -2.39904      17.25000     -17.25000
      -2.36904      25.04000     -25.04000
      -2.33904      28.29000     -28.29000
      -2.30904      22.42000     -22.42000
      -2.27904      18.75000     -18.75000
      -2.25004      22.28000     -22.28000
      -2.22004      29.27000     -29.27000
      -2.19004      35.19000     -35.19000
      -2.16004      36.38000     -36.38000
      -2.13004      33.51000     -33.51000
      -2.10104      29.96000     -29.96000
      -2.07104      29.24000     -29.24000
      -2.04104      29.41000     -29.41000
      -2.01104      25.66000     -25.66000
      -1.98204      23.12000     -23.12000
      -1.95204      25.21000     -25.21000
      -1.92204      24.59000     -24.59000
      -1.89204      21.75000     -21.75000
      -1.86204      23.31000     -23.31000
      -1.83304      24.55000     -24.55000
      -1.80304      21.12000     -21.12000
      -1.77304      17.93000     -17.93000
      -1.74304      18.31000     -18.31000
      -1.71304      20.89000     -20.89000
      -1.68404      21.32000     -21.32000
      -1.65404      19.60000     -19.60000
      -1.62404      20.79000     -20.79000
      -1.59404      23.53000     -23.53000
      -1.56404      24.21000     -24.21000
      -1.53504      22.90000     -22.90000
      -1.50504      19.56000     -19.56000
      -1.47504      15.79000     -15.79000
      -1.44504      12.94000     -12.94000
      -1.41604      11.86000     -11.86000
      -1.38604      14.18000     -14.18000
      -1.35604      21.46000     -21.46000
      -1.32604      31.79000     -31.79000
      -1.29604      35.12000     -35.12000
      -1.26704      28.28000     -28.28000
      -1.23704      21.52000     -21.52000
      -1.20704      18.43000     -18.43000
      -1.17704      15.45000     -15.45000
      -1.14704      12.09000     -12.09000
      -1.11804      12.37000     -12.37000
      -1.08804      16.30000     -16.30000
      -1.05804      18.91000     -18.91000
      -1.02804      19.66000     -19.66000
      -0.99804      17.72000     -17.72000
      -0.96904      12.26000     -12.26000
      -0.93904      10.04000     -10.04000
      -0.90904      16.40000     -16.40000
      -0.87904      25.10000     -25.10000
      -0.84904      26.58000     -26.58000
      -0.82004      24.05000     -24.05000
      -0.79004      24.76000     -24.76000
      -0.76004      29.55000     -29.55000
      -0.73004      37.24000     -37.24000
      -0.70104      44.04000     -44.04000
      -0.67104      46.39000     -46.39000
      -0.64104      42.51000     -42.51000
      -0.61104      34.60000     -34.60000
      -0.58104      27.69000     -27.69000
      -0.55204      22.99000     -22.99000
      -0.52204      20.91000     -20.91000
      -0.49204      21.42000     -21.42000
      -0.46204      21.06000     -21.06000
      -0.43204      17.48000     -17.48000
      -0.40304      13.74000     -13.74000
      -0.37304      13.03000     -13.03000
      -0.34304      15.91000     -15.91000
      -0.31304      22.14000     -22.14000
      -0.28304      27.91000     -27.91000
      -0.25404      28.35000     -28.35000
      -0.22404      23.61000     -23.61000
      -0.19404      16.26000     -16.26000
      -0.16404       9.47000      -9.47000
      -0.13504       6.82800      -6.82800
      -0.10504       9.82400      -9.82400
      -0.07504      15.76000     -15.76000
      -0.04504      18.86000     -18.86000
      -0.01504      17.91000     -17.91000
       0.01396      20.45000     -20.45000
       0.04396      30.00000     -30.00000
       0.07396      37.99000     -37.99000
       0.10396      38.45000     -38.45000
       0.13396      34.90000     -34.90000
       0.16296      30.27000     -30.27000
       0.19296      23.49000     -23.49000
       0.22296      14.71000     -14.71000
       0.25296       8.20600      -8.20600
       0.28296       7.13600      -7.13600
       0.31196      14.14000     -14.14000
       0.34196      28.10000     -28.10000
       0.37196      36.83000     -36.83000
       0.40196      35.77000     -35.77000
       0.43096      32.99000     -32.99000
       0.46096      27.46000     -27.46000
       0.49096      16.63000     -16.63000
       0.52096       6.64600      -6.64600
       0.55096       1.68800      -1.68800
       0.57996       0.25950      -0.25950
       0.60996       0.02273      -0.02273
       0.63996       0.00108      -0.00108
       0.66996       0.00003      -0.00003
       0.69996       0.00000      -0.00000
       0.72896       0.00000      -0.00000
       0.75896       0.00000      -0.00000
       0.78896       0.00000      -0.00000
       0.81896       0.00000       0.00000
       0.84896       0.00000       0.00000
       0.87796       0.00000       0.00000
       0.90796       0.00000       0.00000
       0.93796       0.00000       0.00000
       0.96796       0.00000       0.00000
       0.99696       0.00000       0.00000
       1.02696       0.00000       0.00000
       1.05696       0.00000       0.00000
       1.08696       0.00000       0.00000
       1.11696       0.00000       0.00000
       1.14596       0.00000      -0.00000
       1.17596       0.00000      -0.00000
       1.20596       0.00000      -0.00000
       1.23596       0.00000      -0.00000
       1.26596       0.00001      -0.00001
       1.29496       0.00032      -0.00032
       1.32496       0.00729      -0.00729
       1.35496       0.08751      -0.08751
       1.38496       0.57040      -0.57040
       1.41496       2.10100      -2.10100
       1.44396       4.61200      -4.61200
       1.47396       6.47000      -6.47000
       1.50396       6.48100      -6.48100
       1.53396       5.59400      -5.59400
       1.56296       5.48400      -5.48400
       1.59296       7.70600      -7.70600
       1.62296      12.66000     -12.66000
       1.65296      17.43000     -17.43000
       1.68296      18.83000     -18.83000
       1.71196      17.12000     -17.12000
       1.74196      16.00000     -16.00000
       1.77196      19.66000     -19.66000
       1.80196      26.85000     -26.85000
       1.83196      32.97000     -32.97000
       1.86096      35.17000     -35.17000
       1.89096      33.95000     -33.95000
       1.92096      35.63000     -35.63000
       1.95096      41.76000     -41.76000
       1.98096      45.06000     -45.06000
       2.00996      42.36000     -42.36000
       2.03996      36.07000     -36.07000
       2.06996      27.69000     -27.69000
       2.09996      19.10000     -19.10000
       2.12896      13.85000     -13.85000
       2.15896      16.42000     -16.42000
       2.18896      23.89000     -23.89000
       2.21896      26.57000     -26.57000
       2.24896      23.23000     -23.23000
       2.27796      19.91000     -19.91000
       2.30796      18.56000     -18.56000
       2.33796      19.90000     -19.90000
       2.36796      27.09000     -27.09000
       2.39796      34.61000     -34.61000
       2.42696      33.16000     -33.16000
       2.45696      26.56000     -26.56000
       2.48696      22.83000     -22.83000
       2.51696      23.28000     -23.28000
       2.54696      26.19000     -26.19000
       2.57596      28.99000     -28.99000
       2.60596      30.33000     -30.33000
       2.63596      30.23000     -30.23000
       2.66596      27.56000     -27.56000
       2.69496      26.67000     -26.67000
       2.72496      32.02000     -32.02000
       2.75496      37.54000     -37.54000
       2.78496      35.85000     -35.85000
       2.81496      30.17000     -30.17000
       2.84396      25.33000     -25.33000
       2.87396      20.40000     -20.40000
       2.90396      18.37000     -18.37000
       2.93396      21.23000     -21.23000
       2.96396      21.54000     -21.54000
       2.99296      17.77000     -17.77000
       3.02296      19.15000     -19.15000
       3.05296      25.41000     -25.41000
       3.08296      29.52000     -29.52000
       3.11296      29.85000     -29.85000
       3.14196      25.03000     -25.03000
       3.17196      17.26000     -17.26000
       3.20196      12.49000     -12.49000
       3.23196      11.25000     -11.25000
       3.26196      10.63000     -10.63000
       3.29096      10.23000     -10.23000
       3.32096      13.35000     -13.35000
       3.35096      24.25000     -24.26000
       3.38096      40.78000     -40.79000
       3.40996      51.44000     -51.44000
       3.43996      46.65000     -46.63000
       3.46996      33.67000     -33.62000
       3.49996      26.93000     -26.89000
       3.52996      22.82000     -22.84000
       3.55896      14.38000     -14.42000
       3.58896      10.33000     -10.33000
       3.61896      14.66000     -14.64000
       3.64896      18.32000     -18.32000
       3.67896      16.79000     -16.81000
       3.70796      18.92000     -18.94000
       3.73796      36.14000     -36.16000
       3.76796      60.16000     -60.18000
       3.79796      71.28000     -71.29000
       3.82796      74.37000     -74.37000
       3.85696      79.94000     -79.94000
       3.88696      83.66000     -83.66000
       3.91696      79.73000     -79.72000
       3.94696      68.65000     -68.64000
       3.97596      57.17000     -57.15000
       4.00596      50.94000     -50.93000
       4.03596      47.13000     -47.12000
       4.06596      43.21000     -43.20000
       4.09596      41.48000     -41.47000
       4.12496      36.43000     -36.43000
       4.15496      23.26000     -23.29000
       4.18496      12.13000     -12.15000
       4.21496      13.83000     -13.84000
       4.24496      26.83000     -26.83000
       4.27396      41.64000     -41.62000
       4.30396      48.49000     -48.46000
       4.33396      46.42000     -46.41000
       4.36396      45.47000     -45.47000
       4.39396      50.82000     -50.82000
       4.42296      55.68000     -55.69000
       4.45296      54.59000     -54.62000
       4.48296      53.00000     -53.03000
       4.51296      58.34000     -58.37000
       4.54196      71.76000     -71.74000
       4.57196      84.86000     -84.75000
       4.60196      85.62000     -85.48000
       4.63196      79.45000     -79.38000
       4.66196      74.31000     -74.26000
       4.69096      62.32000     -62.09000
       4.72096      51.72000     -51.42000
       4.75096      61.46000     -61.19000
       4.78096      84.19000     -83.65000
       4.81096      96.10000     -95.59000
       4.83996      94.49000     -94.09000
       4.86996      91.19000     -90.02000
       4.89996      87.12000     -85.57000
       4.92996      80.35000     -79.47000
       4.95996      72.54000     -72.39000
       4.98896      66.70000     -67.38000
       5.01896      65.22000     -65.98000
       5.04896      68.49000     -68.28000
       5.07896      75.61000     -75.41000
       5.10796      84.68000     -85.28000
       5.13796      89.33000     -90.40000
       5.16796      86.45000     -87.45000
       5.19796      86.41000     -86.85000
       5.22796      93.22000     -93.07000
       5.25696      96.73000     -95.56000
       5.28696      91.81000     -90.08000
       5.31696      85.29000     -84.81000
       5.34696      86.61000     -87.33000
       5.37696      94.66000     -93.91000
       5.40596     101.30000     -97.99000
       5.43596      99.30000     -96.49000
       5.46596      88.40000     -89.27000
       5.49596      79.47000     -82.76000
       5.52596      79.03000     -80.58000
       5.55496      84.25000     -82.27000
       5.58496      86.79000     -84.94000
       5.61496      78.45000     -79.67000
       5.64496      68.07000     -69.25000
       5.67396      67.22000     -65.69000
       5.70396      69.36000     -67.59000
       5.73396      65.31000     -66.02000
       5.76396      61.58000     -63.37000
       5.79396      65.90000     -67.10000
       5.82296      72.23000     -73.77000
       5.85296      74.70000     -75.82000
       5.88296      78.75000     -78.00000
       5.91296      86.97000     -85.41000
       5.94296      92.81000     -91.44000
       5.97196      94.18000     -93.15000
       6.00196      93.05000     -92.83000
       6.03196      88.13000     -88.98000
       6.06196      81.49000     -83.59000
       6.09196      77.69000     -81.82000
       6.12096      77.17000     -81.78000
       6.15096      78.02000     -79.56000
       6.18096      78.11000     -75.66000
       6.21096      76.22000     -71.77000
       6.23996      73.82000     -70.39000
       6.26996      73.22000     -71.93000
       6.29996      74.07000     -74.51000
       6.32996      74.05000     -76.33000
       6.35996      73.38000     -76.45000
       6.38896      74.53000     -76.65000
       6.41896      77.39000     -77.70000
       6.44896      79.27000     -78.52000
       6.47896      78.79000     -79.01000
       6.50896      76.73000     -77.34000
       6.53796      74.62000     -73.15000
       6.56796      72.62000     -69.74000
       6.59796      70.32000     -68.90000
       6.62796      68.88000     -68.79000
       6.65796      69.03000     -67.67000
       6.68696      69.46000     -66.74000
       6.71696      68.81000     -67.06000
       6.74696      68.00000     -68.83000
       6.77696      68.18000     -71.02000
       6.80596      68.16000     -71.17000
       6.83596      67.43000     -68.98000
       6.86596      67.19000     -66.87000
       6.89596      67.84000     -67.12000
       6.92596      69.78000     -69.81000
       6.95496      73.62000     -73.28000
       6.98496      77.64000     -75.50000
       7.01496      78.47000     -75.14000
       7.04496      76.63000     -73.59000
       7.07496      74.16000     -72.45000
       7.10396      71.66000     -72.05000
       7.13396      70.22000     -71.28000
       7.16396      69.51000     -68.85000
       7.19396      67.10000     -65.75000
       7.22396      62.95000     -64.03000
       7.25296      59.22000     -64.18000
       7.28296      56.64000     -63.87000
       7.31296      54.93000     -61.60000
       7.34296      53.86000     -58.22000
       7.37296      53.49000     -55.04000
       7.40196      53.68000     -52.72000
       7.43196      53.12000     -51.09000
       7.46196      51.13000     -49.96000
       7.49196      49.03000     -49.01000
       7.52096      47.95000     -47.68000
       7.55096      46.75000     -45.63000
       7.58096      44.92000     -43.23000
       7.61096      44.02000     -40.57000
       7.64096      42.09000     -37.15000
       7.66996      37.42000     -34.29000
       7.69996      33.59000     -34.12000
       7.72996      33.10000     -35.58000
       7.75996      33.70000     -35.63000
       7.78996      32.49000     -33.50000
       7.81896      29.02000     -30.89000
       7.84896      25.05000     -29.20000
       7.87896      23.67000     -28.12000
       7.90896      25.18000     -27.42000
       7.93896      26.72000     -26.98000
       7.96796      26.34000     -25.34000
       7.99796      24.92000     -22.29000
       8.02796      23.59000     -19.47000
       8.05796      21.58000     -17.97000
       8.08696      19.26000     -17.69000
       8.11696      18.18000     -17.88000
       8.14696      17.36000     -17.76000
       8.17696      15.34000     -16.28000
       8.20696      12.79000     -13.47000
       8.23596      11.23000     -11.28000
       8.26596      11.02000     -11.08000
       8.29596      10.87000     -11.45000
       8.32596       9.55900     -10.12000
       8.35596       7.37900      -8.04100
       8.38496       5.48000      -6.81100
       8.41496       4.29700      -5.09200
       8.44496       3.12500      -2.68400
       8.47496       1.74200      -1.05600
       8.50496       0.82310      -0.36050
       8.53396       0.58040      -0.09517
       8.56396       0.60090      -0.01533
       8.59396       0.53190      -0.00133
       8.62396       0.31940      -0.00006
       8.65296       0.11330      -0.00000
       8.68296       0.02179      -0.00000
       8.71296       0.00218      -0.00000
       8.74296       0.00011      -0.00000
       8.77296       0.00000      -0.00000
       8.80196       0.00000       0.00000
       8.83196       0.00000       0.00000
       8.86196       0.00000       0.00000
       8.89196       0.00000       0.00000
       8.92196       0.00000       0.00000
       8.95096       0.00000       0.00000
       8.98096       0.00000       0.00000
       9.01096       0.00000       0.00000
       9.04096       0.00000       0.00000
       9.07096       0.00000       0.00000
       9.09996       0.00000       0.00000
       9.12996       0.00000       0.00000
       9.15996       0.00000       0.00000
       9.18996       0.00000       0.00000
       9.21896       0.00000       0.00000
       9.24896       0.00000       0.00000
       9.27896       0.00000       0.00000
       9.30896       0.00000       0.00000
       9.33896       0.00000       0.00000
       9.36796       0.00000       0.00000
       9.39796       0.00000       0.00000
       9.42796       0.00000       0.00000
       9.45796       0.00000       0.00000
       9.48796       0.00000       0.00000
       9.51696       0.00000       0.00000
       9.54696       0.00000       0.00000
       9.57696       0.00000       0.00000
       9.60696       0.00000       0.00000
       9.63696       0.00000       0.00000
       9.66596       0.00000       0.00000
       9.69596       0.00000       0.00000
       9.72596       0.00000       0.00000
       9.75596       0.00000       0.00000
       9.78496       0.00000       0.00000
       9.81496       0.00000       0.00000
       9.84496       0.00000       0.00000
       9.87496       0.00000       0.00000
       9.90496       0.00000       0.00000
       9.93396       0.00000       0.00000
