      #Energy        TDOS-UP        TDOS-DOWN
     -25.04400       0.00000       0.00000
     -25.01200       0.00000       0.00000
     -24.98000       0.00000       0.00000
     -24.94800       0.00000       0.00000
     -24.91600       0.00000       0.00000
     -24.88400       0.00000       0.00000
     -24.85300       0.00000       0.00000
     -24.82100       0.00000       0.00000
     -24.78900       0.00000       0.00000
     -24.75700       0.00000       0.00000
     -24.72500       0.00000       0.00000
     -24.69300       0.00000       0.00000
     -24.66100       0.00000       0.00000
     -24.63000       0.00000       0.00000
     -24.59800       0.00000       0.00000
     -24.56600       0.00000       0.00000
     -24.53400       0.00000       0.00000
     -24.50200       0.00000       0.00000
     -24.47000       0.00000       0.00000
     -24.43800       0.00000       0.00000
     -24.40700       0.00000       0.00000
     -24.37500       0.00000       0.00000
     -24.34300       0.00000       0.00000
     -24.31100       0.00000       0.00000
     -24.27900       0.00000       0.00000
     -24.24700       0.00000       0.00000
     -24.21500       0.00000       0.00000
     -24.18400       0.00000       0.00000
     -24.15200       0.00000       0.00000
     -24.12000       0.00000       0.00000
     -24.08800       0.00000       0.00000
     -24.05600       0.00000       0.00000
     -24.02400       0.00000       0.00000
     -23.99200       0.00000       0.00000
     -23.96100       0.00000       0.00000
     -23.92900       0.00000       0.00000
     -23.89700       0.00000       0.00000
     -23.86500       0.00000      -0.00000
     -23.83300       0.00000      -0.00000
     -23.80100       0.00000      -0.00000
     -23.76900       0.00000      -0.00000
     -23.73800       0.00007      -0.00003
     -23.70600       0.00210      -0.00112
     -23.67400       0.03106      -0.01918
     -23.64200       0.23184      -0.16284
     -23.61000       0.95086      -0.74219
     -23.57800       2.43174      -2.04770
     -23.54600       4.50468      -3.99768
     -23.51500       6.86801      -6.37056
     -23.48300       9.17749      -8.84427
     -23.45100      10.93633     -10.78548
     -23.41900      12.11504     -12.01230
     -23.38700      13.59306     -13.39841
     -23.35500      15.96068     -15.68671
     -23.32300      18.31556     -18.10865
     -23.29200      19.58873     -19.50814
     -23.26000      19.94687     -19.93083
     -23.22800      19.99704     -19.99469
     -23.19600      20.00041     -19.99934
     -23.16400      20.00052     -19.99950
     -23.13200      20.00052     -19.99950
     -23.10000      20.00052     -19.99950
     -23.06900      20.00052     -19.99950
     -23.03700      20.00052     -19.99950
     -23.00500      20.00052     -19.99950
     -22.97300      20.00052     -19.99950
     -22.94100      20.00052     -19.99950
     -22.90900      20.00052     -19.99950
     -22.87700      20.00052     -19.99950
     -22.84600      20.00052     -19.99950
     -22.81400      20.00052     -19.99950
     -22.78200      20.00052     -19.99950
     -22.75000      20.00052     -19.99950
     -22.71800      20.00052     -19.99950
     -22.68600      20.00052     -19.99950
     -22.65400      20.00052     -19.99950
     -22.62300      20.00052     -19.99950
     -22.59100      20.00052     -19.99950
     -22.55900      20.00052     -19.99950
     -22.52700      20.00052     -19.99950
     -22.49500      20.00052     -19.99950
     -22.46300      20.00052     -19.99950
     -22.43100      20.00052     -19.99950
     -22.40000      20.00052     -19.99950
     -22.36800      20.00052     -19.99950
     -22.33600      20.00052     -19.99950
     -22.30400      20.00052     -19.99950
     -22.27200      20.00052     -19.99950
     -22.24000      20.00052     -19.99950
     -22.20800      20.00052     -19.99950
     -22.17700      20.00052     -19.99950
     -22.14500      20.00052     -19.99950
     -22.11300      20.00052     -19.99950
     -22.08100      20.00052     -19.99950
     -22.04900      20.00052     -19.99950
     -22.01700      20.00052     -19.99950
     -21.98500      20.00052     -19.99950
     -21.95400      20.00052     -19.99950
     -21.92200      20.00052     -19.99950
     -21.89000      20.00052     -19.99950
     -21.85800      20.00052     -19.99950
     -21.82600      20.00052     -19.99950
     -21.79400      20.00052     -19.99950
     -21.76200      20.00052     -19.99950
     -21.73100      20.00052     -19.99950
     -21.69900      20.00052     -19.99950
     -21.66700      20.00052     -19.99950
     -21.63500      20.00052     -19.99950
     -21.60300      20.00052     -19.99950
     -21.57100      20.00052     -19.99950
     -21.53900      20.00052     -19.99950
     -21.50800      20.00052     -19.99950
     -21.47600      20.00052     -19.99950
     -21.44400      20.00052     -19.99950
     -21.41200      20.00052     -19.99950
     -21.38000      20.00052     -19.99950
     -21.34800      20.00052     -19.99950
     -21.31600      20.00052     -19.99950
     -21.28400      20.00052     -19.99950
     -21.25300      20.00052     -19.99950
     -21.22100      20.00052     -19.99950
     -21.18900      20.00052     -19.99950
     -21.15700      20.00052     -19.99950
     -21.12500      20.00052     -19.99950
     -21.09300      20.00052     -19.99950
     -21.06100      20.00052     -19.99950
     -21.03000      20.00083     -19.99951
     -20.99800      20.00759     -19.99995
     -20.96600      20.07775     -20.00883
     -20.93400      20.43501     -20.09444
     -20.90200      21.37559     -20.50387
     -20.87000      22.78925     -21.54448
     -20.83800      24.29674     -23.13622
     -20.80700      25.79386     -24.90000
     -20.77500      27.06640     -26.48043
     -20.74300      27.76025     -27.50623
     -20.71100      27.96684     -27.90714
     -20.67900      27.99804     -27.99052
     -20.64700      28.00033     -27.99915
     -20.61500      28.00041     -27.99958
     -20.58400      28.00041     -27.99959
     -20.55200      28.00042     -27.99959
     -20.52000      28.00046     -27.99960
     -20.48800      28.00178     -27.99996
     -20.45600      28.02261     -28.00756
     -20.42400      28.18390     -28.08392
     -20.39200      28.83250     -28.46587
     -20.36100      30.30542     -29.48450
     -20.32900      32.46852     -31.13869
     -20.29700      35.00722     -33.25894
     -20.26500      37.85047     -36.03004
     -20.23300      40.67636     -39.31451
     -20.20100      42.73704     -42.06426
     -20.16900      43.69897     -43.49337
     -20.13800      43.95965     -43.92262
     -20.10600      43.99745     -43.99302
     -20.07400      44.00020     -43.99903
     -20.04200      44.00030     -43.99929
     -20.01000      44.00030     -43.99930
     -19.97800      44.00030     -43.99930
     -19.94600      44.00030     -43.99930
     -19.91500      44.00030     -43.99930
     -19.88300      44.00030     -43.99930
     -19.85100      44.00030     -43.99930
     -19.81900      44.00030     -43.99930
     -19.78700      44.00030     -43.99930
     -19.75500      44.00030     -43.99930
     -19.72300      44.00030     -43.99930
     -19.69200      44.00030     -43.99930
     -19.66000      44.00048     -43.99931
     -19.62800      44.00508     -43.99983
     -19.59600      44.06227     -44.01179
     -19.56400      44.42422     -44.14187
     -19.53200      45.66506     -44.84667
     -19.50000      48.15246     -46.86228
     -19.46900      51.29501     -50.11872
     -19.43700      53.92450     -53.26604
     -19.40500      55.38356     -55.14387
     -19.37300      55.89530     -55.83561
     -19.34100      56.05341     -56.01895
     -19.30900      56.38917     -56.26651
     -19.27700      57.41815     -57.09400
     -19.24600      59.36287     -58.85092
     -19.21400      61.61422     -61.13015
     -19.18200      63.20740     -62.92562
     -19.15000      63.93931     -63.76856
     -19.11800      64.33864     -64.05871
     -19.08600      64.83004     -64.32577
     -19.05400      65.52341     -64.78945
     -19.02300      66.40219     -65.46976
     -18.99100      67.25326     -66.33787
     -18.95900      67.77882     -67.19881
     -18.92700      67.96310     -67.75121
     -18.89500      67.99709     -67.95422
     -18.86300      68.00181     -67.99442
     -18.83100      68.02628     -68.01281
     -18.80000      68.20162     -68.13544
     -18.76800      68.83047     -68.64297
     -18.73600      70.00201     -69.72548
     -18.70400      71.17260     -70.95803
     -18.67200      71.79986     -71.71305
     -18.64000      71.97442     -71.95526
     -18.60800      71.99859     -71.99428
     -18.57700      72.00020     -71.99731
     -18.54500      72.00032     -71.99745
     -18.51300      72.00205     -71.99835
     -18.48100      72.02410     -72.01179
     -18.44900      72.16274     -72.11008
     -18.41700      72.61645     -72.47966
     -18.38500      73.45175     -73.24773
     -18.35400      74.41383     -74.22208
     -18.32200      75.20278     -75.07378
     -18.29000      75.70182     -75.63511
     -18.25800      75.93842     -75.90642
     -18.22600      76.09379     -76.02901
     -18.19400      76.51096     -76.28917
     -18.16200      77.46890     -77.03685
     -18.13100      78.70241     -78.24822
     -18.09900      79.58326     -79.32595
     -18.06700      79.93201     -79.85260
     -18.03500      80.07068     -80.03941
     -18.00300      80.40075     -80.33003
     -17.97100      81.20578     -81.06688
     -17.93900      82.36140     -82.19255
     -17.90800      83.43324     -83.25324
     -17.87600      84.34690     -84.06018
     -17.84400      85.43450     -84.97942
     -17.81200      86.71628     -86.22488
     -17.78000      87.83685     -87.42255
     -17.74800      88.75275     -88.34226
     -17.71600      89.91139     -89.40709
     -17.68500      91.72725     -91.14506
     -17.65300      93.94514     -93.36136
     -17.62100      95.96234     -95.22468
     -17.58900      97.65300     -96.43398
     -17.55700      99.01394     -97.46042
     -17.52500      99.95277     -98.64774
     -17.49300     100.80383     -99.93509
     -17.46200     101.89255    -101.19982
     -17.43000     102.95563    -102.30175
     -17.39800     103.63657    -103.09532
     -17.36600     104.00304    -103.60726
     -17.33400     104.45298    -103.98318
     -17.30200     105.36919    -104.48078
     -17.27000     106.67677    -105.42073
     -17.23900     107.99709    -106.82229
     -17.20700     109.22853    -108.33518
     -17.17500     110.37220    -109.63066
     -17.14300     111.25480    -110.60405
     -17.11100     111.80258    -111.30379
     -17.07900     112.18376    -111.81351
     -17.04700     112.62004    -112.24470
     -17.01600     113.15460    -112.71793
     -16.98400     113.74842    -113.23768
     -16.95200     114.45246    -113.79741
     -16.92000     115.19983    -114.47995
     -16.88800     115.73424    -115.21506
     -16.85600     115.99583    -115.74166
     -16.82400     116.30330    -116.01650
     -16.79300     117.08683    -116.39202
     -16.76100     118.31954    -117.27733
     -16.72900     119.37831    -118.53011
     -16.69700     119.86778    -119.49921
     -16.66500     119.98546    -119.90147
     -16.63300     120.00056    -119.98807
     -16.60100     120.01640    -120.00157
     -16.57000     120.13341    -120.04882
     -16.53800     120.63329    -120.31867
     -16.50600     121.92732    -121.21497
     -16.47400     124.15764    -123.10155
     -16.44200     126.97207    -125.85051
     -16.41000     129.91312    -128.91676
     -16.37800     132.72388    -131.83376
     -16.34700     135.20667    -134.35398
     -16.31500     137.24106    -136.41530
     -16.28300     138.74663    -138.07697
     -16.25100     139.60741    -139.24103
     -16.21900     139.92530    -139.80653
     -16.18700     139.99263    -139.97010
     -16.15500     140.00021    -139.99597
     -16.12400     140.00064    -139.99808
     -16.09200     140.00065    -139.99816
     -16.06000     140.00086    -139.99827
     -16.02800     140.00536    -140.00093
     -15.99600     140.05254    -140.03272
     -15.96400     140.30058    -140.22140
     -15.93200     140.99252    -140.80900
     -15.90100     142.08602    -141.83655
     -15.86900     143.11994    -142.91141
     -15.83700     143.72523    -143.61562
     -15.80500     143.94617    -143.91009
     -15.77300     143.99624    -143.98627
     -15.74100     144.01911    -143.99901
     -15.70900     144.10233    -144.01494
     -15.67800     144.32369    -144.08986
     -15.64600     144.67947    -144.29298
     -15.61400     145.07482    -144.62117
     -15.58200     145.46682    -144.97877
     -15.55000     145.94580    -145.29809
     -15.51800     146.60938    -145.59954
     -15.48600     147.31900    -145.97239
     -15.45500     147.78905    -146.52623
     -15.42300     147.96345    -147.19762
     -15.39100     147.99729    -147.71386
     -15.35900     148.00056    -147.93962
     -15.32700     148.00093    -147.99205
     -15.29500     148.00545    -148.00075
     -15.26300     148.04935    -148.02935
     -15.23200     148.26641    -148.18055
     -15.20000     148.85497    -148.60096
     -15.16800     149.81786    -149.24990
     -15.13600     150.84445    -149.86107
     -15.10400     151.57350    -150.30612
     -15.07200     151.90641    -150.71325
     -15.04000     152.03480    -151.19653
     -15.00900     152.28249    -151.69493
     -14.97700     152.98557    -152.18394
     -14.94500     154.14517    -152.86393
     -14.91300     155.23596    -153.85963
     -14.88100     155.86562    -154.94532
     -14.84900     156.29075    -155.85851
     -14.81700     156.96071    -156.70368
     -14.78600     157.90639    -157.66497
     -14.75400     158.82563    -158.62227
     -14.72200     159.59195    -159.43304
     -14.69000     160.41355    -160.22612
     -14.65800     161.61154    -161.31373
     -14.62600     163.15996    -162.78601
     -14.59400     164.55482    -164.19632
     -14.56300     165.53602    -165.11126
     -14.53100     166.37578    -165.68931
     -14.49900     167.18877    -166.32438
     -14.46700     167.73990    -167.07764
     -14.43500     167.95489    -167.66684
     -14.40300     168.02152    -167.94191
     -14.37100     168.18444    -168.10534
     -14.34000     168.76984    -168.54865
     -14.30800     170.00972    -169.61539
     -14.27600     171.61103    -171.18148
     -14.24400     172.95349    -172.63720
     -14.21200     173.76186    -173.56090
     -14.18000     174.21662    -174.05389
     -14.14800     174.60305    -174.42247
     -14.11700     175.10146    -174.88998
     -14.08500     175.78877    -175.53652
     -14.05300     176.76424    -176.40797
     -14.02100     178.05876    -177.55658
     -13.98900     179.49424    -178.89140
     -13.95700     180.99169    -180.37913
     -13.92500     182.45138    -181.97708
     -13.89400     183.47272    -183.23512
     -13.86200     183.89636    -183.82695
     -13.83000     183.99886    -183.98161
     -13.79800     184.05686    -184.02728
     -13.76600     184.20322    -184.12631
     -13.73400     184.46791    -184.33639
     -13.70200     184.80082    -184.62768
     -13.67100     185.21560    -184.97338
     -13.63900     185.87042    -185.49615
     -13.60700     186.81387    -186.35279
     -13.57500     187.89749    -187.48053
     -13.54300     189.27946    -188.87253
     -13.51100     191.38729    -190.81805
     -13.47900     194.09005    -193.32091
     -13.44800     196.71731    -195.89162
     -13.41600     198.98857    -198.14791
     -13.38400     201.15645    -200.19441
     -13.35200     203.28769    -202.35019
     -13.32000     205.14671    -204.52253
     -13.28800     206.53983    -206.22832
     -13.25600     207.41845    -207.25635
     -13.22500     207.92562    -207.81719
     -13.19300     208.32558    -208.21398
     -13.16100     208.85218    -208.66937
     -13.12900     209.65610    -209.34586
     -13.09700     210.66008    -210.28565
     -13.06500     211.48581    -211.21588
     -13.03300     211.88280    -211.77591
     -13.00200     211.98594    -211.96334
     -12.97000     211.99958    -211.99595
     -12.93800     212.00103    -211.99883
     -12.90600     212.01094    -212.00099
     -12.87400     212.09605    -212.02705
     -12.84200     212.47703    -212.19647
     -12.81000     213.39499    -212.78063
     -12.77900     214.62038    -213.88417
     -12.74700     215.53531    -215.05078
     -12.71500     215.91026    -215.73921
     -12.68300     215.99124    -215.95926
     -12.65100     216.00028    -215.99578
     -12.61900     216.00574    -216.00192
     -12.58700     216.06034    -216.04074
     -12.55600     216.35927    -216.27649
     -12.52400     217.22866    -217.02242
     -12.49200     218.71893    -218.35724
     -12.46000     220.50580    -219.96586
     -12.42800     222.31099    -221.64808
     -12.39600     224.04482    -223.36964
     -12.36400     225.80429    -225.15619
     -12.33300     227.61457    -227.06890
     -12.30100     229.26955    -228.84255
     -12.26900     230.84361    -230.22833
     -12.23700     232.84440    -231.57557
     -12.20500     235.51324    -233.51249
     -12.17300     238.40762    -236.23644
     -12.14100     240.94090    -239.30954
     -12.11000     242.74227    -241.90685
     -12.07800     243.66342    -243.38917
     -12.04600     243.94908    -243.89569
     -12.01400     243.99635    -243.98946
     -11.98200     244.00021    -243.99823
     -11.95000     244.00036    -243.99863
     -11.91800     244.00037    -243.99864
     -11.88700     244.00037    -243.99864
     -11.85500     244.00037    -243.99864
     -11.82300     244.00037    -243.99864
     -11.79100     244.00037    -243.99864
     -11.75900     244.00040    -243.99864
     -11.72700     244.00128    -243.99895
     -11.69500     244.01447    -244.00477
     -11.66400     244.11302    -244.05953
     -11.63200     244.51319    -244.33161
     -11.60000     245.49774    -245.11975
     -11.56800     247.12134    -246.59569
     -11.53600     249.00729    -248.50059
     -11.50400     250.57705    -250.22964
     -11.47200     251.60986    -251.39896
     -11.44100     252.40007    -252.20112
     -11.40900     253.31597    -253.05155
     -11.37700     254.36343    -254.06763
     -11.34500     255.24125    -255.00328
     -11.31300     255.74989    -255.61637
     -11.28100     255.96084    -255.90439
     -11.24900     256.08526    -256.03394
     -11.21800     256.33628    -256.21680
     -11.18600     256.85699    -256.61372
     -11.15400     257.71586    -257.30773
     -11.12200     258.90285    -258.34181
     -11.09000     260.30696    -259.68921
     -11.05800     261.84502    -261.25627
     -11.02600     263.56690    -262.98563
     -10.99500     265.52978    -264.85310
     -10.96300     267.63092    -266.82235
     -10.93100     269.55780    -268.78173
     -10.89900     270.98166    -270.44642
     -10.86700     271.94311    -271.64744
     -10.83500     273.01351    -272.77072
     -10.80300     274.76310    -274.41200
     -10.77200     276.97542    -276.53401
     -10.74000     278.79399    -278.42457
     -10.70800     279.75417    -279.55248
     -10.67600     280.22263    -280.10249
     -10.64400     280.81071    -280.62925
     -10.61200     281.83954    -281.52619
     -10.58000     283.29398    -282.87390
     -10.54900     284.93573    -284.50292
     -10.51700     286.57765    -286.20760
     -10.48500     288.28631    -287.99542
     -10.45300     290.01488    -289.81144
     -10.42100     291.38936    -291.26333
     -10.38900     292.25858    -292.16043
     -10.35700     292.84890    -292.74660
     -10.32600     293.31974    -293.21809
     -10.29400     293.71207    -293.61216
     -10.26200     294.13975    -294.02073
     -10.23000     294.80429    -294.63366
     -10.19800     295.92263    -295.65580
     -10.16600     297.66602    -297.22269
     -10.13400     299.90988    -299.23415
     -10.10300     302.05339    -301.28448
     -10.07100     303.60515    -303.00126
     -10.03900     304.87545    -304.45363
     -10.00700     306.46799    -306.06035
      -9.97500     308.29198    -307.89245
      -9.94300     309.78385    -309.47543
      -9.91100     310.88706    -310.59330
      -9.88000     312.31824    -311.83000
      -9.84800     314.72282    -314.00329
      -9.81600     317.82699    -317.09678
      -9.78400     321.01939    -320.35275
      -9.75200     324.28826    -323.40896
      -9.72000     327.99484    -326.68961
      -9.68800     332.03751    -330.58415
      -9.65700     335.88267    -334.66824
      -9.62500     339.04529    -338.13016
      -9.59300     341.18466    -340.52279
      -9.56100     342.42343    -341.95509
      -9.52900     343.20440    -342.84884
      -9.49700     343.75776    -343.50255
      -9.46500     344.18576    -344.00749
      -9.43400     344.65916    -344.47913
      -9.40200     345.32052    -345.06547
      -9.37000     346.29726    -345.89455
      -9.33800     347.80920    -347.15450
      -9.30600     350.17475    -349.19686
      -9.27400     353.28656    -352.20816
      -9.24200     356.24099    -355.45711
      -9.21100     358.28607    -357.88479
      -9.17900     359.43340    -359.24955
      -9.14700     360.08823    -359.94388
      -9.11500     360.88513    -360.60826
      -9.08300     362.37286    -361.88860
      -9.05100     364.52911    -363.94354
      -9.01900     366.88033    -366.34430
      -8.98800     369.19444    -368.70030
      -8.95600     371.66289    -371.12606
      -8.92400     374.40882    -373.86036
      -8.89200     377.37552    -376.88616
      -8.86000     380.28312    -379.88615
      -8.82800     382.48748    -382.22956
      -8.79600     383.61188    -383.48744
      -8.76500     384.05413    -383.90760
      -8.73300     384.55294    -383.98992
      -8.70100     385.56998    -384.01484
      -8.66900     386.91483    -384.15543
      -8.63700     388.16315    -384.78687
      -8.60500     389.34569    -386.36889
      -8.57300     390.71698    -388.75452
      -8.54200     392.49111    -391.23635
      -8.51000     394.87514    -393.53118
      -8.47800     397.70103    -395.91824
      -8.44600     400.36142    -398.52384
      -8.41400     402.49378    -401.06190
      -8.38200     404.29164    -403.27756
      -8.35000     405.90696    -405.15761
      -8.31900     407.15161    -406.63244
      -8.28700     407.99344    -407.63451
      -8.25500     408.81743    -408.42823
      -8.22300     409.89627    -409.39956
      -8.19100     411.03994    -410.50611
      -8.15900     412.19859    -411.44096
      -8.12700     413.83796    -412.26813
      -8.09600     416.10889    -413.52331
      -8.06400     418.33906    -415.60039
      -8.03200     420.08642    -418.15311
      -8.00000     421.78345    -420.61312
      -7.96800     423.74410    -422.83707
      -7.93600     425.66509    -424.77972
      -7.90400     427.32533    -426.40411
      -7.87300     428.73819    -427.82845
      -7.84100     429.88776    -429.05511
      -7.80900     430.97297    -430.06992
      -7.77700     432.47806    -431.21821
      -7.74500     434.82434    -433.06736
      -7.71300     437.87132    -435.84961
      -7.68100     440.75965    -438.93513
      -7.65000     442.89886    -441.43305
      -7.61800     444.66407    -443.41966
      -7.58600     446.69576    -445.60825
      -7.55400     449.33831    -448.36549
      -7.52200     452.41364    -451.55296
      -7.49000     455.16913    -454.54451
      -7.45800     457.06511    -456.71047
      -7.42700     458.24064    -458.04306
      -7.39500     459.07020    -458.91993
      -7.36300     459.80371    -459.63656
      -7.33100     460.63024    -460.39046
      -7.29900     461.81087    -461.45656
      -7.26700     463.47222    -463.04081
      -7.23500     465.29317    -464.91147
      -7.20400     466.74777    -466.50241
      -7.17200     467.68756    -467.51929
      -7.14000     468.53512    -468.26236
      -7.10800     469.96774    -469.41320
      -7.07600     472.15505    -471.34024
      -7.04400     474.45163    -473.53727
      -7.01200     476.37214    -475.24752
      -6.98100     478.16490    -476.59190
      -6.94900     480.07379    -478.40091
      -6.91700     482.13287    -480.88481
      -6.88500     484.82783    -483.63583
      -6.85300     489.09032    -487.13200
      -6.82100     494.72426    -492.20366
      -6.78900     499.90583    -497.86309
      -6.75800     503.44787    -502.15425
      -6.72600     505.78332    -504.78183
      -6.69400     507.72103    -506.82785
      -6.66200     509.88620    -509.11328
      -6.63000     512.40403    -511.76253
      -6.59800     514.52763    -514.12123
      -6.56600     515.62352    -515.46449
      -6.53500     515.94997    -515.91186
      -6.50300     516.02871    -515.99460
      -6.47100     516.19016    -516.00403
      -6.43900     516.72246    -516.02224
      -6.40700     517.78633    -516.15162
      -6.37500     519.16001    -516.67858
      -6.34300     520.66144    -517.95366
      -6.31200     522.66048    -520.02677
      -6.28000     525.51233    -522.83657
      -6.24800     528.63370    -526.28033
      -6.21600     530.84538    -529.45203
      -6.18400     531.76812    -531.28238
      -6.15200     531.97841    -531.88450
      -6.12000     532.00310    -531.99113
      -6.08900     532.00502    -532.00105
      -6.05700     532.01437    -532.00628
      -6.02500     532.10086    -532.05957
      -5.99300     532.50123    -532.35197
      -5.96100     533.46348    -533.17532
      -5.92900     534.71307    -534.41409
      -5.89700     535.63008    -535.43575
      -5.86600     536.15636    -535.92772
      -5.83400     536.83396    -536.23444
      -5.80200     538.04215    -536.82125
      -5.77000     539.55807    -537.81615
      -5.73800     540.83952    -538.90391
      -5.70600     541.68868    -539.68250
      -5.67400     542.40833    -540.15462
      -5.64300     543.31690    -540.64029
      -5.61100     544.39048    -541.36567
      -5.57900     545.40370    -542.35293
      -5.54700     546.29108    -543.45343
      -5.51500     547.18531    -544.54343
      -5.48300     548.06600    -545.69729
      -5.45100     548.76766    -546.91678
      -5.42000     549.28677    -547.98480
      -5.38800     549.73675    -548.75670
      -5.35600     550.20235    -549.32503
      -5.32400     550.75348    -549.87393
      -5.29200     551.48380    -550.54070
      -5.26000     552.54863    -551.40323
      -5.22800     553.98698    -552.52779
      -5.19700     555.44492    -553.88124
      -5.16500     556.59990    -555.24106
      -5.13300     557.62284    -556.54434
      -5.10100     558.67747    -557.91069
      -5.06900     559.52614    -559.10390
      -5.03700     560.03315    -559.77036
      -5.00500     560.46625    -560.02610
      -4.97400     561.04541    -560.24944
      -4.94200     561.70549    -560.64694
      -4.91000     562.37290    -561.17656
      -4.87800     563.12998    -561.73534
      -4.84600     563.99284    -562.31402
      -4.81400     564.74005    -562.99640
      -4.78200     565.20204    -563.83393
      -4.75100     565.47966    -564.65218
      -4.71900     565.77171    -565.21669
      -4.68700     566.25817    -565.55057
      -4.65500     567.00554    -565.84638
      -4.62300     567.88910    -566.31181
      -4.59100     568.77807    -567.12672
      -4.55900     569.56685    -568.22053
      -4.52800     570.12722    -569.21894
      -4.49600     570.48098    -569.86261
      -4.46400     570.77867    -570.24150
      -4.43200     571.18214    -570.57898
      -4.40000     571.84126    -571.07149
      -4.36800     572.79650    -571.83240
      -4.33600     573.98828    -572.83160
      -4.30500     575.40114    -573.96540
      -4.27300     576.95052    -575.10158
      -4.24100     578.34857    -576.16386
      -4.20900     579.31766    -577.26039
      -4.17700     579.80608    -578.40565
      -4.14500     579.96873    -579.32441
      -4.11300     580.00078    -579.81221
      -4.08200     580.00958    -579.97014
      -4.05000     580.05985    -579.99916
      -4.01800     580.28776    -580.00735
      -3.98600     580.83538    -580.05774
      -3.95400     581.58036    -580.28934
      -3.92200     582.22133    -580.85560
      -3.89000     582.68294    -581.65585
      -3.85900     583.10823    -582.41915
      -3.82700     583.59533    -583.06330
      -3.79500     584.23391    -583.63545
      -3.76300     585.22259    -584.25890
      -3.73100     586.54849    -585.23468
      -3.69900     587.89652    -586.62493
      -3.66700     589.14724    -588.11266
      -3.63600     590.33774    -589.51979
      -3.60400     591.40161    -590.78771
      -3.57200     592.42598    -591.85779
      -3.54000     593.71508    -592.96626
      -3.50800     595.42995    -594.44841
      -3.47600     597.32561    -596.29008
      -3.44400     598.86749    -598.08618
      -3.41300     599.72955    -599.32383
      -3.38100     600.17380    -599.87901
      -3.34900     600.73624    -600.12961
      -3.31700     601.66710    -600.52192
      -3.28500     602.74658    -601.26754
      -3.25300     603.54699    -602.28282
      -3.22100     603.90351    -603.22500
      -3.19000     603.99169    -603.77782
      -3.15800     604.00295    -603.96488
      -3.12600     604.00365    -603.99848
      -3.09400     604.00367    -604.00149
      -3.06200     604.00367    -604.00162
      -3.03000     604.00367    -604.00162
      -2.99800     604.00367    -604.00162
      -2.96700     604.00367    -604.00162
      -2.93500     604.00367    -604.00162
      -2.90300     604.00367    -604.00162
      -2.87100     604.00369    -604.00162
      -2.83900     604.00459    -604.00162
      -2.80700     604.02002    -604.00162
      -2.77500     604.14743    -604.00162
      -2.74400     604.66726    -604.00162
      -2.71200     605.76012    -604.00162
      -2.68000     606.98758    -604.00162
      -2.64800     607.72921    -604.00162
      -2.61600     607.96374    -604.00162
      -2.58400     608.00096    -604.00162
      -2.55200     608.00382    -604.00162
      -2.52100     608.00392    -604.00162
      -2.48900     608.00392    -604.00162
      -2.45700     608.00392    -604.00162
      -2.42500     608.00392    -604.00162
      -2.39300     608.00392    -604.00162
      -2.36100     608.00392    -604.00173
      -2.32900     608.00392    -604.00468
      -2.29800     608.00392    -604.04285
      -2.26600     608.00392    -604.28125
      -2.23400     608.00392    -605.02926
      -2.20200     608.00392    -606.25878
      -2.17000     608.00392    -607.34655
      -2.13800     608.00392    -607.86072
      -2.10600     608.00392    -607.98597
      -2.07500     608.00392    -608.00105
      -2.04300     608.00392    -608.00192
      -2.01100     608.00392    -608.00194
      -1.97900     608.00392    -608.00194
      -1.94700     608.00392    -608.00194
      -1.91500     608.00392    -608.00194
      -1.88300     608.00392    -608.00194
      -1.85200     608.00392    -608.00194
      -1.82000     608.00392    -608.00194
      -1.78800     608.00392    -608.00194
      -1.75600     608.00392    -608.00194
      -1.72400     608.00392    -608.00194
      -1.69200     608.00392    -608.00194
      -1.66000     608.00392    -608.00194
      -1.62900     608.00392    -608.00194
      -1.59700     608.00392    -608.00194
      -1.56500     608.00392    -608.00194
      -1.53300     608.00392    -608.00194
      -1.50100     608.00394    -608.00196
      -1.46900     608.00463    -608.00258
      -1.43700     608.01739    -608.01425
      -1.40600     608.12877    -608.11877
      -1.37400     608.60749    -608.57890
      -1.34200     609.66419    -609.61776
      -1.31000     610.90742    -610.86688
      -1.27800     611.69477    -611.67558
      -1.24600     611.95652    -611.95073
      -1.21400     612.00028    -611.99788
      -1.18300     612.00383    -612.00180
      -1.15100     612.00420    -612.00195
      -1.11900     612.00972    -612.00204
      -1.08700     612.07405    -612.00418
      -1.05500     612.45325    -612.03201
      -1.02300     613.63276    -612.22183
      -0.99100     615.68962    -612.94610
      -0.96000     617.92360    -614.59248
      -0.92800     619.79362    -616.96520
      -0.89600     621.34108    -619.28377
      -0.86400     622.58860    -620.99051
      -0.83200     623.43935    -622.13275
      -0.80000     623.93107    -622.96391
      -0.76800     624.28962    -623.60965
      -0.73700     624.71204    -624.11777
      -0.70500     625.22399    -624.54338
      -0.67300     625.88757    -624.93969
      -0.64100     626.85906    -625.38999
      -0.60900     628.09289    -626.00372
      -0.57700     629.32337    -626.86800
      -0.54500     630.41018    -628.10693
      -0.51400     631.28131    -629.67334
      -0.48200     631.79173    -631.04495
      -0.45000     631.97979    -631.76429
      -0.41800     632.09880    -631.99075
      -0.38600     632.45588    -632.16069
      -0.35400     633.27525    -632.67410
      -0.32200     634.51115    -633.75390
      -0.29100     636.02118    -635.26727
      -0.25900     637.69113    -636.94997
      -0.22700     639.18842    -638.50030
      -0.19500     640.33878    -639.54107
      -0.16300     641.41460    -640.10845
      -0.13100     642.50045    -640.69940
      -0.09900     643.35040    -641.57117
      -0.06800     643.88225    -642.53835
      -0.03600     644.38655    -643.48913
      -0.00400     645.27250    -644.60508
       0.02800     646.47957    -645.94165
       0.06000     647.44834    -647.12084
       0.09200     647.88455    -647.76659
       0.12400     647.99012    -647.96675
       0.15500     648.00319    -647.99953
       0.18700     648.00399    -648.00221
       0.21900     648.00418    -648.00232
       0.25100     648.00773    -648.00233
       0.28300     648.04456    -648.00253
       0.31500     648.23457    -648.00668
       0.34700     648.75002    -648.04804
       0.37800     649.54565    -648.25492
       0.41000     650.35339    -648.81370
       0.44200     651.09853    -649.72434
       0.47400     651.92012    -650.79872
       0.50600     652.85625    -651.98078
       0.53800     653.89113    -653.33742
       0.57000     655.04834    -654.79281
       0.60100     656.23470    -656.10612
       0.63300     657.36388    -657.11584
       0.66500     658.67352    -658.06709
       0.69700     660.30254    -659.39872
       0.72900     661.84650    -661.00225
       0.76100     663.01088    -662.36653
       0.79300     664.10183    -663.44474
       0.82400     665.68433    -664.73671
       0.85600     668.16521    -666.85505
       0.88800     671.42738    -670.09620
       0.92000     674.73686    -673.84738
       0.95200     677.37384    -676.97320
       0.98400     679.37144    -679.16992
       1.01600     681.40409    -681.15207
       1.04700     683.96812    -683.60555
       1.07900     686.70465    -686.32583
       1.11100     688.95695    -688.63532
       1.14300     690.70702    -690.40689
       1.17500     692.37379    -692.02412
       1.20700     694.26993    -693.84508
       1.23900     696.41790    -695.95896
       1.27000     698.70715    -698.24487
       1.30200     701.00246    -700.53875
       1.33400     703.09866    -702.63957
       1.36600     704.97027    -704.50863
       1.39800     706.75348    -706.28865
       1.43000     708.47408    -708.02662
       1.46200     710.02314    -709.64671
       1.49300     711.30730    -711.03823
       1.52500     712.52281    -712.30392
       1.55700     713.93982    -713.71153
       1.58900     715.46323    -715.23940
       1.62100     716.92212    -716.70976
       1.65300     718.41129    -718.17535
       1.68500     720.07359    -719.79927
       1.71600     721.87352    -721.58503
       1.74800     723.67011    -723.33956
       1.78000     725.43117    -724.87141
       1.81200     727.27539    -726.17931
       1.84400     729.33607    -727.43703
       1.87600     731.67613    -728.91568
       1.90800     734.16147    -730.81468
       1.93900     736.43655    -733.02223
       1.97100     738.26229    -735.22547
       2.00300     739.72182    -737.23852
       2.03500     741.00837    -739.06091
       2.06700     742.25096    -740.73389
       2.09900     743.60410    -742.35940
       2.13100     745.22849    -744.13528
       2.16200     747.11221    -746.13655
       2.19400     749.13020    -748.22702
       2.22600     751.30588    -750.37291
       2.25800     753.81655    -752.80744
       2.29000     756.58716    -755.55815
       2.32200     759.28817    -758.26489
       2.35400     761.87275    -760.79833
       2.38500     764.54620    -763.39756
       2.41700     767.36269    -766.21262
       2.44900     770.25883    -769.21053
       2.48100     773.17392    -772.26946
       2.51300     776.02099    -775.21131
       2.54500     778.78476    -777.97524
       2.57700     781.58771    -780.70030
       2.60800     784.46426    -783.45945
       2.64000     787.30289    -786.17161
       2.67200     790.05567    -788.83312
       2.70400     792.72466    -791.48666
       2.73600     795.32245    -794.12300
       2.76800     797.93410    -796.76619
       2.80000     800.64499    -799.45923
       2.83100     803.41306    -802.18987
       2.86300     806.09687    -804.88355
       2.89500     808.61390    -807.46112
       2.92700     811.02214    -809.91412
       2.95900     813.43405    -812.31535
       2.99100     815.89581    -814.75736
       3.02300     818.38370    -817.25959
       3.05400     820.85645    -819.77630
       3.08600     823.30818    -822.28617
       3.11800     825.75417    -824.75621
       3.15000     828.14824    -827.11125
       3.18200     830.42220    -829.33584
       3.21400     832.63341    -831.52745
       3.24600     834.93525    -833.79903
       3.27700     837.35830    -836.14945
       3.30900     839.78104    -838.50863
       3.34100     842.10231    -840.83644
       3.37300     844.30094    -843.09638
       3.40500     846.37994    -845.25391
       3.43700     848.33246    -847.32877
       3.46900     850.17492    -849.36062
       3.50000     851.99811    -851.36794
       3.53200     853.93582    -853.39549
       3.56400     856.06627    -855.51511
       3.59600     858.35807    -857.74829
       3.62800     860.70642    -860.03420
       3.66000     862.99170    -862.29925
       3.69200     865.14413    -864.52909
       3.72300     867.19605    -866.73727
       3.75500     869.24271    -868.92904
       3.78700     871.34974    -871.08530
       3.81900     873.51507    -873.17019
       3.85100     875.70685    -875.21685
       3.88300     877.91327    -877.33599
       3.91500     880.14168    -879.56838
       3.94600     882.33824    -881.82212
       3.97800     884.42281    -883.98331
       4.01000     886.41197    -886.00034
       4.04200     888.35988    -887.90094
       4.07400     890.27895    -889.76172
       4.10600     892.13368    -891.62074
       4.13800     893.87308    -893.43453
       4.16900     895.50257    -895.15179
       4.20100     897.06214    -896.77539
       4.23300     898.60371    -898.32285
       4.26500     900.18478    -899.83002
       4.29700     901.78624    -901.36776
       4.32900     903.34374    -902.97320
       4.36100     904.85456    -904.60588
       4.39200     906.33958    -906.17501
       4.42400     907.77332    -907.61686
       4.45600     909.11769    -908.95343
       4.48800     910.39819    -910.23648
       4.52000     911.67056    -911.48847
       4.55200     912.92127    -912.73727
       4.58400     914.11082    -914.01251
       4.61500     915.26102    -915.29317
       4.64700     916.40135    -916.52970
       4.67900     917.50345    -917.69153
       4.71100     918.53196    -918.76671
       4.74300     919.49277    -919.74186
       4.77500     920.41105    -920.59786
       4.80700     921.29206    -921.33934
       4.83800     922.10458    -922.00707
       4.87000     922.82710    -922.64437
       4.90200     923.48798    -923.27195
       4.93400     924.11971    -923.88919
       4.96600     924.71480    -924.48157
       4.99800     925.24968    -925.03907
       5.03000     925.72945    -925.55818
       5.06100     926.18389    -926.02266
       5.09300     926.62177    -926.42327
       5.12500     927.02221    -926.77338
       5.15700     927.35710    -927.09034
       5.18900     927.60275    -927.38096
       5.22100     927.75630    -927.62218
       5.25300     927.84582    -927.78516
       5.28400     927.90615    -927.88126
       5.31600     927.95085    -927.94042
       5.34800     927.97995    -927.97686
       5.38000     927.99572    -927.99526
       5.41200     928.00231    -928.00185
       5.44400     928.00407    -928.00332
       5.47600     928.00432    -928.00350
       5.50700     928.00434    -928.00351
       5.53900     928.00434    -928.00351
       5.57100     928.00434    -928.00351
       5.60300     928.00434    -928.00351
       5.63500     928.00434    -928.00351
       5.66700     928.00434    -928.00351
       5.69900     928.00434    -928.00351
       5.73000     928.00434    -928.00351
       5.76200     928.00434    -928.00351
       5.79400     928.00434    -928.00351
       5.82600     928.00434    -928.00351
       5.85800     928.00434    -928.00351
       5.89000     928.00434    -928.00351
       5.92200     928.00434    -928.00351
       5.95300     928.00434    -928.00351
       5.98500     928.00434    -928.00351
       6.01700     928.00434    -928.00351
       6.04900     928.00434    -928.00351
       6.08100     928.00434    -928.00351
       6.11300     928.00434    -928.00351
       6.14500     928.00434    -928.00351
       6.17600     928.00434    -928.00351
       6.20800     928.00434    -928.00351
       6.24000     928.00434    -928.00351
       6.27200     928.00434    -928.00351
       6.30400     928.00434    -928.00351
       6.33600     928.00434    -928.00351
       6.36800     928.00434    -928.00351
       6.39900     928.00434    -928.00351
       6.43100     928.00434    -928.00351
       6.46300     928.00434    -928.00351
       6.49500     928.00434    -928.00351
       6.52700     928.00434    -928.00351
       6.55900     928.00434    -928.00351
       6.59100     928.00434    -928.00351
       6.62200     928.00434    -928.00351
       6.65400     928.00434    -928.00351
       6.68600     928.00434    -928.00351
       6.71800     928.00434    -928.00351
       6.75000     928.00434    -928.00351
       6.78200     928.00434    -928.00351
