      #Energy        TDOS-UP        TDOS-DOWN
     -20.80101       0.00000       0.00000
     -20.77101       0.00000       0.00000
     -20.74001       0.00000       0.00000
     -20.70901       0.00000       0.00000
     -20.67801       0.00000       0.00000
     -20.64701       0.00000       0.00000
     -20.61601       0.00000       0.00000
     -20.58501       0.00000       0.00000
     -20.55401       0.00000       0.00000
     -20.52301       0.00000       0.00000
     -20.49201       0.00000       0.00000
     -20.46101       0.00000       0.00000
     -20.43001       0.00000       0.00000
     -20.39901       0.00000       0.00000
     -20.36801       0.00000       0.00000
     -20.33701       0.00000       0.00000
     -20.30601       0.00000       0.00000
     -20.27501       0.00000       0.00000
     -20.24401       0.00000       0.00000
     -20.21301       0.00000       0.00000
     -20.18201       0.00000       0.00000
     -20.15101       0.00000       0.00000
     -20.12001       0.00000       0.00000
     -20.09001       0.00000       0.00000
     -20.05901       0.00000       0.00000
     -20.02801       0.00000       0.00000
     -19.99701       0.00000       0.00000
     -19.96601       0.00000       0.00000
     -19.93501       0.00000       0.00000
     -19.90401       0.00000       0.00000
     -19.87301       0.00000       0.00000
     -19.84201       0.00000       0.00000
     -19.81101       0.00000       0.00000
     -19.78001       0.00000       0.00000
     -19.74901       0.00000       0.00000
     -19.71801       0.00000       0.00000
     -19.68701       0.00000      -0.00000
     -19.65601       0.00000      -0.00000
     -19.62501       0.00000      -0.00000
     -19.59401       0.00000      -0.00000
     -19.56301       0.00013      -0.00013
     -19.53201       0.00696      -0.00696
     -19.50101       0.17190      -0.17190
     -19.47001       2.03600      -2.03600
     -19.43901      11.65000     -11.65000
     -19.40901      32.31000     -32.31000
     -19.37801      43.63000     -43.63000
     -19.34701      28.70000     -28.70000
     -19.31601       9.18600      -9.18600
     -19.28501       1.42500      -1.42500
     -19.25401       0.10660      -0.10660
     -19.22301       0.00383      -0.00383
     -19.19201       0.00008      -0.00008
     -19.16101       0.00102      -0.00102
     -19.13001       0.03670      -0.03670
     -19.09901       0.63200      -0.63200
     -19.06801       5.23800      -5.23800
     -19.03701      21.01000     -21.01000
     -19.00601      40.95000     -40.95000
     -18.97501      38.88000     -38.88000
     -18.94401      17.98000     -17.98000
     -18.91301       4.03800      -4.03800
     -18.88201       0.43860      -0.43860
     -18.85101       0.02291      -0.02291
     -18.82001       0.00057      -0.00057
     -18.78901       0.00001      -0.00001
     -18.75801       0.00000      -0.00000
     -18.72801       0.00000      -0.00000
     -18.69701       0.00000      -0.00000
     -18.66601       0.00000      -0.00000
     -18.63501       0.00000      -0.00000
     -18.60401       0.00000      -0.00000
     -18.57301       0.00002      -0.00002
     -18.54201       0.00129      -0.00129
     -18.51101       0.03513      -0.03513
     -18.48001       0.48400      -0.48400
     -18.44901       3.47700      -3.47700
     -18.41801      13.58000     -13.58000
     -18.38701      30.62000     -30.62000
     -18.35601      44.12000     -44.12000
     -18.32501      46.93000     -46.93000
     -18.29401      40.72000     -40.72000
     -18.26301      34.18000     -34.18000
     -18.23201      40.11000     -40.11000
     -18.20101      50.83000     -50.83000
     -18.17001      45.49000     -45.49000
     -18.13901      25.86000     -25.86000
     -18.10801      10.14000     -10.14000
     -18.07701       8.83900      -8.83900
     -18.04701      23.62000     -23.62000
     -18.01601      41.61000     -41.61000
     -17.98501      43.58000     -43.58000
     -17.95401      35.84000     -35.84000
     -17.92301      31.25000     -31.25000
     -17.89201      29.06000     -29.06000
     -17.86101      24.71000     -24.71000
     -17.83001      14.85000     -14.85000
     -17.79901       5.15500      -5.15500
     -17.76801       0.93840      -0.93840
     -17.73701       0.11880      -0.11880
     -17.70601       0.61070      -0.61070
     -17.67501       5.49600      -5.49600
     -17.64401      24.77000     -24.77000
     -17.61301      55.61000     -55.61000
     -17.58201      62.31000     -62.31000
     -17.55101      36.24000     -36.24000
     -17.52001      18.22000     -18.22000
     -17.48901      23.91000     -23.91000
     -17.45801      32.86000     -32.86000
     -17.42701      33.02000     -33.02000
     -17.39601      32.88000     -32.88000
     -17.36601      30.61000     -30.61000
     -17.33501      20.98000     -20.98000
     -17.30401      13.69000     -13.69000
     -17.27301      17.76000     -17.76000
     -17.24201      29.58000     -29.58000
     -17.21101      39.99000     -39.99000
     -17.18001      43.28000     -43.28000
     -17.14901      35.87000     -35.87000
     -17.11801      23.94000     -23.94000
     -17.08701      18.90000     -18.90000
     -17.05601      19.34000     -19.34000
     -17.02501      16.01000     -16.01000
     -16.99401       7.90900      -7.90900
     -16.96301       2.58600      -2.58600
     -16.93201       4.56600      -4.56600
     -16.90101      17.65000     -17.65000
     -16.87001      37.30000     -37.30000
     -16.83901      40.35000     -40.35000
     -16.80801      22.10000     -22.10000
     -16.77701       6.06500      -6.06500
     -16.74601       0.82550      -0.82550
     -16.71501       0.05523      -0.05523
     -16.68501       0.00205      -0.00205
     -16.65401       0.00779      -0.00779
     -16.62301       0.11820      -0.11820
     -16.59201       0.89540      -0.89540
     -16.56101       3.46900      -3.46900
     -16.53001       7.22100      -7.22100
     -16.49901       9.00600      -9.00600
     -16.46801       8.85900      -8.85900
     -16.43701      10.96000     -10.96000
     -16.40601      17.16000     -17.16000
     -16.37501      24.11000     -24.11000
     -16.34401      29.42000     -29.42000
     -16.31301      30.49000     -30.49000
     -16.28201      23.35000     -23.35000
     -16.25101      14.17000     -14.17000
     -16.22001       8.57500      -8.57500
     -16.18901       4.38500      -4.38500
     -16.15801       1.38400      -1.38400
     -16.12701       0.28820      -0.28820
     -16.09601       0.86140      -0.86140
     -16.06501       6.37600      -6.37600
     -16.03401      24.38000     -24.38000
     -16.00401      50.40000     -50.40000
     -15.97301      64.77000     -64.77000
     -15.94201      59.21000     -59.21000
     -15.91101      38.11000     -38.11000
     -15.88001      21.72000     -21.72000
     -15.84901      28.58000     -28.58000
     -15.81801      47.30000     -47.30000
     -15.78701      52.42000     -52.42000
     -15.75601      37.19000     -37.19000
     -15.72501      16.33000     -16.33000
     -15.69401       4.49400      -4.49400
     -15.66301       3.22700      -3.22700
     -15.63201      10.30000     -10.30000
     -15.60101      25.62000     -25.62000
     -15.57001      40.71000     -40.71000
     -15.53901      42.34000     -42.34000
     -15.50801      38.33000     -38.33000
     -15.47701      37.42000     -37.42000
     -15.44601      33.39000     -33.39000
     -15.41501      29.22000     -29.22000
     -15.38401      27.99000     -27.99000
     -15.35301      22.40000     -22.40000
     -15.32301      13.25000     -13.25000
     -15.29201      11.67000     -11.67000
     -15.26101      20.12000     -20.12000
     -15.23001      30.05000     -30.05000
     -15.19901      33.09000     -33.09000
     -15.16801      32.68000     -32.68000
     -15.13701      30.04000     -30.04000
     -15.10601      23.65000     -23.65000
     -15.07501      18.96000     -18.96000
     -15.04401      21.22000     -21.22000
     -15.01301      36.84000     -36.84000
     -14.98201      61.68000     -61.68000
     -14.95101      67.98000     -67.98000
     -14.92001      50.73000     -50.73000
     -14.88901      33.54000     -33.54000
     -14.85801      23.22000     -23.22000
     -14.82701      16.17000     -16.17000
     -14.79601      14.58000     -14.58000
     -14.76501      22.03000     -22.03000
     -14.73401      32.24000     -32.24000
     -14.70301      37.70000     -37.70000
     -14.67201      43.88000     -43.88000
     -14.64201      52.63000     -52.63000
     -14.61101      51.89000     -51.89000
     -14.58001      38.38000     -38.38000
     -14.54901      22.15000     -22.15000
     -14.51801      10.46000     -10.46000
     -14.48701       7.52800      -7.52800
     -14.45601      14.09000     -14.09000
     -14.42501      25.13000     -25.13000
     -14.39401      34.66000     -34.66000
     -14.36301      44.37000     -44.37000
     -14.33201      52.75000     -52.75000
     -14.30101      49.94000     -49.94000
     -14.27001      36.53000     -36.53000
     -14.23901      24.62000     -24.62000
     -14.20801      20.39000     -20.39000
     -14.17701      19.04000     -19.04000
     -14.14601      19.02000     -19.02000
     -14.11501      22.32000     -22.32000
     -14.08401      26.43000     -26.43000
     -14.05301      27.85000     -27.85000
     -14.02201      23.35000     -23.35000
     -13.99101      19.13000     -19.13000
     -13.96101      25.65000     -25.65000
     -13.93001      41.68000     -41.68000
     -13.89901      53.45000     -53.45000
     -13.86801      48.41000     -48.41000
     -13.83701      34.45000     -34.45000
     -13.80601      25.91000     -25.91000
     -13.77501      22.93000     -22.93000
     -13.74401      17.44000     -17.44000
     -13.71301       9.39800      -9.39800
     -13.68201       4.95000      -4.95000
     -13.65101       4.27600      -4.27600
     -13.62001       4.76000      -4.76000
     -13.58901       4.67500      -4.67500
     -13.55801       3.75200      -3.75200
     -13.52701       3.07700      -3.07700
     -13.49601       2.58100      -2.58100
     -13.46501       1.52900      -1.52900
     -13.43401       0.50900      -0.50900
     -13.40301       0.08962      -0.08962
     -13.37201       0.05936      -0.05936
     -13.34101       0.70390      -0.70390
     -13.31001       4.68300      -4.68300
     -13.28001      15.55000     -15.55000
     -13.24901      26.65000     -26.65000
     -13.21801      25.85000     -25.85000
     -13.18701      18.20000     -18.20000
     -13.15601      13.68000     -13.68000
     -13.12501      11.51000     -11.51000
     -13.09401      10.65000     -10.65000
     -13.06301      15.01000     -15.01000
     -13.03201      23.70000     -23.70000
     -13.00101      31.14000     -31.14000
     -12.97001      35.68000     -35.68000
     -12.93901      35.15000     -35.15000
     -12.90801      31.96000     -31.96000
     -12.87701      31.98000     -31.98000
     -12.84601      35.89000     -35.89000
     -12.81501      41.69000     -41.69000
     -12.78401      43.51000     -43.51000
     -12.75301      38.25000     -38.25000
     -12.72201      28.98000     -28.98000
     -12.69101      23.49000     -23.49000
     -12.66001      24.54000     -24.54000
     -12.62901      25.46000     -25.46000
     -12.59901      22.49000     -22.49000
     -12.56801      21.70000     -21.70000
     -12.53701      26.54000     -26.54000
     -12.50601      32.61000     -32.61000
     -12.47501      35.64000     -35.64000
     -12.44401      34.89000     -34.89000
     -12.41301      31.97000     -31.97000
     -12.38201      31.51000     -31.51000
     -12.35101      38.04000     -38.04000
     -12.32001      46.75000     -46.75000
     -12.28901      45.80000     -45.80000
     -12.25801      35.49000     -35.49000
     -12.22701      29.18000     -29.18000
     -12.19601      29.54000     -29.54000
     -12.16501      25.05000     -25.05000
     -12.13401      14.58000     -14.58000
     -12.10301      11.27000     -11.27000
     -12.07201      19.17000     -19.17000
     -12.04101      27.20000     -27.20000
     -12.01001      30.41000     -30.41000
     -11.97901      34.81000     -34.81000
     -11.94801      40.07000     -40.07000
     -11.91801      39.01000     -39.01000
     -11.88701      28.12000     -28.12000
     -11.85601      17.73000     -17.73000
     -11.82501      16.55000     -16.55000
     -11.79401      17.57000     -17.57000
     -11.76301      14.50000     -14.50000
     -11.73201      10.53000     -10.53000
     -11.70101       8.48300      -8.48300
     -11.67001       6.59000      -6.59000
     -11.63901       4.94500      -4.94500
     -11.60801       7.82600      -7.82600
     -11.57701      14.20000     -14.20000
     -11.54601      15.96000     -15.96000
     -11.51501      11.75000     -11.75000
     -11.48401       8.88300      -8.88300
     -11.45301      12.07000     -12.07000
     -11.42201      22.17000     -22.17000
     -11.39101      35.74000     -35.74000
     -11.36001      40.67000     -40.67000
     -11.32901      33.01000     -33.01000
     -11.29801      26.62000     -26.62000
     -11.26701      28.07000     -28.07000
     -11.23701      35.18000     -35.18000
     -11.20601      41.45000     -41.45000
     -11.17501      40.37000     -40.37000
     -11.14401      35.90000     -35.90000
     -11.11301      31.13000     -31.13000
     -11.08201      25.34000     -25.34000
     -11.05101      19.83000     -19.83000
     -11.02001      18.13000     -18.13000
     -10.98901      23.32000     -23.32000
     -10.95801      30.49000     -30.49000
     -10.92701      32.83000     -32.83000
     -10.89601      27.92000     -27.92000
     -10.86501      18.30000     -18.30000
     -10.83401      12.67000     -12.67000
     -10.80301      16.52000     -16.52000
     -10.77201      25.80000     -25.80000
     -10.74101      32.49000     -32.49000
     -10.71001      42.16000     -42.16000
     -10.67901      55.71000     -55.71000
     -10.64801      55.60000     -55.60000
     -10.61701      44.79000     -44.79000
     -10.58601      39.79000     -39.79000
     -10.55601      39.09000     -39.09000
     -10.52501      35.31000     -35.31000
     -10.49401      26.62000     -26.62000
     -10.46301      17.50000     -17.50000
     -10.43201      11.18000     -11.18000
     -10.40101       7.69100      -7.69100
     -10.37001       7.63900      -7.63900
     -10.33901      13.30000     -13.30000
     -10.30801      26.32000     -26.32000
     -10.27701      38.22000     -38.22000
     -10.24601      39.17000     -39.17000
     -10.21501      37.60000     -37.60000
     -10.18401      39.38000     -39.38000
     -10.15301      39.17000     -39.17000
     -10.12201      35.48000     -35.48000
     -10.09101      26.45000     -26.45000
     -10.06001      13.24000     -13.24000
     -10.02901       4.98000      -4.98000
      -9.99801       7.39400      -7.39400
      -9.96701      20.29000     -20.29000
      -9.93601      37.05000     -37.05000
      -9.90501      49.16000     -49.16000
      -9.87501      52.00000     -52.00000
      -9.84401      41.98000     -41.98000
      -9.81301      25.95000     -25.95000
      -9.78201      16.02000     -16.02000
      -9.75101      16.20000     -16.20000
      -9.72001      24.00000     -24.00000
      -9.68901      33.76000     -33.76000
      -9.65801      39.49000     -39.49000
      -9.62701      41.14000     -41.14000
      -9.59601      45.17000     -45.17000
      -9.56501      51.93000     -51.93000
      -9.53401      54.91000     -54.91000
      -9.50301      49.91000     -49.91000
      -9.47201      39.63000     -39.63000
      -9.44101      32.20000     -32.20000
      -9.41001      29.14000     -29.14000
      -9.37901      28.34000     -28.34000
      -9.34801      29.15000     -29.15000
      -9.31701      26.84000     -26.84000
      -9.28601      25.89000     -25.89000
      -9.25501      34.22000     -34.22000
      -9.22401      47.86000     -47.86000
      -9.19401      58.16000     -58.16000
      -9.16301      54.21000     -54.21000
      -9.13201      38.03000     -38.03000
      -9.10101      24.83000     -24.83000
      -9.07001      17.21000     -17.21000
      -9.03901      13.45000     -13.45000
      -9.00801      13.69000     -13.69000
      -8.97701      12.97000     -12.97000
      -8.94601      10.99000     -10.99000
      -8.91501      11.03000     -11.03000
      -8.88401      14.04000     -14.04000
      -8.85301      18.48000     -18.48000
      -8.82201      19.01000     -19.01000
      -8.79101      14.37000     -14.37000
      -8.76001      11.18000     -11.18000
      -8.72901      13.01000     -13.01000
      -8.69801      18.45000     -18.45000
      -8.66701      24.14000     -24.14000
      -8.63601      28.80000     -28.80000
      -8.60501      33.40000     -33.40000
      -8.57401      39.46000     -39.46000
      -8.54301      48.43000     -48.43000
      -8.51301      58.17000     -58.17000
      -8.48201      62.94000     -62.94000
      -8.45101      58.04000     -58.04000
      -8.42001      47.01000     -47.01000
      -8.38901      36.76000     -36.76000
      -8.35801      34.47000     -34.47000
      -8.32701      39.16000     -39.16000
      -8.29601      40.59000     -40.59000
      -8.26501      35.21000     -35.21000
      -8.23401      32.53000     -32.53000
      -8.20301      37.63000     -37.63000
      -8.17201      38.42000     -38.42000
      -8.14101      29.75000     -29.75000
      -8.11001      23.81000     -23.81000
      -8.07901      27.42000     -27.42000
      -8.04801      34.13000     -34.13000
      -8.01701      40.33000     -40.33000
      -7.98601      53.47000     -53.47000
      -7.95501      75.94000     -75.94000
      -7.92401      90.55000     -90.55000
      -7.89301      82.51000     -82.51000
      -7.86201      64.15000     -64.15000
      -7.83201      52.59000     -52.59000
      -7.80101      48.82000     -48.82000
      -7.77001      50.63000     -50.63000
      -7.73901      52.27000     -52.27000
      -7.70801      47.51000     -47.51000
      -7.67701      38.69000     -38.69000
      -7.64601      30.75000     -30.75000
      -7.61501      28.23000     -28.23000
      -7.58401      29.03000     -29.03000
      -7.55301      30.89000     -30.89000
      -7.52201      34.18000     -34.18000
      -7.49101      37.10000     -37.10000
      -7.46001      36.56000     -36.56000
      -7.42901      28.89000     -28.89000
      -7.39801      26.16000     -26.16000
      -7.36701      38.29000     -38.29000
      -7.33601      42.22000     -42.22000
      -7.30501      26.05000     -26.05000
      -7.27401      13.99000     -13.99000
      -7.24301      16.74000     -16.74000
      -7.21201      22.63000     -22.63000
      -7.18101      23.56000     -23.56000
      -7.15101      23.76000     -23.76000
      -7.12001      30.60000     -30.60000
      -7.08901      40.91000     -40.91000
      -7.05801      48.84000     -48.84000
      -7.02701      58.35000     -58.35000
      -6.99601      68.85000     -68.85000
      -6.96501      62.72000     -62.72000
      -6.93401      38.11000     -38.11000
      -6.90301      19.36000     -19.36000
      -6.87201      17.51000     -17.51000
      -6.84101      24.39000     -24.39000
      -6.81001      29.67000     -29.67000
      -6.77901      31.26000     -31.26000
      -6.74801      31.18000     -31.18000
      -6.71701      33.04000     -33.04000
      -6.68601      39.05000     -39.05000
      -6.65501      39.38000     -39.38000
      -6.62401      33.81000     -33.81000
      -6.59301      31.12000     -31.12000
      -6.56201      31.19000     -31.19000
      -6.53101      33.95000     -33.95000
      -6.50001      50.61000     -50.61000
      -6.47001      84.85000     -84.85000
      -6.43901     106.90000    -106.90000
      -6.40801     101.50000    -101.50000
      -6.37701      96.15000     -96.15000
      -6.34601      98.47000     -98.47000
      -6.31501      92.56000     -92.56000
      -6.28401      88.21000     -88.21000
      -6.25301      86.76000     -86.76000
      -6.22201      71.51000     -71.51000
      -6.19101      53.73000     -53.73000
      -6.16001      54.48000     -54.48000
      -6.12901      70.15000     -70.15000
      -6.09801      82.37000     -82.37000
      -6.06701      86.24000     -86.24000
      -6.03601      87.31000     -87.31000
      -6.00501      79.62000     -79.62000
      -5.97401      69.29000     -69.29000
      -5.94301      69.92000     -69.92000
      -5.91201      74.79000     -74.79000
      -5.88101      80.39000     -80.39000
      -5.85001     100.40000    -100.40000
      -5.81901     137.60000    -137.60000
      -5.78901     154.60000    -154.60000
      -5.75801     118.60000    -118.60000
      -5.72701      67.75000     -67.75000
      -5.69601      45.82000     -45.82000
      -5.66501      50.99000     -50.99000
      -5.63401      62.26000     -62.26000
      -5.60301      64.95000     -64.95000
      -5.57201      58.53000     -58.53000
      -5.54101      49.87000     -49.87000
      -5.51001      46.30000     -46.30000
      -5.47901      48.23000     -48.23000
      -5.44801      55.22000     -55.22000
      -5.41701      74.52000     -74.52000
      -5.38601     107.70000    -107.70000
      -5.35501     126.90000    -126.90000
      -5.32401     118.10000    -118.10000
      -5.29301     113.80000    -113.80000
      -5.26201     114.70000    -114.70000
      -5.23101      96.45000     -96.45000
      -5.20001      71.71000     -71.71000
      -5.16901      64.49000     -64.49000
      -5.13801      95.66000     -95.66000
      -5.10801     146.50000    -146.50000
      -5.07701     148.40000    -148.40000
      -5.04601      96.16000     -96.16000
      -5.01501      49.08000     -49.08000
      -4.98401      29.56000     -29.56000
      -4.95301      25.67000     -25.67000
      -4.92201      32.07000     -32.07000
      -4.89101      46.58000     -46.58000
      -4.86001      58.03000     -58.03000
      -4.82901      62.44000     -62.44000
      -4.79801      63.08000     -63.08000
      -4.76701      54.18000     -54.18000
      -4.73601      46.50000     -46.50000
      -4.70501      54.34000     -54.34000
      -4.67401      59.38000     -59.38000
      -4.64301      45.36000     -45.36000
      -4.61201      28.63000     -28.63000
      -4.58101      27.98000     -27.98000
      -4.55001      40.98000     -40.98000
      -4.51901      52.49000     -52.49000
      -4.48801      52.54000     -52.54000
      -4.45701      45.76000     -45.76000
      -4.42701      40.31000     -40.31000
      -4.39601      39.21000     -39.21000
      -4.36501      44.71000     -44.71000
      -4.33401      50.81000     -50.81000
      -4.30301      51.18000     -51.18000
      -4.27201      42.00000     -42.00000
      -4.24101      29.87000     -29.87000
      -4.21001      28.93000     -28.93000
      -4.17901      36.15000     -36.15000
      -4.14801      45.29000     -45.29000
      -4.11701      58.48000     -58.48000
      -4.08601      63.73000     -63.73000
      -4.05501      56.39000     -56.39000
      -4.02401      58.15000     -58.15000
      -3.99301      70.56000     -70.56000
      -3.96201      66.88000     -66.88000
      -3.93101      45.56000     -45.56000
      -3.90001      37.56000     -37.56000
      -3.86901      55.38000     -55.38000
      -3.83801      85.59000     -85.59000
      -3.80701     114.70000    -114.70000
      -3.77601     127.40000    -127.40000
      -3.74601     111.30000    -111.30000
      -3.71501      83.87000     -83.87000
      -3.68401      67.83000     -67.83000
      -3.65301      68.21000     -68.21000
      -3.62201      88.60000     -88.60000
      -3.59101     117.30000    -117.30000
      -3.56001     132.50000    -132.50000
      -3.52901     135.40000    -135.40000
      -3.49801     126.20000    -126.20000
      -3.46701      90.95000     -90.95000
      -3.43601      47.91000     -47.91000
      -3.40501      25.70000     -25.70000
      -3.37401      17.21000     -17.21000
      -3.34301      11.64000     -11.64000
      -3.31201      14.08000     -14.08000
      -3.28101      22.13000     -22.13000
      -3.25001      28.08000     -28.08000
      -3.21901      35.02000     -35.02000
      -3.18801      45.51000     -45.51000
      -3.15701      50.71000     -50.71000
      -3.12601      40.06000     -40.06000
      -3.09501      23.65000     -23.65000
      -3.06501      21.41000     -21.41000
      -3.03401      35.89000     -35.89000
      -3.00301      53.23000     -53.23000
      -2.97201      56.43000     -56.43000
      -2.94101      42.92000     -42.92000
      -2.91001      27.06000     -27.06000
      -2.87901      21.66000     -21.66000
      -2.84801      25.11000     -25.11000
      -2.81701      28.10000     -28.10000
      -2.78601      27.38000     -27.38000
      -2.75501      30.09000     -30.09000
      -2.72401      35.37000     -35.37000
      -2.69301      33.43000     -33.43000
      -2.66201      29.38000     -29.38000
      -2.63101      31.81000     -31.81000
      -2.60001      34.74000     -34.74000
      -2.56901      36.24000     -36.24000
      -2.53801      38.81000     -38.81000
      -2.50701      37.41000     -37.41000
      -2.47601      29.38000     -29.38000
      -2.44501      19.19000     -19.19000
      -2.41401      11.32000     -11.32000
      -2.38401      10.59000     -10.59000
      -2.35301      18.68000     -18.68000
      -2.32201      29.03000     -29.03000
      -2.29101      34.05000     -34.05000
      -2.26001      33.38000     -33.38000
      -2.22901      27.35000     -27.35000
      -2.19801      19.32000     -19.32000
      -2.16701      17.16000     -17.16000
      -2.13601      20.80000     -20.80000
      -2.10501      24.96000     -24.96000
      -2.07401      27.75000     -27.75000
      -2.04301      28.01000     -28.01000
      -2.01201      23.11000     -23.11000
      -1.98101      16.33000     -16.33000
      -1.95001      15.19000     -15.19000
      -1.91901      21.46000     -21.46000
      -1.88801      26.15000     -26.15000
      -1.85701      24.12000     -24.12000
      -1.82601      21.78000     -21.78000
      -1.79501      22.06000     -22.06000
      -1.76401      23.27000     -23.27000
      -1.73301      26.03000     -26.03000
      -1.70301      30.26000     -30.26000
      -1.67201      37.22000     -37.22000
      -1.64101      55.78000     -55.78000
      -1.61001      70.04000     -70.04000
      -1.57901      50.53000     -50.53000
      -1.54801      18.64000     -18.64000
      -1.51701       3.45800      -3.45800
      -1.48601       1.12500      -1.12500
      -1.45501       6.38800      -6.38800
      -1.42401      25.84000     -25.84000
      -1.39301      55.69000     -55.69000
      -1.36201      68.48000     -68.48000
      -1.33101      54.77000     -54.77000
      -1.30001      33.93000     -33.93000
      -1.26901      22.49000     -22.49000
      -1.23801      20.25000     -20.25000
      -1.20701      18.67000     -18.67000
      -1.17601      16.42000     -16.42000
      -1.14501      17.51000     -17.51000
      -1.11401      20.30000     -20.30000
      -1.08301      19.97000     -19.97000
      -1.05201      16.73000     -16.73000
      -1.02201      12.46000     -12.46000
      -0.99101       8.17600      -8.17600
      -0.96001       5.85400      -5.85400
      -0.92901       9.75400      -9.75400
      -0.89801      21.72000     -21.72000
      -0.86701      31.98000     -31.98000
      -0.83601      31.81000     -31.81000
      -0.80501      31.67000     -31.67000
      -0.77401      38.39000     -38.39000
      -0.74301      43.91000     -43.91000
      -0.71201      49.06000     -49.06000
      -0.68101      55.52000     -55.52000
      -0.65001      51.90000     -51.90000
      -0.61901      40.00000     -40.00000
      -0.58801      30.16000     -30.16000
      -0.55701      22.98000     -22.98000
      -0.52601      20.24000     -20.24000
      -0.49501      21.15000     -21.15000
      -0.46401      19.78000     -19.78000
      -0.43301      16.38000     -16.38000
      -0.40201      14.32000     -14.32000
      -0.37101      13.25000     -13.25000
      -0.34101      14.49000     -14.49000
      -0.31001      18.00000     -18.00000
      -0.27901      17.38000     -17.38000
      -0.24801      11.41000     -11.41000
      -0.21701       7.23400      -7.23400
      -0.18601       8.78000      -8.78000
      -0.15501      13.81000     -13.81000
      -0.12401      16.92000     -16.92000
      -0.09301      14.79000     -14.79000
      -0.06201      11.18000     -11.18000
      -0.03101      14.18000     -14.18000
      -0.00001      26.03000     -26.03000
       0.03099      37.84000     -37.84000
       0.06199      40.22000     -40.22000
       0.09299      35.35000     -35.35000
       0.12399      30.72000     -30.72000
       0.15499      29.42000     -29.42000
       0.18599      28.17000     -28.17000
       0.21699      25.86000     -25.86000
       0.24799      24.51000     -24.51000
       0.27899      26.78000     -26.78000
       0.30999      32.10000     -32.10000
       0.33999      30.83000     -30.83000
       0.37099      20.91000     -20.91000
       0.40199      11.75000     -11.75000
       0.43299       7.32700      -7.32700
       0.46399       4.15900      -4.15900
       0.49499       1.46700      -1.46700
       0.52599       0.27450      -0.27450
       0.55699       0.02592      -0.02592
       0.58799       0.00121      -0.00121
       0.61899       0.00003      -0.00003
       0.64999       0.00000      -0.00000
       0.68099       0.00000      -0.00000
       0.71199       0.00000      -0.00000
       0.74299       0.00000      -0.00000
       0.77399       0.00000       0.00000
       0.80499       0.00000       0.00000
       0.83599       0.00000       0.00000
       0.86699       0.00000       0.00000
       0.89799       0.00000       0.00000
       0.92899       0.00000       0.00000
       0.95999       0.00000       0.00000
       0.99099       0.00000       0.00000
       1.02099       0.00000       0.00000
       1.05199       0.00000       0.00000
       1.08299       0.00000      -0.00000
       1.11399       0.00000      -0.00000
       1.14499       0.00000      -0.00000
       1.17599       0.00000      -0.00000
       1.20699       0.00000      -0.00000
       1.23799       0.00016      -0.00016
       1.26899       0.00439      -0.00439
       1.29999       0.06075      -0.06075
       1.33099       0.42050      -0.42050
       1.36199       1.51500      -1.51500
       1.39299       3.12900      -3.12900
       1.42399       4.69600      -4.69600
       1.45499       7.12800      -7.12800
       1.48599      11.73000     -11.73000
       1.51699      16.64000     -16.64000
       1.54799      16.84000     -16.84000
       1.57899      12.45000     -12.45000
       1.60999       9.32700      -9.32700
       1.64099      12.44000     -12.44000
       1.67099      22.72000     -22.72000
       1.70199      35.01000     -35.01000
       1.73299      39.24000     -39.24000
       1.76399      31.50000     -31.50000
       1.79499      20.88000     -20.88000
       1.82599      17.14000     -17.14000
       1.85699      22.15000     -22.15000
       1.88799      30.87000     -30.87000
       1.91899      36.58000     -36.58000
       1.94999      40.79000     -40.79000
       1.98099      46.57000     -46.57000
       2.01199      46.55000     -46.55000
       2.04299      36.19000     -36.19000
       2.07399      23.45000     -23.45000
       2.10499      15.18000     -15.18000
       2.13599      11.85000     -11.85000
       2.16699      12.93000     -12.93000
       2.19799      18.10000     -18.10000
       2.22899      24.57000     -24.57000
       2.25999      28.24000     -28.24000
       2.29099      29.74000     -29.74000
       2.32199      30.20000     -30.20000
       2.35199      28.58000     -28.58000
       2.38299      23.35000     -23.35000
       2.41399      17.32000     -17.32000
       2.44499      14.91000     -14.91000
       2.47599      19.39000     -19.39000
       2.50699      31.95000     -31.95000
       2.53799      42.26000     -42.26000
       2.56899      38.16000     -38.16000
       2.59999      27.69000     -27.69000
       2.63099      23.57000     -23.57000
       2.66199      24.21000     -24.21000
       2.69299      25.08000     -25.08000
       2.72399      28.99000     -28.99000
       2.75499      34.16000     -34.16000
       2.78599      33.61000     -33.61000
       2.81699      28.42000     -28.42000
       2.84799      24.26000     -24.26000
       2.87899      22.70000     -22.70000
       2.90999      23.59000     -23.59000
       2.94099      24.97000     -24.97000
       2.97199      25.42000     -25.42000
       3.00299      29.92000     -29.92000
       3.03299      33.09000     -33.09000
       3.06399      27.47000     -27.47000
       3.09499      23.60000     -23.60000
       3.12599      26.52000     -26.52000
       3.15699      26.56000     -26.56000
       3.18799      20.54000     -20.54000
       3.21899      12.39000     -12.39000
       3.24999       5.13900      -5.13900
       3.28099       1.25100      -1.25100
       3.31199       0.17480      -0.17490
       3.34299       0.20670      -0.20710
       3.37399       1.63900      -1.64200
       3.40499       7.13500      -7.14200
       3.43599      16.59000     -16.60000
       3.46699      21.56000     -21.56000
       3.49799      18.86000     -18.85000
       3.52899      17.40000     -17.39000
       3.55999      17.71000     -17.71000
       3.59099      14.79000     -14.79000
       3.62199      10.40000     -10.40000
       3.65299      10.33000     -10.33000
       3.68399      20.86000     -20.86000
       3.71399      45.46000     -45.46000
       3.74499      80.56000     -80.56000
       3.77599     104.00000    -104.00000
       3.80699      98.00000     -98.00000
       3.83799      82.33000     -82.33000
       3.86899      72.36000     -72.36000
       3.89999      54.75000     -54.75000
       3.93099      32.28000     -32.29000
       3.96199      24.78000     -24.78000
       3.99299      30.00000     -30.00000
       4.02399      31.54000     -31.54000
       4.05499      25.73000     -25.73000
       4.08599      22.31000     -22.28000
       4.11699      27.81000     -27.78000
       4.14799      37.23000     -37.22000
       4.17899      44.77000     -44.80000
       4.20999      46.18000     -46.20000
       4.24099      37.84000     -37.84000
       4.27199      28.86000     -28.86000
       4.30299      29.96000     -29.96000
       4.33399      35.50000     -35.50000
       4.36499      39.95000     -39.95000
       4.39499      44.87000     -44.86000
       4.42599      46.00000     -45.99000
       4.45699      44.95000     -44.95000
       4.48799      49.35000     -49.35000
       4.51899      64.89000     -64.91000
       4.54999      88.02000     -87.98000
       4.58099     102.50000    -102.20000
       4.61199     100.20000     -99.75000
       4.64299      80.80000     -80.86000
       4.67399      58.47000     -58.64000
       4.70499      59.57000     -59.09000
       4.73599      86.02000     -85.45000
       4.76699     116.20000    -115.90000
       4.79799     128.60000    -127.80000
       4.82899     117.30000    -115.90000
       4.85999     103.10000    -101.60000
       4.89099      96.89000     -95.18000
       4.92199      86.11000     -85.09000
       4.95299      67.94000     -68.89000
       4.98399      50.98000     -52.96000
       5.01499      41.82000     -43.02000
       5.04599      38.95000     -39.30000
       5.07599      38.28000     -38.25000
       5.10699      39.68000     -39.96000
       5.13799      48.91000     -49.77000
       5.16899      67.65000     -68.54000
       5.19999      84.94000     -85.09000
       5.23099      90.62000     -89.97000
       5.26199      92.00000     -91.83000
       5.29299      93.77000     -93.22000
       5.32399      93.29000     -90.92000
       5.35499      88.64000     -86.64000
       5.38599      78.62000     -78.90000
       5.41699      67.84000     -69.04000
       5.44799      61.84000     -61.35000
       5.47899      64.34000     -61.57000
       5.50999      70.33000     -68.58000
       5.54099      72.65000     -73.73000
       5.57199      73.04000     -75.26000
       5.60299      77.54000     -80.42000
       5.63399      86.73000     -89.56000
       5.66499      92.17000     -93.14000
       5.69599      90.11000     -89.43000
       5.72699      84.60000     -84.64000
       5.75699      78.76000     -80.50000
       5.78799      72.77000     -74.62000
       5.81899      69.89000     -70.36000
       5.84999      73.72000     -73.40000
       5.88099      80.76000     -80.12000
       5.91199      82.66000     -81.20000
       5.94299      79.60000     -78.00000
       5.97399      78.58000     -77.91000
       6.00499      81.26000     -80.82000
       6.03599      85.71000     -84.45000
       6.06699      89.16000     -86.71000
       6.09799      88.80000     -86.52000
       6.12899      85.07000     -84.94000
       6.15999      80.95000     -83.21000
       6.19099      77.75000     -82.11000
       6.22199      75.70000     -80.33000
       6.25299      75.22000     -76.75000
       6.28399      75.23000     -73.65000
       6.31499      74.90000     -71.75000
       6.34599      74.23000     -69.96000
       6.37699      73.00000     -69.86000
       6.40799      72.53000     -72.30000
       6.43799      73.43000     -75.18000
       6.46899      75.19000     -76.67000
       6.49999      77.17000     -76.83000
       6.53099      77.38000     -76.58000
       6.56199      75.60000     -75.83000
       6.59299      74.61000     -74.62000
       6.62399      75.30000     -74.57000
       6.65499      74.83000     -74.51000
       6.68599      72.72000     -72.49000
       6.71699      70.79000     -71.01000
       6.74799      69.31000     -70.69000
       6.77899      68.63000     -69.80000
       6.80999      68.99000     -69.22000
       6.84099      69.50000     -70.04000
       6.87199      69.37000     -71.78000
       6.90299      70.13000     -72.86000
       6.93399      72.98000     -71.88000
       6.96499      75.46000     -70.94000
       6.99599      75.68000     -73.14000
       7.02699      74.37000     -76.46000
       7.05799      73.10000     -76.58000
       7.08899      73.37000     -73.57000
       7.11899      74.04000     -72.03000
       7.14999      73.80000     -72.47000
       7.18099      72.83000     -70.83000
       7.21199      70.51000     -67.52000
       7.24299      67.09000     -64.81000
       7.27399      64.15000     -61.83000
       7.30499      62.35000     -59.71000
       7.33599      59.90000     -60.26000
       7.36699      56.32000     -61.05000
       7.39799      53.12000     -60.28000
       7.42899      51.24000     -59.52000
       7.45999      52.20000     -58.17000
       7.49099      54.72000     -54.23000
       7.52199      54.65000     -49.61000
       7.55299      52.53000     -47.15000
       7.58399      50.25000     -46.97000
       7.61499      47.30000     -46.74000
       7.64599      44.16000     -44.15000
       7.67699      41.51000     -40.59000
       7.70799      39.11000     -37.69000
       7.73899      36.52000     -35.27000
       7.76999      34.12000     -34.14000
       7.79999      32.58000     -34.44000
       7.83099      31.56000     -34.48000
       7.86199      30.70000     -33.68000
       7.89299      30.91000     -32.44000
       7.92399      31.19000     -31.49000
       7.95499      29.79000     -30.00000
       7.98599      27.25000     -27.89000
       8.01699      25.11000     -26.47000
       8.04799      24.73000     -25.80000
       8.07899      25.46000     -25.87000
       8.10999      25.24000     -25.39000
       8.14099      23.66000     -22.50000
       8.17199      22.40000     -18.65000
       8.20299      22.05000     -16.44000
       8.23399      20.46000     -16.22000
       8.26499      16.75000     -16.26000
       8.29599      13.27000     -15.23000
       8.32699      12.03000     -13.74000
       8.35799      11.62000     -12.01000
       8.38899       9.72400     -10.42000
       8.41999       7.22700      -9.31700
       8.45099       5.51200      -7.71900
       8.48099       4.26300      -5.37400
       8.51199       3.12700      -3.52200
       8.54299       2.23300      -2.62800
       8.57399       1.72500      -1.99700
       8.60499       1.46600      -1.46900
       8.63599       1.12100      -1.09700
       8.66699       0.68770      -0.65680
       8.69799       0.45570      -0.25210
       8.72899       0.40830      -0.05527
       8.75999       0.27570      -0.00641
       8.79099       0.09847      -0.00037
       8.82199       0.01728      -0.00001
       8.85299       0.00147      -0.00000
       8.88399       0.00006      -0.00000
       8.91499       0.00000      -0.00000
       8.94599       0.00000      -0.00000
       8.97699       0.00000       0.00000
       9.00799       0.00000       0.00000
       9.03899       0.00000       0.00000
       9.06999       0.00000       0.00000
       9.10099       0.00000       0.00000
       9.13199       0.00000       0.00000
       9.16199       0.00000       0.00000
       9.19299       0.00000       0.00000
       9.22399       0.00000       0.00000
       9.25499       0.00000       0.00000
       9.28599       0.00000       0.00000
       9.31699       0.00000       0.00000
       9.34799       0.00000       0.00000
       9.37899       0.00000       0.00000
       9.40999       0.00000       0.00000
       9.44099       0.00000       0.00000
       9.47199       0.00000       0.00000
       9.50299       0.00000       0.00000
       9.53399       0.00000       0.00000
       9.56499       0.00000       0.00000
       9.59599       0.00000       0.00000
       9.62699       0.00000       0.00000
       9.65799       0.00000       0.00000
       9.68899       0.00000       0.00000
       9.71999       0.00000       0.00000
       9.75099       0.00000       0.00000
       9.78199       0.00000       0.00000
       9.81299       0.00000       0.00000
       9.84299       0.00000       0.00000
       9.87399       0.00000       0.00000
       9.90499       0.00000       0.00000
       9.93599       0.00000       0.00000
       9.96699       0.00000       0.00000
       9.99799       0.00000       0.00000
      10.02899       0.00000       0.00000
      10.05999       0.00000       0.00000
      10.09099       0.00000       0.00000
      10.12199       0.00000       0.00000
