      #Energy        TDOS-UP        TDOS-DOWN
     -22.65100       0.00000       0.00000
     -22.62100       0.00000       0.00000
     -22.59100       0.00000       0.00000
     -22.56100       0.00000       0.00000
     -22.53100       0.00000       0.00000
     -22.50200       0.00000       0.00000
     -22.47200       0.00000       0.00000
     -22.44200       0.00000       0.00000
     -22.41200       0.00000       0.00000
     -22.38200       0.00000       0.00000
     -22.35200       0.00000       0.00000
     -22.32300       0.00000       0.00000
     -22.29300       0.00000       0.00000
     -22.26300       0.00000       0.00000
     -22.23300       0.00000       0.00000
     -22.20300       0.00000       0.00000
     -22.17300       0.00000       0.00000
     -22.14300       0.00000       0.00000
     -22.11400       0.00000       0.00000
     -22.08400       0.00000       0.00000
     -22.05400       0.00000       0.00000
     -22.02400       0.00000       0.00000
     -21.99400       0.00000       0.00000
     -21.96400       0.00000       0.00000
     -21.93500       0.00000       0.00000
     -21.90500       0.00000       0.00000
     -21.87500       0.00000       0.00000
     -21.84500       0.00000       0.00000
     -21.81500       0.00000       0.00000
     -21.78500       0.00000       0.00000
     -21.75500       0.00000       0.00000
     -21.72600       0.00000       0.00000
     -21.69600       0.00000       0.00000
     -21.66600       0.00000       0.00000
     -21.63600       0.00000       0.00000
     -21.60600       0.00000       0.00000
     -21.57600       0.00000      -0.00000
     -21.54700       0.00000      -0.00000
     -21.51700       0.00000      -0.00000
     -21.48700       0.00000      -0.00000
     -21.45700       0.00000      -0.00000
     -21.42700       0.00003      -0.00003
     -21.39700       0.00080      -0.00080
     -21.36700       0.01036      -0.01036
     -21.33800       0.07678      -0.07678
     -21.30800       0.34360      -0.34360
     -21.27800       0.99262      -0.99262
     -21.24800       2.01741      -2.01741
     -21.21800       3.20904      -3.20904
     -21.18800       4.40963      -4.40963
     -21.15900       5.52456      -5.52456
     -21.12900       6.52741      -6.52741
     -21.09900       7.62294      -7.62294
     -21.06900       8.97306      -8.97306
     -21.03900      10.33408     -10.33408
     -21.00900      11.31395     -11.31395
     -20.97900      11.80080     -11.80080
     -20.95000      11.96240     -11.96240
     -20.92000      12.00153     -12.00153
     -20.89000      12.05342     -12.05342
     -20.86000      12.28520     -12.28520
     -20.83000      12.94615     -12.94615
     -20.80000      14.13585     -14.13585
     -20.77000      15.61819     -15.61819
     -20.74100      17.07442     -17.07442
     -20.71100      18.35574     -18.35574
     -20.68100      19.44292     -19.44292
     -20.65100      20.49785     -20.49785
     -20.62100      21.73530     -21.73530
     -20.59100      22.95454     -22.95454
     -20.56200      23.80578     -23.80578
     -20.53200      24.53314     -24.53314
     -20.50200      25.74433     -25.74433
     -20.47200      27.46291     -27.46291
     -20.44200      28.96734     -28.96734
     -20.41200      29.76261     -29.76261
     -20.38200      30.09153     -30.09153
     -20.35300      30.40091     -30.40091
     -20.32300      30.90368     -30.90368
     -20.29300      31.59986     -31.59986
     -20.26300      32.40990     -32.40990
     -20.23300      33.25875     -33.25875
     -20.20300      34.07237     -34.07237
     -20.17400      34.76019     -34.76019
     -20.14400      35.26281     -35.26281
     -20.11400      35.59325     -35.59325
     -20.08400      35.80147     -35.80147
     -20.05400      35.92313     -35.92313
     -20.02400      35.97961     -35.97961
     -19.99400      35.99737     -35.99737
     -19.96500      36.00270     -36.00270
     -19.93500      36.02345     -36.02345
     -19.90500      36.13437     -36.13437
     -19.87500      36.47214     -36.47214
     -19.84500      37.07922     -37.07922
     -19.81500      37.78480     -37.78480
     -19.78600      38.45382     -38.45382
     -19.75600      39.20596     -39.20596
     -19.72600      40.22314     -40.22314
     -19.69600      41.48596     -41.48596
     -19.66600      42.69848     -42.69848
     -19.63600      43.51494     -43.51494
     -19.60600      43.87805     -43.87805
     -19.57700      43.98076     -43.98076
     -19.54700      43.99865     -43.99865
     -19.51700      44.00050     -44.00050
     -19.48700      44.00061     -44.00061
     -19.45700      44.00064     -44.00064
     -19.42700      44.00117     -44.00117
     -19.39800      44.00674     -44.00674
     -19.36800      44.03846     -44.03846
     -19.33800      44.14164     -44.14164
     -19.30800      44.34581     -44.34581
     -19.27800      44.62125     -44.62125
     -19.24800      44.94245     -44.94245
     -19.21800      45.37433     -45.37433
     -19.18900      46.02872     -46.02872
     -19.15900      46.92652     -46.92652
     -19.12900      47.87699     -47.87699
     -19.09900      48.59078     -48.59078
     -19.06900      48.98032     -48.98032
     -19.03900      49.18131     -49.18131
     -19.01000      49.32896     -49.32896
     -18.98000      49.47638     -49.47638
     -18.95000      49.63434     -49.63434
     -18.92000      49.78995     -49.78995
     -18.89000      49.92474     -49.92474
     -18.86000      50.08573     -50.08573
     -18.83000      50.44325     -50.44325
     -18.80100      51.16883     -51.16883
     -18.77100      52.24331     -52.24331
     -18.74100      53.54687     -53.54687
     -18.71100      55.00743     -55.00743
     -18.68100      56.54126     -56.54126
     -18.65100      58.13090     -58.13090
     -18.62200      59.87171     -59.87171
     -18.59200      61.63969     -61.63969
     -18.56200      63.00116     -63.00116
     -18.53200      63.71255     -63.71255
     -18.50200      63.97727     -63.97727
     -18.47200      64.15151     -64.15151
     -18.44200      64.47487     -64.47487
     -18.41300      64.98257     -64.98257
     -18.38300      65.56936     -65.56936
     -18.35300      66.17331     -66.17331
     -18.32300      66.84531     -66.84531
     -18.29300      67.68803     -67.68803
     -18.26300      68.76565     -68.76565
     -18.23400      70.02519     -70.02519
     -18.20400      71.34352     -71.34352
     -18.17400      72.64380     -72.64380
     -18.14400      73.91722     -73.91722
     -18.11400      75.15511     -75.15511
     -18.08400      76.26183     -76.26183
     -18.05400      77.08412     -77.08412
     -18.02500      77.58897     -77.58897
     -17.99500      77.90343     -77.90343
     -17.96500      78.17606     -78.17606
     -17.93500      78.54688     -78.54688
     -17.90500      79.25231     -79.25231
     -17.87500      80.58616     -80.58616
     -17.84600      82.53576     -82.53576
     -17.81600      84.57042     -84.57042
     -17.78600      86.10887     -86.10887
     -17.75600      87.02442     -87.02442
     -17.72600      87.55495     -87.55495
     -17.69600      88.04041     -88.04041
     -17.66600      88.72599     -88.72599
     -17.63700      89.62811     -89.62811
     -17.60700      90.65813     -90.65813
     -17.57700      91.75843     -91.75843
     -17.54700      92.88530     -92.88530
     -17.51700      94.02933     -94.02933
     -17.48700      95.17261     -95.17261
     -17.45700      96.25590     -96.25590
     -17.42800      97.24920     -97.24920
     -17.39800      98.11148     -98.11148
     -17.36800      98.78572     -98.78572
     -17.33800      99.34908     -99.34908
     -17.30800     100.02093    -100.02093
     -17.27800     100.99319    -100.99319
     -17.24900     102.30317    -102.30317
     -17.21900     103.77760    -103.77760
     -17.18900     105.10683    -105.10683
     -17.15900     106.12132    -106.12132
     -17.12900     106.91241    -106.91241
     -17.09900     107.60635    -107.60635
     -17.06900     108.21195    -108.21195
     -17.04000     108.75978    -108.75978
     -17.01000     109.39179    -109.39179
     -16.98000     110.18333    -110.18333
     -16.95000     111.02546    -111.02546
     -16.92000     111.81834    -111.81834
     -16.89000     112.63002    -112.63002
     -16.86100     113.55035    -113.55035
     -16.83100     114.59320    -114.59320
     -16.80100     115.77737    -115.77737
     -16.77100     117.09377    -117.09377
     -16.74100     118.44001    -118.44001
     -16.71100     119.68925    -119.68925
     -16.68100     120.80626    -120.80626
     -16.65200     121.81643    -121.81643
     -16.62200     122.65587    -122.65587
     -16.59200     123.24729    -123.24729
     -16.56200     123.66917    -123.66917
     -16.53200     124.05405    -124.05405
     -16.50200     124.43206    -124.43206
     -16.47300     124.77918    -124.77918
     -16.44300     125.10301    -125.10301
     -16.41300     125.44372    -125.44372
     -16.38300     125.85530    -125.85530
     -16.35300     126.34733    -126.34733
     -16.32300     126.84920    -126.84920
     -16.29300     127.29810    -127.29810
     -16.26400     127.66029    -127.66029
     -16.23400     127.88641    -127.88641
     -16.20400     127.97737    -127.97737
     -16.17400     128.00068    -128.00068
     -16.14400     128.02561    -128.02561
     -16.11400     128.14624    -128.14624
     -16.08500     128.51217    -128.51217
     -16.05500     129.17239    -129.17239
     -16.02500     129.94288    -129.94288
     -15.99500     130.61921    -130.61921
     -15.96500     131.17376    -131.17376
     -15.93500     131.68101    -131.68101
     -15.90500     132.24228    -132.24228
     -15.87600     132.91428    -132.91428
     -15.84600     133.68851    -133.68851
     -15.81600     134.57153    -134.57153
     -15.78600     135.47768    -135.47768
     -15.75600     136.19684    -136.19684
     -15.72600     136.66946    -136.66946
     -15.69700     137.02374    -137.02374
     -15.66700     137.36072    -137.36072
     -15.63700     137.77305    -137.77305
     -15.60700     138.48385    -138.48385
     -15.57700     139.64400    -139.64400
     -15.54700     141.03143    -141.03143
     -15.51700     142.32021    -142.32021
     -15.48800     143.50603    -143.50603
     -15.45800     144.73438    -144.73438
     -15.42800     145.93183    -145.93183
     -15.39800     146.91916    -146.91916
     -15.36800     147.69876    -147.69876
     -15.33800     148.38240    -148.38240
     -15.30900     149.03903    -149.03903
     -15.27900     149.72223    -149.72223
     -15.24900     150.48705    -150.48705
     -15.21900     151.32306    -151.32306
     -15.18900     152.17653    -152.17653
     -15.15900     153.08522    -153.08522
     -15.12900     154.12001    -154.12001
     -15.10000     155.22405    -155.22405
     -15.07000     156.26018    -156.26018
     -15.04000     157.10201    -157.10201
     -15.01000     157.65253    -157.65253
     -14.98000     157.90999    -157.90999
     -14.95000     157.98705    -157.98705
     -14.92100     158.00446    -158.00446
     -14.89100     158.04544    -158.04544
     -14.86100     158.26272    -158.26272
     -14.83100     158.95293    -158.95293
     -14.80100     160.33171    -160.33171
     -14.77100     162.21653    -162.21653
     -14.74100     164.08898    -164.08898
     -14.71200     165.51043    -165.51043
     -14.68200     166.46702    -166.46702
     -14.65200     167.18185    -167.18185
     -14.62200     167.75402    -167.75402
     -14.59200     168.24142    -168.24142
     -14.56200     168.78135    -168.78135
     -14.53300     169.40261    -169.40261
     -14.50300     169.95239    -169.95239
     -14.47300     170.33166    -170.33166
     -14.44300     170.63603    -170.63603
     -14.41300     171.02344    -171.02344
     -14.38300     171.59381    -171.59381
     -14.35300     172.40475    -172.40475
     -14.32400     173.42596    -173.42596
     -14.29400     174.43329    -174.43329
     -14.26400     175.16528    -175.16528
     -14.23400     175.60344    -175.60344
     -14.20400     175.95548    -175.95548
     -14.17400     176.44512    -176.44512
     -14.14400     177.13622    -177.13622
     -14.11500     177.91761    -177.91761
     -14.08500     178.70870    -178.70870
     -14.05500     179.60664    -179.60664
     -14.02500     180.70068    -180.70068
     -13.99500     181.83889    -181.83889
     -13.96500     182.75101    -182.75101
     -13.93600     183.31243    -183.31243
     -13.90600     183.60258    -183.60258
     -13.87600     183.79374    -183.79374
     -13.84600     184.02660    -184.02660
     -13.81600     184.37444    -184.37444
     -13.78600     184.87004    -184.87004
     -13.75600     185.50250    -185.50250
     -13.72700     186.19972    -186.19972
     -13.69700     186.89455    -186.89455
     -13.66700     187.60879    -187.60879
     -13.63700     188.38675    -188.38675
     -13.60700     189.19574    -189.19574
     -13.57700     190.04026    -190.04026
     -13.54800     191.06923    -191.06923
     -13.51800     192.41368    -192.41368
     -13.48800     194.01780    -194.01780
     -13.45800     195.63774    -195.63774
     -13.42800     196.99756    -196.99756
     -13.39800     197.98937    -197.98937
     -13.36800     198.72643    -198.72643
     -13.33900     199.48484    -199.48484
     -13.30900     200.48829    -200.48829
     -13.27900     201.68814    -201.68814
     -13.24900     202.87291    -202.87291
     -13.21900     203.91620    -203.91620
     -13.18900     204.82295    -204.82295
     -13.16000     205.62240    -205.62240
     -13.13000     206.32230    -206.32230
     -13.10000     206.93551    -206.93551
     -13.07000     207.53200    -207.53200
     -13.04000     208.23534    -208.23534
     -13.01000     209.08105    -209.08105
     -12.98000     209.98705    -209.98705
     -12.95100     210.85708    -210.85708
     -12.92100     211.60579    -211.60579
     -12.89100     212.19646    -212.19646
     -12.86100     212.69445    -212.69445
     -12.83100     213.27124    -213.27124
     -12.80100     214.07666    -214.07666
     -12.77200     214.97490    -214.97490
     -12.74200     215.62944    -215.62944
     -12.71200     215.93566    -215.93566
     -12.68200     216.10993    -216.10993
     -12.65200     216.45927    -216.45927
     -12.62200     217.20709    -217.20709
     -12.59200     218.37320    -218.37320
     -12.56300     219.77959    -219.77959
     -12.53300     221.16627    -221.16627
     -12.50300     222.33283    -222.33283
     -12.47300     223.29092    -223.29092
     -12.44300     224.19214    -224.19214
     -12.41300     225.10710    -225.10710
     -12.38400     226.08697    -226.08697
     -12.35400     227.26084    -227.26084
     -12.32400     228.56261    -228.56261
     -12.29400     229.68814    -229.68814
     -12.26400     230.52862    -230.52862
     -12.23400     231.28524    -231.28524
     -12.20400     232.17602    -232.17602
     -12.17500     233.30408    -233.30408
     -12.14500     234.69793    -234.69793
     -12.11500     236.24534    -236.24534
     -12.08500     237.69485    -237.69485
     -12.05500     238.89693    -238.89693
     -12.02500     239.90531    -239.90531
     -11.99600     240.77818    -240.77818
     -11.96600     241.44883    -241.44883
     -11.93600     241.87833    -241.87833
     -11.90600     242.21903    -242.21903
     -11.87600     242.74568    -242.74568
     -11.84600     243.62765    -243.62765
     -11.81600     244.72826    -244.72826
     -11.78700     245.76185    -245.76185
     -11.75700     246.67904    -246.67904
     -11.72700     247.64668    -247.64668
     -11.69700     248.67789    -248.67789
     -11.66700     249.57463    -249.57463
     -11.63700     250.27186    -250.27186
     -11.60800     250.93013    -250.93013
     -11.57800     251.64601    -251.64601
     -11.54800     252.41620    -252.41620
     -11.51800     253.31907    -253.31907
     -11.48800     254.39415    -254.39415
     -11.45800     255.52908    -255.52908
     -11.42800     256.62714    -256.62714
     -11.39900     257.69029    -257.69029
     -11.36900     258.79238    -258.79238
     -11.33900     260.02729    -260.02729
     -11.30900     261.41458    -261.41458
     -11.27900     262.86185    -262.86185
     -11.24900     264.18809    -264.18809
     -11.22000     265.22960    -265.22960
     -11.19000     265.99412    -265.99412
     -11.16000     266.65478    -266.65478
     -11.13000     267.39887    -267.39887
     -11.10000     268.31501    -268.31501
     -11.07000     269.37667    -269.37667
     -11.04000     270.50891    -270.50891
     -11.01100     271.65219    -271.65219
     -10.98100     272.74503    -272.74503
     -10.95100     273.72266    -273.72266
     -10.92100     274.60538    -274.60538
     -10.89100     275.52228    -275.52228
     -10.86100     276.62482    -276.62482
     -10.83100     277.99703    -277.99703
     -10.80200     279.64771    -279.64771
     -10.77200     281.55104    -281.55104
     -10.74200     283.62286    -283.62286
     -10.71200     285.71005    -285.71005
     -10.68200     287.71322    -287.71322
     -10.65200     289.59491    -289.59491
     -10.62300     291.27454    -291.27454
     -10.59300     292.75360    -292.75360
     -10.56300     294.20580    -294.20580
     -10.53300     295.78350    -295.78350
     -10.50300     297.50432    -297.50432
     -10.47300     299.26737    -299.26737
     -10.44300     300.82329    -300.82329
     -10.41400     301.95135    -301.95135
     -10.38400     302.72901    -302.72901
     -10.35400     303.47354    -303.47354
     -10.32400     304.44670    -304.44670
     -10.29400     305.64221    -305.64221
     -10.26400     306.94741    -306.94741
     -10.23500     308.44602    -308.44602
     -10.20500     310.22400    -310.22400
     -10.17500     311.98213    -311.98213
     -10.14500     313.25688    -313.25688
     -10.11500     313.99529    -313.99529
     -10.08500     314.56835    -314.56835
     -10.05500     315.23722    -315.23722
     -10.02600     315.97906    -315.97906
      -9.99600     316.74568    -316.74568
      -9.96600     317.47260    -317.47260
      -9.93600     318.06596    -318.06596
      -9.90600     318.63991    -318.63991
      -9.87600     319.46264    -319.46264
      -9.84700     320.60801    -320.60801
      -9.81700     321.85113    -321.85113
      -9.78700     322.92442    -322.92442
      -9.75700     323.72685    -323.72685
      -9.72700     324.29409    -324.29409
      -9.69700     324.73926    -324.73926
      -9.66700     325.27561    -325.27561
      -9.63800     326.20728    -326.20728
      -9.60800     327.66634    -327.66634
      -9.57800     329.40686    -329.40686
      -9.54800     331.05589    -331.05589
      -9.51800     332.34990    -332.34990
      -9.48800     333.17935    -333.17935
      -9.45900     333.63750    -333.63750
      -9.42900     333.92332    -333.92332
      -9.39900     334.25855    -334.25855
      -9.36900     334.89220    -334.89220
      -9.33900     335.96086    -335.96086
      -9.30900     337.41978    -337.41978
      -9.27900     339.27506    -339.27506
      -9.25000     341.61355    -341.61355
      -9.22000     344.27619    -344.27619
      -9.19000     346.86436    -346.86436
      -9.16000     349.21271    -349.21271
      -9.13000     351.49390    -351.49390
      -9.10000     353.79852    -353.79852
      -9.07100     356.14792    -356.14792
      -9.04100     358.70072    -358.70072
      -9.01100     361.49110    -361.49110
      -8.98100     364.35639    -364.35639
      -8.95100     367.16946    -367.16946
      -8.92100     369.95685    -369.95685
      -8.89100     372.78230    -372.78230
      -8.86200     375.40853    -375.40853
      -8.83200     377.49825    -377.49825
      -8.80200     379.23131    -379.23131
      -8.77200     381.15509    -381.15509
      -8.74200     383.55373    -383.55373
      -8.71200     386.41485    -386.41485
      -8.68300     389.77112    -389.77112
      -8.65300     393.59152    -393.59152
      -8.62300     397.52533    -397.52533
      -8.59300     401.04278    -401.04278
      -8.56300     403.87883    -403.87883
      -8.53300     406.33164    -406.33164
      -8.50300     408.87116    -408.87116
      -8.47400     411.50738    -411.50738
      -8.44400     413.87423    -413.87423
      -8.41400     415.76980    -415.76980
      -8.38400     417.37318    -417.37318
      -8.35400     418.97237    -418.97237
      -8.32400     420.58708    -420.58708
      -8.29500     422.13315    -422.13315
      -8.26500     423.87292    -423.87292
      -8.23500     426.15277    -426.15277
      -8.20500     428.70945    -428.70945
      -8.17500     430.94796    -430.94796
      -8.14500     432.73355    -432.73355
      -8.11500     434.30409    -434.30409
      -8.08600     435.94820    -435.94820
      -8.05600     437.95645    -437.95645
      -8.02600     440.41165    -440.41165
      -7.99600     443.23695    -443.23695
      -7.96600     446.35445    -446.35445
      -7.93600     449.47195    -449.47195
      -7.90700     452.18399    -452.18399
      -7.87700     454.41265    -454.41265
      -7.84700     456.47462    -456.47462
      -7.81700     458.67030    -458.67030
      -7.78700     460.94343    -460.94343
      -7.75700     463.17493    -463.17493
      -7.72700     465.46971    -465.46971
      -7.69800     467.92088    -467.92088
      -7.66800     470.39608    -470.39608
      -7.63800     472.59131    -472.59131
      -7.60800     474.27691    -474.27691
      -7.57800     475.51511    -475.51511
      -7.54800     476.52751    -476.52751
      -7.51800     477.50589    -477.50589
      -7.48900     478.71469    -478.71469
      -7.45900     480.42730    -480.42730
      -7.42900     482.58493    -482.58493
      -7.39900     484.82926    -484.82926
      -7.36900     486.86198    -486.86198
      -7.33900     488.54101    -488.54101
      -7.31000     489.79458    -489.79458
      -7.28000     490.63939    -490.63939
      -7.25000     491.22141    -491.22141
      -7.22000     491.78999    -491.78999
      -7.19000     492.56824    -492.56824
      -7.16000     493.59453    -493.59453
      -7.13000     494.73274    -494.73274
      -7.10100     495.87990    -495.87990
      -7.07100     497.11511    -497.11511
      -7.04100     498.55746    -498.55746
      -7.01100     500.22500    -500.22500
      -6.98100     502.10789    -502.10789
      -6.95100     504.14598    -504.14598
      -6.92200     506.12796    -506.12796
      -6.89200     507.77312    -507.77312
      -6.86200     508.93998    -508.93998
      -6.83200     509.75778    -509.75778
      -6.80200     510.56171    -510.56171
      -6.77200     511.69260    -511.69260
      -6.74200     513.31090    -513.31090
      -6.71300     515.35391    -515.35391
      -6.68300     517.70808    -517.70808
      -6.65300     520.32102    -520.32102
      -6.62300     523.02112    -523.02112
      -6.59300     525.59391    -525.59391
      -6.56300     528.15000    -528.15000
      -6.53400     530.88680    -530.88680
      -6.50400     533.68897    -533.68897
      -6.47400     536.53412    -536.53412
      -6.44400     539.68938    -539.68938
      -6.41400     543.03820    -543.03820
      -6.38400     545.95647    -545.95647
      -6.35400     548.15409    -548.15409
      -6.32500     550.03459    -550.03459
      -6.29500     552.05418    -552.05418
      -6.26500     554.01511    -554.01511
      -6.23500     555.33882    -555.33882
      -6.20500     555.96934    -555.96934
      -6.17500     556.43718    -556.43718
      -6.14600     557.21947    -557.21947
      -6.11600     558.45662    -558.45662
      -6.08600     560.03522    -560.03522
      -6.05600     561.77693    -561.77693
      -6.02600     563.77906    -563.77906
      -5.99600     566.25112    -566.25112
      -5.96600     568.86675    -568.86675
      -5.93700     571.04243    -571.04243
      -5.90700     572.66491    -572.66491
      -5.87700     574.03548    -574.03548
      -5.84700     575.44962    -575.44962
      -5.81700     576.86093    -576.86093
      -5.78700     577.98615    -577.98615
      -5.75800     578.78187    -578.78187
      -5.72800     579.46432    -579.46432
      -5.69800     580.25794    -580.25794
      -5.66800     581.41869    -581.41869
      -5.63800     583.11488    -583.11488
      -5.60800     585.07000    -585.07000
      -5.57800     586.75097    -586.75097
      -5.54900     587.95231    -587.95231
      -5.51900     588.84846    -588.84846
      -5.48900     589.69596    -589.69596
      -5.45900     590.67807    -590.67807
      -5.42900     591.93746    -591.93746
      -5.39900     593.65365    -593.65365
      -5.37000     595.78158    -595.78158
      -5.34000     597.82549    -597.82549
      -5.31000     599.43752    -599.43752
      -5.28000     600.93016    -600.93016
      -5.25000     602.66262    -602.66262
      -5.22000     604.34986    -604.34986
      -5.19000     605.44703    -605.44703
      -5.16100     605.89955    -605.89955
      -5.13100     606.09012    -606.09012
      -5.10100     606.37198    -606.37198
      -5.07100     606.91445    -606.91445
      -5.04100     607.78508    -607.78508
      -5.01100     608.96746    -608.96746
      -4.98200     610.23565    -610.23565
      -4.95200     611.29283    -611.29283
      -4.92200     612.08690    -612.08690
      -4.89200     612.77085    -612.77085
      -4.86200     613.51045    -613.51045
      -4.83200     614.41645    -614.41645
      -4.80200     615.47303    -615.47303
      -4.77300     616.52408    -616.52408
      -4.74300     617.42098    -617.42098
      -4.71300     618.14701    -618.14701
      -4.68300     618.77827    -618.77827
      -4.65300     619.38237    -619.38237
      -4.62300     620.00437    -620.00437
      -4.59400     620.75099    -620.75099
      -4.56400     621.78310    -621.78310
      -4.53400     623.09367    -623.09367
      -4.50400     624.37216    -624.37216
      -4.47400     625.27488    -625.27488
      -4.44400     625.74082    -625.74082
      -4.41400     625.92423    -625.92423
      -4.38500     625.98260    -625.98260
      -4.35500     626.01453    -626.01453
      -4.32500     626.09883    -626.09883
      -4.29500     626.32929    -626.32929
      -4.26500     626.80296    -626.80296
      -4.23500     627.56958    -627.56958
      -4.20600     628.59601    -628.59601
      -4.17600     629.78257    -629.78257
      -4.14600     630.92660    -630.92660
      -4.11600     631.75321    -631.75321
      -4.08600     632.18074    -632.18074
      -4.05600     632.37846    -632.37846
      -4.02600     632.50789    -632.50789
      -3.99700     632.62092    -632.62092
      -3.96700     632.74848    -632.74848
      -3.93700     632.96263    -632.96263
      -3.90700     633.34727    -633.34727
      -3.87700     633.89048    -633.89048
      -3.84700     634.43504    -634.43504
      -3.81700     634.82488    -634.82488
      -3.78800     635.08813    -635.08813
      -3.75800     635.42685    -635.42685
      -3.72800     636.04110    -636.04110
      -3.69800     636.93561    -636.93561
      -3.66800     637.95488    -637.95488
      -3.63800     639.01265    -639.01265
      -3.60900     640.11026    -640.11026
      -3.57900     641.24012    -641.24012
      -3.54900     642.43056    -642.43056
      -3.51900     643.72427    -643.72427
      -3.48900     645.05574    -645.05574
      -3.45900     646.22812    -646.22812
      -3.42900     647.09830    -647.09830
      -3.40000     647.75628    -647.75628
      -3.37000     648.35620    -648.35620
      -3.34000     648.90642    -648.90642
      -3.31000     649.40681    -649.40681
      -3.28000     649.96629    -649.96629
      -3.25000     650.61441    -650.61441
      -3.22100     651.20553    -651.20553
      -3.19100     651.64025    -651.64025
      -3.16100     652.03587    -652.03587
      -3.13100     652.60877    -652.60877
      -3.10100     653.40315    -653.40315
      -3.07100     654.24005    -654.24005
      -3.04100     654.99458    -654.99458
      -3.01200     655.68897    -655.68897
      -2.98200     656.36560    -656.36560
      -2.95200     657.03163    -657.03163
      -2.92200     657.66423    -657.66423
      -2.89200     658.29385    -658.29385
      -2.86200     658.95854    -658.95854
      -2.83300     659.56936    -659.56936
      -2.80300     660.05795    -660.05795
      -2.77300     660.56370    -660.56370
      -2.74300     661.31017    -661.31017
      -2.71300     662.37555    -662.37555
      -2.68300     663.59301    -663.59301
      -2.65300     664.66884    -664.66884
      -2.62400     665.40352    -665.40352
      -2.59400     665.78591    -665.78591
      -2.56400     665.93561    -665.93561
      -2.53400     665.98093    -665.98093
      -2.50400     665.99362    -665.99362
      -2.47400     666.01791    -666.01791
      -2.44500     666.14600    -666.14600
      -2.41500     666.55529    -666.55529
      -2.38500     667.34414    -667.34414
      -2.35500     668.34640    -668.34640
      -2.32500     669.32030    -669.32030
      -2.29500     670.24167    -670.24167
      -2.26500     671.23632    -671.23632
      -2.23600     672.29588    -672.29588
      -2.20600     673.19367    -673.19367
      -2.17600     673.72838    -673.72838
      -2.14600     673.93610    -673.93610
      -2.11600     673.98550    -673.98550
      -2.08600     673.99227    -673.99227
      -2.05700     673.99278    -673.99278
      -2.02700     673.99280    -673.99280
      -1.99700     673.99280    -673.99280
      -1.96700     673.99280    -673.99280
      -1.93700     673.99280    -673.99280
      -1.90700     673.99280    -673.99280
      -1.87700     673.99280    -673.99280
      -1.84800     673.99280    -673.99280
      -1.81800     673.99280    -673.99280
      -1.78800     673.99280    -673.99280
      -1.75800     673.99280    -673.99280
      -1.72800     673.99280    -673.99280
      -1.69800     673.99280    -673.99280
      -1.66900     673.99280    -673.99280
      -1.63900     673.99280    -673.99280
      -1.60900     673.99280    -673.99280
      -1.57900     673.99280    -673.99280
      -1.54900     673.99280    -673.99280
      -1.51900     673.99280    -673.99280
      -1.48900     673.99285    -673.99285
      -1.46000     673.99357    -673.99357
      -1.43000     673.99907    -673.99907
      -1.40000     674.02324    -674.02324
      -1.37000     674.08881    -674.08881
      -1.34000     674.21090    -674.21090
      -1.31000     674.38234    -674.38234
      -1.28100     674.57501    -674.57501
      -1.25100     674.76169    -674.76169
      -1.22100     674.95647    -674.95647
      -1.19100     675.24073    -675.24073
      -1.16100     675.71410    -675.71410
      -1.13100     676.36327    -676.36327
      -1.10100     677.03811    -677.03811
      -1.07200     677.63967    -677.63967
      -1.04200     678.19244    -678.19244
      -1.01200     678.69416    -678.69416
      -0.98200     679.13186    -679.13186
      -0.95200     679.60479    -679.60479
      -0.92200     680.25694    -680.25694
      -0.89300     681.16145    -681.16145
      -0.86300     682.21445    -682.21445
      -0.83300     683.16760    -683.16760
      -0.80300     683.93482    -683.93482
      -0.77300     684.61458    -684.61458
      -0.74300     685.19435    -685.19435
      -0.71300     685.62206    -685.62206
      -0.68400     686.03394    -686.03394
      -0.65400     686.62626    -686.62626
      -0.62400     687.42824    -687.42824
      -0.59400     688.33111    -688.33111
      -0.56400     689.21472    -689.21472
      -0.53400     690.03253    -690.03253
      -0.50400     690.86137    -690.86137
      -0.47500     691.79259    -691.79259
      -0.44500     692.81589    -692.81589
      -0.41500     693.85471    -693.85471
      -0.38500     694.83981    -694.83981
      -0.35500     695.75013    -695.75013
      -0.32500     696.56928    -696.56928
      -0.29600     697.24979    -697.24979
      -0.26600     697.80554    -697.80554
      -0.23600     698.36815    -698.36815
      -0.20600     699.06239    -699.06239
      -0.17600     699.87168    -699.87168
      -0.14600     700.72575    -700.72575
      -0.11600     701.66190    -701.66190
      -0.08700     702.76563    -702.76563
      -0.05700     703.98682    -703.98682
      -0.02700     705.11219    -705.11219
       0.00300     705.99372    -705.99372
       0.03300     706.74272    -706.74272
       0.06300     707.55038    -707.55038
       0.09200     708.44056    -708.44056
       0.12200     709.31582    -709.31582
       0.15200     710.09169    -710.09169
       0.18200     710.76831    -710.76831
       0.21200     711.40644    -711.40644
       0.24200     712.02278    -712.02278
       0.27200     712.66225    -712.66225
       0.30100     713.46557    -713.46557
       0.33100     714.42649    -714.42649
       0.36100     715.27131    -715.27131
       0.39100     715.76393    -715.76393
       0.42100     715.94567    -715.94567
       0.45100     715.98712    -715.98712
       0.48000     715.99837    -715.99837
       0.51000     716.04126    -716.04126
       0.54000     716.22563    -716.22561
       0.57000     716.73293    -716.73290
       0.60000     717.69385    -717.69382
       0.63000     719.02980    -719.02977
       0.66000     720.44573    -720.44570
       0.68900     721.62483    -721.62480
       0.71900     722.46427    -722.46424
       0.74900     723.11314    -723.11311
       0.77900     723.79708    -723.79705
       0.80900     724.63279    -724.63276
       0.83900     725.56088    -725.56085
       0.86800     726.44106    -726.44118
       0.89800     727.31587    -727.31614
       0.92800     728.49348    -728.49375
       0.95800     730.08253    -730.08279
       0.98800     731.75007    -731.75049
       1.01800     733.32538    -733.32595
       1.04800     735.07232    -735.07304
       1.07700     737.17682    -737.17769
       1.10700     739.45637    -739.45709
       1.13700     741.64653    -741.64695
       1.16700     743.68015    -743.68027
       1.19700     745.52155    -745.52167
       1.22700     747.06836    -747.06878
       1.25600     748.32700    -748.32742
       1.28600     749.43865    -749.43891
       1.31600     750.55044    -750.55071
       1.34600     751.69148    -751.69175
       1.37600     752.73209    -752.73221
       1.40600     753.54378    -753.54390
       1.43600     754.23205    -754.23261
       1.46500     755.09268    -755.09384
       1.49500     756.31222    -756.31368
       1.52500     757.76875    -757.76991
       1.55500     759.23438    -759.23494
       1.58500     760.70985    -760.70982
       1.61500     762.27965    -762.27947
       1.64400     763.79826    -763.79867
       1.67400     765.06630    -765.06731
       1.70400     766.15899    -766.15986
       1.73400     767.30392    -767.30403
       1.76400     768.61479    -768.61342
       1.79400     770.21532    -770.21231
       1.82400     772.33281    -772.33233
       1.85300     774.98216    -774.98989
       1.88300     777.83910    -777.85191
       1.91300     780.60262    -780.60826
       1.94300     783.29809    -783.28761
       1.97300     786.02609    -786.00323
       2.00300     788.64485    -788.62333
       2.03200     791.04901    -791.03137
       2.06200     793.36901    -793.33689
       2.09200     795.67169    -795.60823
       2.12200     797.90602    -797.79660
       2.15200     800.10633    -799.94020
       2.18200     802.33634    -802.14574
       2.21200     804.54590    -804.38947
       2.24100     806.65771    -806.55695
       2.27100     808.72908    -808.66906
       2.30100     810.87358    -810.83355
       2.33100     813.11612    -813.07192
       2.36100     815.45924    -815.38519
       2.39100     817.92832    -817.81413
       2.42000     820.55320    -820.42632
       2.45000     823.33015    -823.24267
       2.48000     826.13277    -826.09752
       2.51000     828.83525    -828.79851
       2.54000     831.46565    -831.37325
       2.57000     834.10382    -833.96261
       2.60000     836.77436    -836.62554
       2.62900     839.47953    -839.34952
       2.65900     842.22812    -842.12497
       2.68900     844.95344    -844.87118
       2.71900     847.52131    -847.43353
       2.74900     849.89786    -849.79680
       2.77900     852.16727    -852.07949
       2.80900     854.42503    -854.33964
       2.83800     856.73055    -856.59517
       2.86800     859.04204    -858.85248
       2.89800     861.26891    -861.07070
       2.92800     863.42639    -863.24071
       2.95800     865.56909    -865.39744
       2.98800     867.67330    -867.54045
       3.01700     869.76630    -869.69375
       3.04700     871.97840    -871.95047
       3.07700     874.35421    -874.33030
       3.10700     876.86015    -876.79625
       3.13700     879.51368    -879.40800
       3.16700     882.29839    -882.20867
       3.19700     885.12310    -885.09829
       3.22600     887.91318    -887.92837
       3.25600     890.61432    -890.58504
       3.28600     893.20846    -893.06516
       3.31600     895.72156    -895.47276
       3.34600     898.14005    -897.86946
       3.37600     900.43094    -900.24407
       3.40500     902.63603    -902.58511
       3.43500     904.83260    -904.86794
       3.46500     907.03918    -907.06512
       3.49500     909.25262    -909.22543
       3.52500     911.48725    -911.43156
       3.55500     913.73368    -913.68037
       3.58500     915.99054    -915.92336
       3.61400     918.28278    -918.18157
       3.64400     920.61098    -920.50709
       3.67400     922.94859    -922.88140
       3.70400     925.24739    -925.21662
       3.73400     927.45934    -927.44051
       3.76400     929.60682    -929.56605
       3.79300     931.75609    -931.66040
       3.82300     933.90760    -933.75341
       3.85300     936.01046    -935.81881
       3.88300     938.05601    -937.84959
       3.91300     940.08470    -939.87126
       3.94300     942.12742    -941.88085
       3.97300     944.17655    -943.87387
       4.00200     946.22300    -945.89853
       4.03200     948.27751    -947.98199
       4.06200     950.34141    -950.07500
       4.09200     952.40622    -952.14936
       4.12200     954.48789    -954.25251
       4.15200     956.62895    -956.44506
       4.18100     958.85313    -958.74267
       4.21100     961.15253    -961.08624
       4.24100     963.50670    -963.38654
       4.27100     965.86535    -965.61580
       4.30100     968.14595    -967.79566
       4.33100     970.31014    -969.93941
       4.36100     972.40106    -972.04197
       4.39000     974.43676    -974.07782
       4.42000     976.36173    -976.01145
       4.45000     978.14792    -977.83778
       4.48000     979.84113    -979.61158
       4.51000     981.51494    -981.40269
       4.54000     983.21666    -983.22409
       4.56900     984.93494    -985.03116
       4.59900     986.61636    -986.76885
       4.62900     988.21167    -988.41251
       4.65900     989.71566    -989.97992
       4.68900     991.15353    -991.49092
       4.71900     992.55066    -992.93655
       4.74900     993.94988    -994.32204
       4.77800     995.38357    -995.68290
       4.80800     996.81249    -997.02034
       4.83800     998.17022    -998.29211
       4.86800     999.44334    -999.48643
       4.89800    1000.63199   -1000.64300
       4.92800    1001.71020   -1001.78837
       4.95700    1002.68992   -1002.89375
       4.98700    1003.61965   -1003.91302
       5.01700    1004.51819   -1004.84275
       5.04700    1005.38062   -1005.72084
       5.07700    1006.20722   -1006.56610
       5.10700    1007.00488   -1007.36257
       5.13700    1007.79403   -1008.10321
       5.16600    1008.59064   -1008.81178
       5.19600    1009.37293   -1009.52124
       5.22600    1010.10701   -1010.23503
       5.25600    1010.78304   -1010.91822
       5.28600    1011.41042   -1011.54082
       5.31600    1011.99766   -1012.11000
       5.34500    1012.54162   -1012.63964
       5.37500    1013.04006   -1013.11704
       5.40500    1013.49806   -1013.52459
       5.43500    1013.91233   -1013.87738
       5.46500    1014.27527   -1014.22047
       5.49500    1014.59627   -1014.58251
       5.52500    1014.89403   -1014.94321
       5.55400    1015.17366   -1015.26132
       5.58400    1015.41827   -1015.51774
       5.61400    1015.60401   -1015.71434
       5.64400    1015.72832   -1015.85038
       5.67400    1015.81195   -1015.92582
       5.70400    1015.87193   -1015.95873
       5.73300    1015.91198   -1015.97459
       5.76300    1015.93687   -1015.98511
       5.79300    1015.95498   -1015.99086
       5.82300    1015.97036   -1015.99275
       5.85300    1015.98191   -1015.99309
       5.88300    1015.98799   -1015.99312
       5.91300    1015.98995   -1015.99312
       5.94200    1015.99030   -1015.99312
       5.97200    1015.99033   -1015.99312
       6.00200    1015.99033   -1015.99312
       6.03200    1015.99033   -1015.99312
       6.06200    1015.99033   -1015.99312
       6.09200    1015.99033   -1015.99312
       6.12200    1015.99033   -1015.99312
       6.15100    1015.99033   -1015.99312
       6.18100    1015.99033   -1015.99312
       6.21100    1015.99033   -1015.99312
       6.24100    1015.99033   -1015.99312
       6.27100    1015.99033   -1015.99312
       6.30100    1015.99033   -1015.99312
       6.33000    1015.99033   -1015.99312
       6.36000    1015.99033   -1015.99312
       6.39000    1015.99033   -1015.99312
       6.42000    1015.99033   -1015.99312
       6.45000    1015.99033   -1015.99312
       6.48000    1015.99033   -1015.99312
       6.51000    1015.99033   -1015.99312
       6.53900    1015.99033   -1015.99312
       6.56900    1015.99033   -1015.99312
       6.59900    1015.99033   -1015.99312
       6.62900    1015.99033   -1015.99312
       6.65900    1015.99033   -1015.99312
       6.68900    1015.99033   -1015.99312
       6.71800    1015.99033   -1015.99312
       6.74800    1015.99033   -1015.99312
       6.77800    1015.99033   -1015.99312
       6.80800    1015.99033   -1015.99312
       6.83800    1015.99033   -1015.99312
       6.86800    1015.99033   -1015.99312
       6.89800    1015.99033   -1015.99312
       6.92700    1015.99033   -1015.99312
       6.95700    1015.99033   -1015.99312
       6.98700    1015.99033   -1015.99312
       7.01700    1015.99033   -1015.99312
       7.04700    1015.99033   -1015.99312
       7.07700    1015.99033   -1015.99312
       7.10600    1015.99033   -1015.99312
       7.13600    1015.99033   -1015.99312
       7.16600    1015.99033   -1015.99312
