      #Energy        TDOS-UP        TDOS-DOWN
     -24.77700       0.00000       0.00000
     -24.74400       0.00000       0.00000
     -24.71200       0.00000       0.00000
     -24.68000       0.00000       0.00000
     -24.64800       0.00000       0.00000
     -24.61600       0.00000       0.00000
     -24.58400       0.00000       0.00000
     -24.55200       0.00000       0.00000
     -24.52000       0.00000       0.00000
     -24.48700       0.00000       0.00000
     -24.45500       0.00000       0.00000
     -24.42300       0.00000       0.00000
     -24.39100       0.00000       0.00000
     -24.35900       0.00000       0.00000
     -24.32700       0.00000       0.00000
     -24.29500       0.00000       0.00000
     -24.26300       0.00000       0.00000
     -24.23000       0.00000       0.00000
     -24.19800       0.00000       0.00000
     -24.16600       0.00000       0.00000
     -24.13400       0.00000       0.00000
     -24.10200       0.00000       0.00000
     -24.07000       0.00000       0.00000
     -24.03800       0.00000       0.00000
     -24.00600       0.00000       0.00000
     -23.97300       0.00000       0.00000
     -23.94100       0.00000       0.00000
     -23.90900       0.00000       0.00000
     -23.87700       0.00000       0.00000
     -23.84500       0.00000       0.00000
     -23.81300       0.00000       0.00000
     -23.78100       0.00000       0.00000
     -23.74900       0.00000       0.00000
     -23.71600       0.00000       0.00000
     -23.68400       0.00000       0.00000
     -23.65200       0.00000       0.00000
     -23.62000       0.00000       0.00000
     -23.58800       0.00000      -0.00000
     -23.55600       0.00000      -0.00000
     -23.52400       0.00000      -0.00000
     -23.49200       0.00007      -0.00007
     -23.45900       0.00519      -0.00519
     -23.42700       0.17260      -0.17260
     -23.39500       2.61600      -2.61600
     -23.36300      18.19000     -18.19000
     -23.33100      58.39000     -58.39000
     -23.29900      86.99000     -86.99000
     -23.26700      60.28000     -60.28000
     -23.23500      20.23000     -20.23000
     -23.20200      10.27000     -10.27000
     -23.17000      30.48000     -30.48000
     -23.13800      64.51000     -64.51000
     -23.10600      78.67000     -78.67000
     -23.07400      66.54000     -66.54000
     -23.04200      56.08000     -56.08000
     -23.01000      43.83000     -43.83000
     -22.97800      20.26000     -20.26000
     -22.94500       4.99900      -4.99900
     -22.91300       5.32000      -5.32000
     -22.88100      24.79000     -24.79000
     -22.84900      62.98000     -62.98000
     -22.81700      82.85000     -82.85000
     -22.78500      64.75000     -64.75000
     -22.75300      50.31000     -50.31000
     -22.72100      46.78000     -46.78000
     -22.68800      31.23000     -31.23000
     -22.65600      28.30000     -28.30000
     -22.62400      54.97000     -54.97000
     -22.59200      76.65000     -76.65000
     -22.56000      60.81000     -60.81000
     -22.52800      26.33000     -26.33000
     -22.49600       5.84100      -5.84100
     -22.46400       0.62790      -0.62790
     -22.43100       0.03154      -0.03154
     -22.39900       0.00073      -0.00073
     -22.36700       0.00001      -0.00001
     -22.33500       0.00000      -0.00000
     -22.30300       0.00000      -0.00000
     -22.27100       0.00000      -0.00000
     -22.23900       0.00000       0.00000
     -22.20600       0.00000       0.00000
     -22.17400       0.00000       0.00000
     -22.14200       0.00000       0.00000
     -22.11000       0.00000       0.00000
     -22.07800       0.00000       0.00000
     -22.04600       0.00000       0.00000
     -22.01400       0.00000       0.00000
     -21.98200       0.00000       0.00000
     -21.94900       0.00000       0.00000
     -21.91700       0.00000       0.00000
     -21.88500       0.00000       0.00000
     -21.85300       0.00000       0.00000
     -21.82100       0.00000       0.00000
     -21.78900       0.00000       0.00000
     -21.75700       0.00000       0.00000
     -21.72500       0.00000       0.00000
     -21.69200       0.00000       0.00000
     -21.66000       0.00000       0.00000
     -21.62800       0.00000       0.00000
     -21.59600       0.00000       0.00000
     -21.56400       0.00000       0.00000
     -21.53200       0.00000       0.00000
     -21.50000       0.00000       0.00000
     -21.46800       0.00000       0.00000
     -21.43500       0.00000       0.00000
     -21.40300       0.00000       0.00000
     -21.37100       0.00000       0.00000
     -21.33900       0.00000       0.00000
     -21.30700       0.00000       0.00000
     -21.27500       0.00000       0.00000
     -21.24300       0.00000       0.00000
     -21.21100       0.00000       0.00000
     -21.17800       0.00000       0.00000
     -21.14600       0.00000       0.00000
     -21.11400       0.00000       0.00000
     -21.08200       0.00000       0.00000
     -21.05000       0.00000       0.00000
     -21.01800       0.00000       0.00000
     -20.98600       0.00000       0.00000
     -20.95400       0.00000       0.00000
     -20.92100       0.00000       0.00000
     -20.88900       0.00000       0.00000
     -20.85700       0.00000       0.00000
     -20.82500       0.00000       0.00000
     -20.79300       0.00000       0.00000
     -20.76100       0.00000       0.00000
     -20.72900       0.00000       0.00000
     -20.69700       0.00000       0.00000
     -20.66400       0.00000      -0.00000
     -20.63200       0.00000      -0.00000
     -20.60000       0.00000      -0.00000
     -20.56800       0.00000      -0.00000
     -20.53600       0.00005      -0.00005
     -20.50400       0.00319      -0.00319
     -20.47200       0.09432      -0.09432
     -20.44000       1.32300      -1.32300
     -20.40700       8.84000      -8.84000
     -20.37500      28.20000     -28.20000
     -20.34300      43.17000     -43.17000
     -20.31100      34.32000     -34.32000
     -20.27900      26.57000     -26.57000
     -20.24700      39.72000     -39.72000
     -20.21500      50.42000     -50.42000
     -20.18300      44.33000     -44.33000
     -20.15000      34.25000     -34.25000
     -20.11800      31.52000     -31.52000
     -20.08600      32.23000     -32.23000
     -20.05400      29.79000     -29.79000
     -20.02200      20.66000     -20.66000
     -19.99000       8.42000      -8.42000
     -19.95800       1.86300      -1.86300
     -19.92600       1.26900      -1.26900
     -19.89300       5.12900      -5.12900
     -19.86100      14.52000     -14.52000
     -19.82900      29.90000     -29.90000
     -19.79700      47.76000     -47.76000
     -19.76500      58.87000     -58.87000
     -19.73300      63.49000     -63.49000
     -19.70100      65.10000     -65.10000
     -19.66900      56.46000     -56.46000
     -19.63600      48.71000     -48.71000
     -19.60400      66.03000     -66.03000
     -19.57200      91.94000     -91.94000
     -19.54000      88.09000     -88.09000
     -19.50800      73.75000     -73.75000
     -19.47600      85.09000     -85.09000
     -19.44400      82.52000     -82.52000
     -19.41200      42.96000     -42.96000
     -19.37900      10.89000     -10.89000
     -19.34700       1.31400      -1.31400
     -19.31500       0.07454      -0.07454
     -19.28300       0.00197      -0.00197
     -19.25100       0.00002      -0.00002
     -19.21900       0.00000      -0.00000
     -19.18700       0.00000      -0.00000
     -19.15500       0.00000      -0.00000
     -19.12200       0.00000       0.00000
     -19.09000       0.00000       0.00000
     -19.05800       0.00000       0.00000
     -19.02600       0.00000      -0.00000
     -18.99400       0.00000      -0.00000
     -18.96200       0.00000      -0.00000
     -18.93000       0.00000      -0.00000
     -18.89800       0.00005      -0.00005
     -18.86500       0.00327      -0.00327
     -18.83300       0.09165      -0.09165
     -18.80100       1.20100      -1.20100
     -18.76900       7.52500      -7.52500
     -18.73700      23.36000     -23.36000
     -18.70500      38.19000     -38.19000
     -18.67300      38.53000     -38.53000
     -18.64100      36.41000     -36.41000
     -18.60800      40.40000     -40.40000
     -18.57600      36.70000     -36.70000
     -18.54400      27.01000     -27.01000
     -18.51200      23.65000     -23.65000
     -18.48000      21.36000     -21.36000
     -18.44800      12.82000     -12.82000
     -18.41600       5.32300      -5.32300
     -18.38400       3.29900      -3.29900
     -18.35100       3.56000      -3.56000
     -18.31900       4.78900      -4.78900
     -18.28700       6.79300      -6.79300
     -18.25500      11.12000     -11.12000
     -18.22300      23.02000     -23.02000
     -18.19100      35.25000     -35.25000
     -18.15900      30.24000     -30.24000
     -18.12600      16.13000     -16.13000
     -18.09400       9.72800      -9.72800
     -18.06200      10.79000     -10.79000
     -18.03000      13.43000     -13.43000
     -17.99800      11.17000     -11.17000
     -17.96600       5.18700      -5.18700
     -17.93400       2.55900      -2.55900
     -17.90200       5.70600      -5.70600
     -17.86900      13.96000     -13.96000
     -17.83700      22.18000     -22.18000
     -17.80500      22.00000     -22.00000
     -17.77300      15.08000     -15.08000
     -17.74100       9.36600      -9.36600
     -17.70900       6.37200      -6.37200
     -17.67700       4.66000      -4.66000
     -17.64500       4.52000      -4.52000
     -17.61200       7.73300      -7.73300
     -17.58000      16.33000     -16.33000
     -17.54800      23.98000     -23.98000
     -17.51600      21.08000     -21.08000
     -17.48400      13.90000     -13.90000
     -17.45200      12.10000     -12.10000
     -17.42000      18.77000     -18.77000
     -17.38800      35.17000     -35.17000
     -17.35500      49.66000     -49.66000
     -17.32300      49.84000     -49.84000
     -17.29100      48.59000     -48.59000
     -17.25900      53.41000     -53.41000
     -17.22700      50.37000     -50.37000
     -17.19500      34.62000     -34.62000
     -17.16300      22.75000     -22.75000
     -17.13100      22.53000     -22.53000
     -17.09800      21.72000     -21.72000
     -17.06600      18.03000     -18.03000
     -17.03400      19.18000     -19.18000
     -17.00200      24.07000     -24.07000
     -16.97000      28.73000     -28.73000
     -16.93800      30.91000     -30.91000
     -16.90600      30.75000     -30.75000
     -16.87400      27.62000     -27.62000
     -16.84100      20.79000     -20.79000
     -16.80900      15.66000     -15.66000
     -16.77700      12.78000     -12.78000
     -16.74500      11.63000     -11.63000
     -16.71300      13.51000     -13.51000
     -16.68100      16.53000     -16.53000
     -16.64900      18.57000     -18.57000
     -16.61700      20.05000     -20.05000
     -16.58400      22.57000     -22.57000
     -16.55200      24.37000     -24.37000
     -16.52000      25.44000     -25.44000
     -16.48800      26.37000     -26.37000
     -16.45600      26.29000     -26.29000
     -16.42400      26.42000     -26.42000
     -16.39200      26.07000     -26.07000
     -16.36000      29.25000     -29.25000
     -16.32700      36.07000     -36.07000
     -16.29500      36.77000     -36.77000
     -16.26300      29.35000     -29.35000
     -16.23100      23.71000     -23.71000
     -16.19900      23.82000     -23.82000
     -16.16700      21.51000     -21.51000
     -16.13500      16.70000     -16.70000
     -16.10300      21.81000     -21.81000
     -16.07000      35.56000     -35.56000
     -16.03800      38.82000     -38.82000
     -16.00600      36.89000     -36.89000
     -15.97400      49.04000     -49.04000
     -15.94200      61.95000     -61.95000
     -15.91000      62.86000     -62.86000
     -15.87800      58.01000     -58.01000
     -15.84600      42.14000     -42.14000
     -15.81300      18.80000     -18.80000
     -15.78100       5.05300      -5.05300
     -15.74900       2.21800      -2.21800
     -15.71700       6.05300      -6.05300
     -15.68500      13.94000     -13.94000
     -15.65300      21.74000     -21.74000
     -15.62100      30.46000     -30.46000
     -15.58900      39.83000     -39.83000
     -15.55600      39.38000     -39.38000
     -15.52400      28.51000     -28.51000
     -15.49200      23.37000     -23.37000
     -15.46000      32.01000     -32.01000
     -15.42800      40.72000     -40.72000
     -15.39600      36.84000     -36.84000
     -15.36400      28.01000     -28.01000
     -15.33200      26.68000     -26.68000
     -15.29900      32.17000     -32.17000
     -15.26700      34.40000     -34.40000
     -15.23500      30.40000     -30.40000
     -15.20300      26.15000     -26.15000
     -15.17100      25.40000     -25.40000
     -15.13900      28.05000     -28.05000
     -15.10700      33.06000     -33.06000
     -15.07500      36.74000     -36.74000
     -15.04200      35.19000     -35.19000
     -15.01000      30.61000     -30.61000
     -14.97800      27.00000     -27.00000
     -14.94600      24.40000     -24.40000
     -14.91400      24.88000     -24.88000
     -14.88200      27.06000     -27.06000
     -14.85000      26.95000     -26.95000
     -14.81800      26.58000     -26.58000
     -14.78500      30.41000     -30.41000
     -14.75300      38.53000     -38.53000
     -14.72100      50.38000     -50.38000
     -14.68900      60.42000     -60.42000
     -14.65700      53.74000     -53.74000
     -14.62500      33.91000     -33.91000
     -14.59300      22.06000     -22.06000
     -14.56100      26.26000     -26.26000
     -14.52800      38.87000     -38.87000
     -14.49600      43.75000     -43.75000
     -14.46400      34.22000     -34.22000
     -14.43200      20.98000     -20.98000
     -14.40000      10.95000     -10.95000
     -14.36800       4.38600      -4.38600
     -14.33600       4.46200      -4.46200
     -14.30400      15.31000     -15.31000
     -14.27100      35.14000     -35.14000
     -14.23900      52.79000     -52.79000
     -14.20700      59.75000     -59.75000
     -14.17500      48.95000     -48.95000
     -14.14300      24.88000     -24.88000
     -14.11100       7.01500      -7.01500
     -14.07900       1.03300      -1.03300
     -14.04700       0.10870      -0.10870
     -14.01400       0.38110      -0.38110
     -13.98200       2.31400      -2.31400
     -13.95000       8.32800      -8.32800
     -13.91800      19.95000     -19.95000
     -13.88600      33.05000     -33.05000
     -13.85400      34.32000     -34.32000
     -13.82200      19.63000     -19.63000
     -13.78900       5.79500      -5.79500
     -13.75700       2.27200      -2.27200
     -13.72500       8.40800      -8.40800
     -13.69300      23.06000     -23.06000
     -13.66100      35.20000     -35.20000
     -13.62900      38.33000     -38.33000
     -13.59700      37.24000     -37.24000
     -13.56500      32.45000     -32.45000
     -13.53200      27.95000     -27.95000
     -13.50000      30.03000     -30.03000
     -13.46800      34.17000     -34.17000
     -13.43600      31.23000     -31.23000
     -13.40400      25.15000     -25.15000
     -13.37200      21.53000     -21.53000
     -13.34000      20.58000     -20.58000
     -13.30800      26.75000     -26.75000
     -13.27500      33.18000     -33.18000
     -13.24300      28.19000     -28.19000
     -13.21100      17.72000     -17.72000
     -13.17900      12.69000     -12.69000
     -13.14700      18.38000     -18.38000
     -13.11500      37.76000     -37.76000
     -13.08300      59.86000     -59.86000
     -13.05100      63.34000     -63.34000
     -13.01800      48.84000     -48.84000
     -12.98600      39.21000     -39.21000
     -12.95400      47.23000     -47.23000
     -12.92200      61.83000     -61.83000
     -12.89000      70.73000     -70.73000
     -12.85800      74.17000     -74.17000
     -12.82600      73.53000     -73.53000
     -12.79400      68.80000     -68.80000
     -12.76100      56.34000     -56.34000
     -12.72900      41.63000     -41.63000
     -12.69700      34.35000     -34.35000
     -12.66500      30.93000     -30.93000
     -12.63300      31.48000     -31.48000
     -12.60100      40.44000     -40.44000
     -12.56900      49.76000     -49.76000
     -12.53700      54.42000     -54.42000
     -12.50400      54.16000     -54.16000
     -12.47200      47.86000     -47.86000
     -12.44000      42.76000     -42.76000
     -12.40800      46.24000     -46.24000
     -12.37600      57.53000     -57.53000
     -12.34400      60.44000     -60.44000
     -12.31200      45.19000     -45.19000
     -12.28000      30.44000     -30.44000
     -12.24700      30.98000     -30.98000
     -12.21500      38.36000     -38.36000
     -12.18300      37.90000     -37.90000
     -12.15100      30.62000     -30.62000
     -12.11900      30.52000     -30.52000
     -12.08700      36.36000     -36.36000
     -12.05500      42.09000     -42.09000
     -12.02300      53.05000     -53.05000
     -11.99000      66.06000     -66.06000
     -11.95800      69.91000     -69.91000
     -11.92600      65.24000     -65.24000
     -11.89400      60.91000     -60.91000
     -11.86200      62.67000     -62.67000
     -11.83000      60.68000     -60.68000
     -11.79800      39.47000     -39.47000
     -11.76600      14.09000     -14.09000
     -11.73300       2.53500      -2.53500
     -11.70100       0.22090      -0.22090
     -11.66900       0.01616      -0.01616
     -11.63700       0.15840      -0.15840
     -11.60500       1.69800      -1.69800
     -11.57300       9.11500      -9.11500
     -11.54100      26.25000     -26.25000
     -11.50900      45.28000     -45.28000
     -11.47600      53.38000     -53.38000
     -11.44400      47.31000     -47.31000
     -11.41200      32.94000     -32.94000
     -11.38000      19.10000     -19.10000
     -11.34800      10.91000     -10.91000
     -11.31600       9.60600      -9.60600
     -11.28400      17.04000     -17.04000
     -11.25200      33.31000     -33.31000
     -11.21900      47.70000     -47.70000
     -11.18700      42.86000     -42.86000
     -11.15500      24.92000     -24.92000
     -11.12300      13.12000     -13.12000
     -11.09100      12.35000     -12.35000
     -11.05900      18.48000     -18.48000
     -11.02700      29.44000     -29.44000
     -10.99500      45.48000     -45.48000
     -10.96200      60.56000     -60.56000
     -10.93000      68.09000     -68.09000
     -10.89800      60.82000     -60.82000
     -10.86600      38.88000     -38.88000
     -10.83400      18.79000     -18.79000
     -10.80200       9.83600      -9.83600
     -10.77000       6.65900      -6.65900
     -10.73800       5.51500      -5.51500
     -10.70500       6.01700      -6.01700
     -10.67300      10.77000     -10.77000
     -10.64100      23.54000     -23.54000
     -10.60900      34.21000     -34.21000
     -10.57700      28.03000     -28.03000
     -10.54500      14.16000     -14.16000
     -10.51300       5.46900      -5.46900
     -10.48100       1.68100      -1.68100
     -10.44800       0.33910      -0.33910
     -10.41600       0.26070      -0.26070
     -10.38400       2.14800      -2.14800
     -10.35200      10.97000     -10.97000
     -10.32000      32.07000     -32.07000
     -10.28800      57.03000     -57.03000
     -10.25600      65.33000     -65.33000
     -10.22400      48.97000     -48.97000
     -10.19100      23.49000     -23.49000
     -10.15900       7.16300      -7.16300
     -10.12700       1.41900      -1.41900
     -10.09500       0.17730      -0.17730
     -10.06300       0.01436      -0.01436
     -10.03100       0.05292      -0.05292
      -9.99900       0.71260      -0.71260
      -9.96700       4.72300      -4.72300
      -9.93400      16.15000     -16.15000
      -9.90200      31.12000     -31.12000
      -9.87000      40.33000     -40.33000
      -9.83800      48.29000     -48.29000
      -9.80600      58.27000     -58.27000
      -9.77400      56.38000     -56.38000
      -9.74200      48.34000     -48.34000
      -9.70900      50.47000     -50.47000
      -9.67700      59.88000     -59.88000
      -9.64500      72.91000     -72.91000
      -9.61300      91.00000     -91.00000
      -9.58100     101.50000    -101.50000
      -9.54900      87.93000     -87.93000
      -9.51700      61.17000     -61.17000
      -9.48500      55.21000     -55.21000
      -9.45200      86.16000     -86.16000
      -9.42000     124.70000    -124.70000
      -9.38800     131.20000    -131.20000
      -9.35600     108.60000    -108.60000
      -9.32400      81.92000     -81.92000
      -9.29200      74.40000     -74.40000
      -9.26000      98.24000     -98.24000
      -9.22800     138.40000    -138.40000
      -9.19500     153.10000    -153.10000
      -9.16300     112.40000    -112.40000
      -9.13100      57.98000     -57.98000
      -9.09900      33.09000     -33.09000
      -9.06700      22.88000     -22.88000
      -9.03500      14.94000     -14.94000
      -9.00300      17.84000     -17.84000
      -8.97100      33.96000     -33.96000
      -8.93800      52.14000     -52.14000
      -8.90600      64.20000     -64.20000
      -8.87400      80.79000     -80.79000
      -8.84200     104.70000    -104.70000
      -8.81000     118.30000    -118.30000
      -8.77800     108.90000    -108.90000
      -8.74600      83.47000     -83.47000
      -8.71400      62.94000     -62.94000
      -8.68100      58.83000     -58.83000
      -8.64900      54.86000     -54.86000
      -8.61700      41.10000     -41.10000
      -8.58500      29.60000     -29.60000
      -8.55300      27.44000     -27.44000
      -8.52100      36.49000     -36.49000
      -8.48900      42.92000     -42.92000
      -8.45700      44.49000     -44.49000
      -8.42400      63.46000     -63.46000
      -8.39200      97.96000     -97.96000
      -8.36000     121.90000    -121.90000
      -8.32800     113.30000    -113.30000
      -8.29600      78.01000     -78.01000
      -8.26400      57.73000     -57.73000
      -8.23200      71.93000     -71.93000
      -8.20000      87.41000     -87.41000
      -8.16700      83.81000     -83.81000
      -8.13500      74.90000     -74.90000
      -8.10300      66.88000     -66.88000
      -8.07100      64.77000     -64.77000
      -8.03900      79.25000     -79.25000
      -8.00700      97.20000     -97.20000
      -7.97500      92.53000     -92.53000
      -7.94300      72.45000     -72.45000
      -7.91000      55.60000     -55.60000
      -7.87800      47.53000     -47.53000
      -7.84600      48.03000     -48.03000
      -7.81400      47.17000     -47.17000
      -7.78200      42.80000     -42.80000
      -7.75000      41.91000     -41.91000
      -7.71800      42.88000     -42.88000
      -7.68600      37.62000     -37.62000
      -7.65300      32.95000     -32.95000
      -7.62100      33.11000     -33.11000
      -7.58900      34.28000     -34.28000
      -7.55700      38.32000     -38.32000
      -7.52500      47.06000     -47.06000
      -7.49300      63.61000     -63.61000
      -7.46100      77.01000     -77.01000
      -7.42900      76.75000     -76.75000
      -7.39600      73.44000     -73.44000
      -7.36400      68.85000     -68.85000
      -7.33200      57.18000     -57.18000
      -7.30000      44.21000     -44.21000
      -7.26800      37.55000     -37.55000
      -7.23600      43.66000     -43.66000
      -7.20400      60.60000     -60.60000
      -7.17200      68.83000     -68.83000
      -7.13900      62.89000     -62.89000
      -7.10700      58.65000     -58.65000
      -7.07500      56.07000     -56.07000
      -7.04300      41.55000     -41.55000
      -7.01100      20.15000     -20.15000
      -6.97900       6.36500      -6.36500
      -6.94700       3.45900      -3.45900
      -6.91500      11.01000     -11.01000
      -6.88200      29.02000     -29.02000
      -6.85000      50.43000     -50.43000
      -6.81800      74.14000     -74.14000
      -6.78600     104.10000    -104.10000
      -6.75400     123.40000    -123.40000
      -6.72200     122.60000    -122.60000
      -6.69000     110.60000    -110.60000
      -6.65800      95.16000     -95.16000
      -6.62500      82.50000     -82.50000
      -6.59300      68.35000     -68.35000
      -6.56100      55.27000     -55.27000
      -6.52900      55.62000     -55.62000
      -6.49700      77.50000     -77.50000
      -6.46500     109.20000    -109.20000
      -6.43300     143.70000    -143.70000
      -6.40100     164.10000    -164.10000
      -6.36800     125.00000    -125.00000
      -6.33600      56.95000     -56.95000
      -6.30400      20.88000     -20.88000
      -6.27200      18.08000     -18.08000
      -6.24000      35.58000     -35.58000
      -6.20800      66.97000     -66.97000
      -6.17600      92.46000     -92.46000
      -6.14400      94.96000     -94.96000
      -6.11100      77.35000     -77.35000
      -6.07900      58.20000     -58.20000
      -6.04700      65.38000     -65.38000
      -6.01500      77.55000     -77.55000
      -5.98300      60.21000     -60.21000
      -5.95100      35.12000     -35.12000
      -5.91900      25.96000     -25.96000
      -5.88700      21.26000     -21.26000
      -5.85400      12.71000     -12.71000
      -5.82200       6.26200      -6.26200
      -5.79000       3.47900      -3.47900
      -5.75800       2.19000      -2.19000
      -5.72600       2.04100      -2.04100
      -5.69400       3.19100      -3.19100
      -5.66200       5.21600      -5.21600
      -5.63000       9.04100      -9.04100
      -5.59700      17.44000     -17.44000
      -5.56500      26.64000     -26.64000
      -5.53300      28.40000     -28.40000
      -5.50100      21.53000     -21.53000
      -5.46900      13.55000     -13.55000
      -5.43700      12.54000     -12.54000
      -5.40500      18.55000     -18.55000
      -5.37200      29.08000     -29.08000
      -5.34000      38.64000     -38.64000
      -5.30800      37.40000     -37.40000
      -5.27600      25.16000     -25.16000
      -5.24400      11.38000     -11.38000
      -5.21200       3.93500      -3.93500
      -5.18000       5.36000      -5.36000
      -5.14800      17.61000     -17.61000
      -5.11500      38.26000     -38.26000
      -5.08300      54.13000     -54.13000
      -5.05100      53.16000     -53.16000
      -5.01900      38.83000     -38.83000
      -4.98700      24.95000     -24.95000
      -4.95500      17.64000     -17.64000
      -4.92300      13.10000     -13.10000
      -4.89100      12.12000     -12.12000
      -4.85800      15.30000     -15.30000
      -4.82600      21.96000     -21.96000
      -4.79400      33.84000     -33.84000
      -4.76200      37.32000     -37.32000
      -4.73000      24.68000     -24.68000
      -4.69800      16.01000     -16.01000
      -4.66600      17.43000     -17.43000
      -4.63400      17.51000     -17.51000
      -4.60100      14.72000     -14.72000
      -4.56900      11.52000     -11.52000
      -4.53700       7.30300      -7.30300
      -4.50500       3.58100      -3.58100
      -4.47300       1.70300      -1.70300
      -4.44100       1.77800      -1.77800
      -4.40900       3.18600      -3.18600
      -4.37700       4.84000      -4.84000
      -4.34400       5.81000      -5.81000
      -4.31200       6.05700      -6.05700
      -4.28000       7.73200      -7.73200
      -4.24800      12.18000     -12.18000
      -4.21600      14.45000     -14.45000
      -4.18400      11.29000     -11.29000
      -4.15200       7.72700      -7.72700
      -4.12000       6.95500      -6.95500
      -4.08700       8.40600      -8.40600
      -4.05500      12.01000     -12.01000
      -4.02300      18.01000     -18.01000
      -3.99100      21.23000     -21.23000
      -3.95900      18.19000     -18.19000
      -3.92700      15.02000     -15.02000
      -3.89500      14.02000     -14.02000
      -3.86300      12.61000     -12.61000
      -3.83000      11.26000     -11.26000
      -3.79800      10.59000     -10.59000
      -3.76600      10.10000     -10.10000
      -3.73400       9.36900      -9.36900
      -3.70200       9.30300      -9.30300
      -3.67000      13.65000     -13.65000
      -3.63800      23.86000     -23.86000
      -3.60600      33.63000     -33.63000
      -3.57300      39.96000     -39.96000
      -3.54100      42.31000     -42.31000
      -3.50900      36.36000     -36.36000
      -3.47700      29.35000     -29.35000
      -3.44500      31.88000     -31.88000
      -3.41300      34.59000     -34.59000
      -3.38100      29.65000     -29.65000
      -3.34900      26.94000     -26.94000
      -3.31600      27.63000     -27.63000
      -3.28400      23.29000     -23.29000
      -3.25200      17.83000     -17.83000
      -3.22000      20.82000     -20.82000
      -3.18800      34.46000     -34.46000
      -3.15600      47.28000     -47.28000
      -3.12400      48.69000     -48.69000
      -3.09200      47.02000     -47.02000
      -3.05900      44.80000     -44.80000
      -3.02700      38.29000     -38.29000
      -2.99500      33.04000     -33.04000
      -2.96300      33.02000     -33.02000
      -2.93100      38.17000     -38.17000
      -2.89900      44.93000     -44.93000
      -2.86700      44.26000     -44.26000
      -2.83500      30.13000     -30.13000
      -2.80200      11.97000     -11.97000
      -2.77000       2.82200      -2.82200
      -2.73800       2.84500      -2.84500
      -2.70600      11.60000     -11.60000
      -2.67400      29.85000     -29.85000
      -2.64200      40.99000     -40.99000
      -2.61000      28.19000     -28.19000
      -2.57800       9.37200      -9.37200
      -2.54500       1.83600      -1.83600
      -2.51300       3.35400      -3.35400
      -2.48100      14.15000     -14.15000
      -2.44900      31.95000     -31.95000
      -2.41700      38.60000     -38.60000
      -2.38500      25.34000     -25.34000
      -2.35300       8.98700      -8.98700
      -2.32100       1.67800      -1.67800
      -2.28800       0.15950      -0.15950
      -2.25600       0.00747      -0.00747
      -2.22400       0.00071      -0.00071
      -2.19200       0.01410      -0.01410
      -2.16000       0.17780      -0.17780
      -2.12800       1.12100      -1.12100
      -2.09600       3.70200      -3.70200
      -2.06400       6.91600      -6.91600
      -2.03100       8.71500      -8.71500
      -1.99900      10.69000     -10.69000
      -1.96700      16.25000     -16.25000
      -1.93500      25.93000     -25.93000
      -1.90300      34.89000     -34.89000
      -1.87100      33.53000     -33.53000
      -1.83900      22.12000     -22.12000
      -1.80700      12.71000     -12.71000
      -1.77400       9.34100      -9.34100
      -1.74200      10.34000     -10.34000
      -1.71000      15.57000     -15.57000
      -1.67800      21.88000     -21.88000
      -1.64600      21.41000     -21.41000
      -1.61400      16.51000     -16.51000
      -1.58200      17.16000     -17.16000
      -1.55000      20.73000     -20.73000
      -1.51700      24.11000     -24.11000
      -1.48500      28.90000     -28.90000
      -1.45300      29.56000     -29.56000
      -1.42100      21.85000     -21.85000
      -1.38900      11.31000     -11.31000
      -1.35700       5.28300      -5.28300
      -1.32500       4.12000      -4.12000
      -1.29300       6.69100      -6.69100
      -1.26000      12.11000     -12.11000
      -1.22800      15.68000     -15.68000
      -1.19600      18.97000     -18.97000
      -1.16400      24.27000     -24.27000
      -1.13200      25.03000     -25.03000
      -1.10000      21.12000     -21.12000
      -1.06800      19.50000     -19.50000
      -1.03500      21.17000     -21.17000
      -1.00300      21.08000     -21.08000
      -0.97100      20.92000     -20.92000
      -0.93900      24.06000     -24.06000
      -0.90700      30.41000     -30.41000
      -0.87500      36.37000     -36.37000
      -0.84300      35.70000     -35.70000
      -0.81100      31.70000     -31.70000
      -0.77800      30.40000     -30.40000
      -0.74600      30.29000     -30.29000
      -0.71400      29.91000     -29.91000
      -0.68200      30.54000     -30.54000
      -0.65000      28.26000     -28.26000
      -0.61800      20.52000     -20.52000
      -0.58600      10.78000     -10.78000
      -0.55400       4.52600      -4.52600
      -0.52100       2.82900      -2.82900
      -0.48900       3.10800      -3.10800
      -0.45700       2.99500      -2.99500
      -0.42500       1.72700      -1.72700
      -0.39300       0.61740      -0.61740
      -0.36100       0.68100      -0.68100
      -0.32900       1.76500      -1.76500
      -0.29700       3.55900      -3.55900
      -0.26400       8.40500      -8.40500
      -0.23200      20.86000     -20.86000
      -0.20000      38.45000     -38.45000
      -0.16800      49.84000     -49.84000
      -0.13600      47.63000     -47.63000
      -0.10400      36.11000     -36.11000
      -0.07200      30.48000     -30.48000
      -0.04000      37.40000     -37.40000
      -0.00700      41.34000     -41.34000
       0.02500      39.10000     -39.10000
       0.05700      36.45000     -36.45000
       0.08900      27.15000     -27.15000
       0.12100      20.60000     -20.60000
       0.15300      30.09000     -30.09000
       0.18500      41.51000     -41.51000
       0.21700      33.40000     -33.40000
       0.25000      19.44000     -19.44000
       0.28200      24.08000     -24.08000
       0.31400      49.11000     -49.11000
       0.34600      77.35000     -77.35000
       0.37800      86.56000     -86.56000
       0.41000      69.14000     -69.14000
       0.44200      40.79000     -40.79000
       0.47400      24.33000     -24.33000
       0.50700      17.76000     -17.76000
       0.53900      11.75000     -11.75000
       0.57100       8.55800      -8.55800
       0.60300       8.01400      -8.01400
       0.63500       6.88200      -6.88200
       0.66700       5.73300      -5.73300
       0.69900       8.35200      -8.35200
       0.73100      15.05000     -15.05000
       0.76400      17.19000     -17.19000
       0.79600      12.50000     -12.50000
       0.82800       9.36900      -9.36900
       0.86000       9.68000      -9.68000
       0.89200      11.85000     -11.85000
       0.92400      20.51000     -20.51000
       0.95600      36.41000     -36.41000
       0.98800      45.43000     -45.43000
       1.02100      42.48000     -42.48000
       1.05300      40.01000     -40.01000
       1.08500      39.40000     -39.40000
       1.11700      32.80000     -32.80000
       1.14900      21.36000     -21.36000
       1.18100      10.10000     -10.10000
       1.21300       4.98100      -4.98200
       1.24500      11.08000     -11.08000
       1.27800      29.33000     -29.32000
       1.31000      53.51000     -53.51000
       1.34200      70.13000     -70.13000
       1.37400      73.25000     -73.23000
       1.40600      68.58000     -68.57000
       1.43800      57.74000     -57.77000
       1.47000      40.06000     -40.08000
       1.50200      24.19000     -24.18000
       1.53500      22.58000     -22.57000
       1.56700      35.38000     -35.38000
       1.59900      45.02000     -45.03000
       1.63100      43.31000     -43.32000
       1.66300      44.54000     -44.54000
       1.69500      47.61000     -47.62000
       1.72700      48.71000     -48.72000
       1.75900      50.16000     -50.15000
       1.79200      43.67000     -43.66000
       1.82400      35.28000     -35.27000
       1.85600      47.28000     -47.26000
       1.88800      94.54000     -94.48000
       1.92000     149.70000    -149.60000
       1.95200     162.60000    -162.60000
       1.98400     134.40000    -134.60000
       2.01600     106.40000    -106.40000
       2.04900     103.50000    -102.70000
       2.08100     117.40000    -116.20000
       2.11300     122.80000    -122.20000
       2.14500     117.00000    -117.10000
       2.17700     108.70000    -108.70000
       2.20900      95.35000     -94.53000
       2.24100      74.78000     -74.34000
       2.27300      59.75000     -61.21000
       2.30600      69.40000     -70.87000
       2.33800      96.84000     -96.39000
       2.37000     114.90000    -113.60000
       2.40200     114.50000    -114.20000
       2.43400     105.50000    -106.50000
       2.46600     101.10000    -101.70000
       2.49800     100.60000    -100.70000
       2.53000      97.95000     -98.11000
       2.56300      93.92000     -94.14000
       2.59500      88.40000     -88.77000
       2.62700      80.65000     -80.58000
       2.65900      72.50000     -71.07000
       2.69100      69.74000     -67.69000
       2.72300      67.05000     -66.12000
       2.75500      60.86000     -61.03000
       2.78700      58.04000     -57.66000
       2.82000      57.78000     -56.34000
       2.85200      57.81000     -55.99000
       2.88400      58.34000     -56.68000
       2.91600      60.65000     -60.05000
       2.94800      65.99000     -67.42000
       2.98000      66.19000     -67.86000
       3.01200      59.44000     -60.85000
       3.04500      58.50000     -60.74000
       3.07700      68.71000     -70.11000
       3.10900      82.68000     -83.51000
       3.14100      92.09000     -93.45000
       3.17300      92.29000     -91.65000
       3.20500      85.26000     -82.06000
       3.23700      78.63000     -75.59000
       3.26900      76.47000     -73.41000
       3.30200      76.07000     -72.87000
       3.33400      76.46000     -75.04000
       3.36600      77.79000     -79.15000
       3.39800      78.29000     -82.20000
       3.43000      77.15000     -82.97000
       3.46200      77.46000     -82.16000
       3.49400      80.88000     -81.74000
       3.52600      82.34000     -80.62000
       3.55900      78.89000     -77.30000
       3.59100      75.94000     -73.93000
       3.62300      75.84000     -72.40000
       3.65500      76.38000     -72.94000
       3.68700      76.57000     -74.08000
       3.71900      75.62000     -74.36000
       3.75100      73.37000     -73.52000
       3.78300      71.08000     -71.98000
       3.81600      69.28000     -69.95000
       3.84800      67.91000     -69.01000
       3.88000      66.38000     -68.65000
       3.91200      64.13000     -67.17000
       3.94400      62.87000     -66.66000
       3.97600      64.92000     -67.55000
       4.00800      67.23000     -67.47000
       4.04000      67.39000     -67.08000
       4.07300      68.58000     -68.79000
       4.10500      69.62000     -70.50000
       4.13700      68.63000     -69.04000
       4.16900      66.88000     -66.67000
       4.20100      65.59000     -66.06000
       4.23300      65.82000     -67.11000
       4.26500      64.84000     -66.09000
       4.29700      61.61000     -62.23000
       4.33000      62.49000     -61.05000
       4.36200      67.20000     -63.74000
       4.39400      67.36000     -63.97000
       4.42600      63.09000     -61.49000
       4.45800      61.46000     -61.19000
       4.49000      62.85000     -61.24000
       4.52200      61.70000     -58.05000
       4.55400      56.44000     -54.66000
       4.58700      50.99000     -52.99000
       4.61900      47.87000     -51.09000
       4.65100      46.62000     -49.59000
       4.68300      46.03000     -48.05000
       4.71500      44.72000     -45.34000
       4.74700      43.19000     -43.43000
       4.77900      42.15000     -43.22000
       4.81100      41.17000     -41.00000
       4.84400      40.00000     -36.23000
       4.87600      37.58000     -32.81000
       4.90800      32.86000     -31.94000
       4.94000      28.29000     -32.47000
       4.97200      26.82000     -32.44000
       5.00400      28.53000     -31.18000
       5.03600      30.29000     -30.27000
       5.06800      30.22000     -29.99000
       5.10100      28.14000     -29.16000
       5.13300      24.91000     -27.26000
       5.16500      22.61000     -24.94000
       5.19700      22.23000     -23.56000
       5.22900      21.93000     -23.05000
       5.26100      20.38000     -22.33000
       5.29300      19.07000     -20.83000
       5.32500      18.60000     -18.20000
       5.35800      18.40000     -15.49000
       5.39000      18.65000     -14.49000
       5.42200      18.17000     -15.93000
       5.45400      15.95000     -17.21000
       5.48600      13.33000     -15.81000
       5.51800      11.02000     -13.13000
       5.55000       9.32000     -10.20000
       5.58200       8.24500      -7.05800
       5.61500       7.44200      -5.17800
       5.64700       7.10800      -4.67400
       5.67900       6.83800      -3.93400
       5.71100       5.46800      -2.74100
       5.74300       3.07200      -1.81100
       5.77500       1.38600      -1.34900
       5.80700       0.81650      -1.07300
       5.83900       0.46310      -0.81510
       5.87200       0.15160      -0.58220
       5.90400       0.02483      -0.31030
       5.93600       0.00195      -0.09391
       5.96800       0.00007      -0.01406
       6.00000       0.00000      -0.00098
       6.03200       0.00000      -0.00003
       6.06400       0.00000      -0.00000
       6.09600       0.00000      -0.00000
       6.12900       0.00000      -0.00000
       6.16100       0.00000      -0.00000
       6.19300       0.00000       0.00000
       6.22500       0.00000       0.00000
       6.25700       0.00000       0.00000
       6.28900       0.00000       0.00000
       6.32100       0.00000       0.00000
       6.35300       0.00000       0.00000
       6.38600       0.00000       0.00000
       6.41800       0.00000       0.00000
       6.45000       0.00000       0.00000
       6.48200       0.00000       0.00000
       6.51400       0.00000       0.00000
       6.54600       0.00000       0.00000
       6.57800       0.00000       0.00000
       6.61000       0.00000       0.00000
       6.64300       0.00000       0.00000
       6.67500       0.00000       0.00000
       6.70700       0.00000       0.00000
       6.73900       0.00000       0.00000
       6.77100       0.00000       0.00000
       6.80300       0.00000       0.00000
       6.83500       0.00000       0.00000
       6.86700       0.00000       0.00000
       6.90000       0.00000       0.00000
       6.93200       0.00000       0.00000
       6.96400       0.00000       0.00000
       6.99600       0.00000       0.00000
       7.02800       0.00000       0.00000
       7.06000       0.00000       0.00000
       7.09200       0.00000       0.00000
       7.12400       0.00000       0.00000
       7.15700       0.00000       0.00000
       7.18900       0.00000       0.00000
       7.22100       0.00000       0.00000
       7.25300       0.00000       0.00000
       7.28500       0.00000       0.00000
       7.31700       0.00000       0.00000
