      #Energy        TDOS-UP        TDOS-DOWN
     -19.72748       0.00000       0.00000
     -19.69748       0.00000       0.00000
     -19.66748       0.00000       0.00000
     -19.63748       0.00000       0.00000
     -19.60748       0.00000       0.00000
     -19.57748       0.00000       0.00000
     -19.54748       0.00000       0.00000
     -19.51748       0.00000       0.00000
     -19.48848       0.00000       0.00000
     -19.45848       0.00000       0.00000
     -19.42848       0.00000       0.00000
     -19.39848       0.00000       0.00000
     -19.36848       0.00000       0.00000
     -19.33848       0.00000       0.00000
     -19.30848       0.00000       0.00000
     -19.27848       0.00000       0.00000
     -19.24948       0.00000       0.00000
     -19.21948       0.00000       0.00000
     -19.18948       0.00000       0.00000
     -19.15948       0.00000       0.00000
     -19.12948       0.00000       0.00000
     -19.09948       0.00000       0.00000
     -19.06948       0.00000       0.00000
     -19.03948       0.00000       0.00000
     -19.00948       0.00000       0.00000
     -18.98048       0.00000       0.00000
     -18.95048       0.00000       0.00000
     -18.92048       0.00000       0.00000
     -18.89048       0.00000       0.00000
     -18.86048       0.00000       0.00000
     -18.83048       0.00000       0.00000
     -18.80048       0.00000       0.00000
     -18.77048       0.00000       0.00000
     -18.74148       0.00000       0.00000
     -18.71148       0.00000       0.00000
     -18.68148       0.00000       0.00000
     -18.65148       0.00000       0.00000
     -18.62148       0.00000      -0.00000
     -18.59148       0.00000      -0.00000
     -18.56148       0.00000      -0.00000
     -18.53148       0.00000      -0.00000
     -18.50148       0.00003      -0.00000
     -18.47248       0.00087      -0.00015
     -18.44248       0.01206      -0.00290
     -18.41248       0.09413      -0.03143
     -18.38248       0.43413      -0.19508
     -18.35248       1.26675      -0.73351
     -18.32248       2.57266      -1.81069
     -18.29248       4.10866      -3.26945
     -18.26248       5.81616      -4.89568
     -18.23348       7.75763      -6.71673
     -18.20348       9.67654      -8.69122
     -18.17348      11.08674     -10.41695
     -18.14348      11.86288     -11.51550
     -18.11348      12.40058     -12.13387
     -18.08348      13.12442     -12.74940
     -18.05348      14.10524     -13.61742
     -18.02348      15.21275     -14.66547
     -17.99448      16.38227     -15.79345
     -17.96448      17.58674     -16.98478
     -17.93448      18.69186     -18.16415
     -17.90448      19.47696     -19.12973
     -17.87448      19.85937     -19.70642
     -17.84448      19.97691     -19.93490
     -17.81448      19.99849     -19.99121
     -17.78448      20.00076     -19.99943
     -17.75448      20.00089     -20.00011
     -17.72548      20.00091     -20.00014
     -17.69548      20.00136     -20.00020
     -17.66548      20.00931     -20.00167
     -17.63548      20.08343     -20.02197
     -17.60548      20.45960     -20.17179
     -17.57548      21.52588     -20.77738
     -17.54548      23.27881     -22.15844
     -17.51548      25.08327     -24.01879
     -17.48648      26.54023     -25.68327
     -17.45648      27.90188     -27.06074
     -17.42648      29.42278     -28.51337
     -17.39648      31.04334     -30.14887
     -17.36648      32.48655     -31.75882
     -17.33648      33.44646     -33.00945
     -17.30648      33.91147     -33.70925
     -17.27648      34.20273     -34.02608
     -17.24748      34.68425     -34.33754
     -17.21748      35.53359     -34.95442
     -17.18748      36.70281     -35.98215
     -17.15748      37.96599     -37.27716
     -17.12748      39.01001     -38.49941
     -17.09748      39.63973     -39.34950
     -17.06748      39.90745     -39.78508
     -17.03748      39.98510     -39.94911
     -17.00748      39.99959     -39.99206
     -16.97848      40.00120     -39.99912
     -16.94848      40.00130     -39.99978
     -16.91848      40.00130     -39.99982
     -16.88848      40.00130     -39.99982
     -16.85848      40.00130     -39.99982
     -16.82848      40.00130     -39.99982
     -16.79848      40.00130     -39.99982
     -16.76848      40.00130     -39.99982
     -16.73948      40.00130     -39.99982
     -16.70948      40.00130     -39.99982
     -16.67948      40.00130     -39.99982
     -16.64948      40.00131     -39.99982
     -16.61948      40.00146     -39.99985
     -16.58948      40.00354     -40.00052
     -16.55948      40.01902     -40.00713
     -16.52948      40.08361     -40.04290
     -16.50048      40.24614     -40.15573
     -16.47048      40.53214     -40.38784
     -16.44048      40.97885     -40.77059
     -16.41048      41.66803     -41.37283
     -16.38048      42.58640     -42.22098
     -16.35048      43.55318     -43.18148
     -16.32048      44.37011     -44.05861
     -16.29048      44.95471     -44.73226
     -16.26048      45.34599     -45.19496
     -16.23148      45.61734     -45.51049
     -16.20148      45.82490     -45.73960
     -16.17148      46.05233     -45.94926
     -16.14148      46.45171     -46.26581
     -16.11148      47.16122     -46.85146
     -16.08148      48.11664     -47.73442
     -16.05148      49.09791     -48.72525
     -16.02148      50.02554     -49.66454
     -15.99248      50.97364     -50.59217
     -15.96248      51.93474     -51.54624
     -15.93248      52.85445     -52.46760
     -15.90248      53.77596     -53.36476
     -15.87248      54.71853     -54.29851
     -15.84248      55.58341     -55.20747
     -15.81248      56.42156     -56.03351
     -15.78248      57.52354     -56.99087
     -15.75348      58.93732     -58.28932
     -15.72348      60.35335     -59.72551
     -15.69348      61.61385     -61.03203
     -15.66348      62.71478     -62.20408
     -15.63348      63.49824     -63.16578
     -15.60348      63.87346     -63.73470
     -15.57348      63.99977     -63.95305
     -15.54348      64.10090     -64.04145
     -15.51348      64.36489     -64.20891
     -15.48448      64.94188     -64.62510
     -15.45448      65.87892     -65.36807
     -15.42448      67.11716     -66.40252
     -15.39448      68.49778     -67.65555
     -15.36448      69.82177     -68.97462
     -15.33448      71.06359     -70.22675
     -15.30448      72.23072     -71.45199
     -15.27448      73.17135     -72.59132
     -15.24548      73.89071     -73.47891
     -15.21548      74.66596     -74.22696
     -15.18548      75.66620     -75.12038
     -15.15548      76.72157     -76.18711
     -15.12548      77.55298     -77.16315
     -15.09548      78.06453     -77.82963
     -15.06548      78.35799     -78.20468
     -15.03548      78.59448     -78.44549
     -15.00648      78.95255     -78.71522
     -14.97648      79.69238     -79.21242
     -14.94648      80.96438     -80.17890
     -14.91648      82.45272     -81.59433
     -14.88648      83.65555     -83.00214
     -14.85648      84.53193     -84.03973
     -14.82648      85.36036     -84.85860
     -14.79648      86.23182     -85.70436
     -14.76648      87.17066     -86.59882
     -14.73748      88.35257     -87.61908
     -14.70748      89.82896     -88.93277
     -14.67748      91.40379     -90.48012
     -14.64748      92.95069     -92.05779
     -14.61748      94.48355     -93.62262
     -14.58748      95.89704     -95.16758
     -14.55748      96.97437     -96.49486
     -14.52748      97.61933     -97.38170
     -14.49848      97.92861     -97.82852
     -14.46848      98.11015     -98.03550
     -14.43848      98.36532     -98.23646
     -14.40848      98.80621     -98.58746
     -14.37848      99.43802     -99.13547
     -14.34848     100.20400     -99.83765
     -14.31848     101.05843    -100.63082
     -14.28848     101.99801    -101.49541
     -14.25948     103.06504    -102.46517
     -14.22948     104.30656    -103.60973
     -14.19948     105.61352    -104.92387
     -14.16948     106.71506    -106.18422
     -14.13948     107.51929    -107.14292
     -14.10948     108.24538    -107.87693
     -14.07948     109.08994    -108.65606
     -14.04948     110.03834    -109.57458
     -14.01948     111.03201    -110.56780
     -13.99048     112.03016    -111.58627
     -13.96048     112.91013    -112.54467
     -13.93048     113.54792    -113.29616
     -13.90048     113.99926    -113.80383
     -13.87048     114.48840    -114.23156
     -13.84048     115.20329    -114.81647
     -13.81048     116.12211    -115.64550
     -13.78048     117.13520    -116.62198
     -13.75148     118.18549    -117.66675
     -13.72148     119.15914    -118.70733
     -13.69148     120.00788    -119.62883
     -13.66148     120.95583    -120.53196
     -13.63148     122.13028    -121.64231
     -13.60148     123.24332    -122.82662
     -13.57148     124.07922    -123.76022
     -13.54148     124.87149    -124.50962
     -13.51148     125.86680    -125.39617
     -13.48248     126.92322    -126.45288
     -13.45248     127.78825    -127.42474
     -13.42248     128.47774    -128.19595
     -13.39248     129.10672    -128.85555
     -13.36248     129.68460    -129.43941
     -13.33248     130.26443    -129.98413
     -13.30248     130.87951    -130.58413
     -13.27248     131.38882    -131.16649
     -13.24348     131.68747    -131.56064
     -13.21348     131.84137    -131.76326
     -13.18348     131.93203    -131.87731
     -13.15348     131.98078    -131.95052
     -13.12348     131.99839    -131.98705
     -13.09348     132.00220    -131.99845
     -13.06348     132.00396    -132.00075
     -13.03348     132.01699    -132.00452
     -13.00448     132.08947    -132.03154
     -12.97448     132.32799    -132.15060
     -12.94448     132.82280    -132.47006
     -12.91448     133.55128    -133.03226
     -12.88448     134.43604    -133.77837
     -12.85448     135.37099    -134.65221
     -12.82448     136.17955    -135.56237
     -12.79448     136.77581    -136.33866
     -12.76448     137.24568    -136.92296
     -12.73548     137.63487    -137.38880
     -12.70548     137.88851    -137.74167
     -12.67548     138.04804    -137.96047
     -12.64548     138.35597    -138.19482
     -12.61548     139.12912    -138.76120
     -12.58548     140.40993    -139.84854
     -12.55548     141.81550    -141.22437
     -12.52548     142.97515    -142.46336
     -12.49648     143.90757    -143.42595
     -12.46648     144.81563    -144.28083
     -12.43648     145.78957    -145.20069
     -12.40648     146.82702    -146.22722
     -12.37648     147.89374    -147.32398
     -12.34648     148.83781    -148.36291
     -12.31648     149.50025    -149.15280
     -12.28648     149.96758    -149.64597
     -12.25748     150.55293    -150.02769
     -12.22748     151.55721    -150.59766
     -12.19748     153.01880    -151.60447
     -12.16748     154.62501    -153.04769
     -12.13748     155.96873    -154.60968
     -12.10748     156.88979    -155.91814
     -12.07748     157.46184    -156.83964
     -12.04748     157.78857    -157.43276
     -12.01748     157.95878    -157.78096
     -11.98848     158.13376    -157.99374
     -11.95848     158.62870    -158.30099
     -11.92848     159.75294    -159.05114
     -11.89848     161.38410    -160.42772
     -11.86848     163.02707    -162.15913
     -11.83848     164.38498    -163.78462
     -11.80848     165.40001    -165.04377
     -11.77848     166.03661    -165.85353
     -11.74948     166.44014    -166.31637
     -11.71948     166.95304    -166.76562
     -11.68948     167.74247    -167.47782
     -11.65948     168.56776    -168.33120
     -11.62948     169.12862    -168.98647
     -11.59948     169.46386    -169.36892
     -11.56948     169.80941    -169.69251
     -11.53948     170.27106    -170.12413
     -11.51048     170.74570    -170.61118
     -11.48048     171.11030    -171.01307
     -11.45048     171.37198    -171.29872
     -11.42048     171.58737    -171.52424
     -11.39048     171.78185    -171.72402
     -11.36048     171.98914    -171.92355
     -11.33048     172.26096    -172.16647
     -11.30048     172.65419    -172.49892
     -11.27048     173.25807    -173.00584
     -11.24148     174.13371    -173.78512
     -11.21148     175.20999    -174.80926
     -11.18148     176.33782    -175.92693
     -11.15148     177.40350    -177.01024
     -11.12148     178.32112    -177.97941
     -11.09148     179.04706    -178.76705
     -11.06148     179.65050    -179.39364
     -11.03148     180.25931    -179.98467
     -11.00248     180.95313    -180.65653
     -10.97248     181.68594    -181.40876
     -10.94248     182.29475    -182.09317
     -10.91248     182.69933    -182.57036
     -10.88248     183.01979    -182.89796
     -10.85248     183.42467    -183.25396
     -10.82248     183.96535    -183.73817
     -10.79248     184.59672    -184.32248
     -10.76348     185.31041    -184.96819
     -10.73348     186.17903    -185.72012
     -10.70348     187.26637    -186.66464
     -10.67348     188.51357    -187.81861
     -10.64348     189.76078    -189.06701
     -10.61348     190.93910    -190.27014
     -10.58348     192.16763    -191.43920
     -10.55348     193.58933    -192.71628
     -10.52348     195.20526    -194.19386
     -10.49448     196.88527    -195.83817
     -10.46448     198.41260    -197.50101
     -10.43448     199.60348    -198.94318
     -10.40448     200.46717    -200.01334
     -10.37448     201.12588    -200.78201
     -10.34448     201.62174    -201.36960
     -10.31448     201.95510    -201.79435
     -10.28448     202.26186    -202.10544
     -10.25548     202.80359    -202.51751
     -10.22548     203.69343    -203.25884
     -10.19548     204.70159    -204.25953
     -10.16548     205.59276    -205.22795
     -10.13548     206.45705    -206.10628
     -10.10548     207.42487    -207.04796
     -10.07548     208.45111    -208.07061
     -10.04548     209.48317    -209.09998
     -10.01648     210.48416    -210.11158
      -9.98648     211.30258    -211.01800
      -9.95648     211.78040    -211.63607
      -9.92648     211.95854    -211.91333
      -9.89648     212.00160    -211.98999
      -9.86648     212.03669    -212.01897
      -9.83648     212.17824    -212.11591
      -9.80648     212.57634    -212.42697
      -9.77648     213.29690    -213.05939
      -9.74748     214.20123    -213.92816
      -9.71748     215.06985    -214.81097
      -9.68748     215.82731    -215.57531
      -9.65748     216.61331    -216.30199
      -9.62748     217.61400    -217.19332
      -9.59748     218.80234    -218.31488
      -9.56748     220.01323    -219.51367
      -9.53748     221.25595    -220.71426
      -9.50848     222.63508    -222.03317
      -9.47848     224.05454    -223.47355
      -9.44848     225.29009    -224.82085
      -9.41848     226.29600    -225.92179
      -9.38848     227.29654    -226.90679
      -9.35848     228.53179    -228.05614
      -9.32848     229.97396    -229.45827
      -9.29848     231.39268    -230.91851
      -9.26948     232.63570    -232.22413
      -9.23948     233.72244    -233.34404
      -9.20948     234.72582    -234.35265
      -9.17948     235.68214    -235.30344
      -9.14948     236.61933    -236.21927
      -9.11948     237.61255    -237.15392
      -9.08948     238.78161    -238.21407
      -9.05948     240.26098    -239.53598
      -9.02948     242.10116    -241.23571
      -9.00048     244.07938    -243.23037
      -8.97048     245.72787    -245.10640
      -8.94048     246.73588    -246.40903
      -8.91048     247.21398    -247.07551
      -8.88048     247.46078    -247.38443
      -8.85048     247.67704    -247.59761
      -8.82048     247.98416    -247.85969
      -8.79048     248.48734    -248.29086
      -8.76148     249.14889    -248.91894
      -8.73148     249.77907    -249.58049
      -8.70148     250.32513    -250.14448
      -8.67148     250.93738    -250.71758
      -8.64148     251.66078    -251.41319
      -8.61148     252.34518    -252.12584
      -8.58148     252.91007    -252.72419
      -8.55148     253.40653    -253.23664
      -8.52148     253.84816    -253.70456
      -8.49248     254.27590    -254.14007
      -8.46248     254.88246    -254.68867
      -8.43248     255.85387    -255.56281
      -8.40248     257.19101    -256.81330
      -8.37248     258.78826    -258.34108
      -8.34248     260.53551    -260.04620
      -8.31248     262.27230    -261.80271
      -8.28248     263.80007    -263.41176
      -8.25348     265.01740    -264.72186
      -8.22348     266.02227    -265.77528
      -8.19348     267.01937    -266.76955
      -8.16348     268.11613    -267.84449
      -8.13348     269.27862    -268.99443
      -8.10348     270.40660    -270.13362
      -8.07348     271.42701    -271.17853
      -8.04348     272.33776    -272.11229
      -8.01448     273.13735    -272.94042
      -7.98448     273.79517    -273.63498
      -7.95448     274.36827    -274.21018
      -7.92448     275.14874    -274.87890
      -7.89448     276.56118    -276.03586
      -7.86448     278.79637    -277.96478
      -7.83448     281.54730    -280.55151
      -7.80448     284.18169    -283.27540
      -7.77448     286.32216    -285.62070
      -7.74548     288.12200    -287.54603
      -7.71548     289.82652    -289.30777
      -7.68548     291.39627    -290.95880
      -7.65548     292.71145    -292.36467
      -7.62548     293.82584    -293.52656
      -7.59548     294.88913    -294.59628
      -7.56548     295.98065    -295.68661
      -7.53548     297.07083    -296.78844
      -7.50648     298.12620    -297.85457
      -7.47648     299.19696    -298.91576
      -7.44648     300.33809    -300.04075
      -7.41648     301.52627    -301.22551
      -7.38648     302.77557    -302.46076
      -7.35648     304.19368    -303.84227
      -7.32648     305.79034    -305.41681
      -7.29648     307.42703    -307.06948
      -7.26748     308.90117    -308.60578
      -7.23748     310.01152    -309.81130
      -7.20748     310.73088    -310.60671
      -7.17748     311.24602    -311.14156
      -7.14748     311.86185    -311.69958
      -7.11748     312.95188    -312.64872
      -7.08748     314.64639    -314.21654
      -7.05748     316.50285    -316.08719
      -7.02748     317.99163    -317.67712
      -6.99848     319.12544    -318.86337
      -6.96848     320.19052    -319.92068
      -6.93848     321.34734    -321.05135
      -6.90848     322.68642    -322.35084
      -6.87848     324.24169    -323.86980
      -6.84848     325.80547    -325.46317
      -6.81848     326.99500    -326.76430
      -6.78848     327.64699    -327.53402
      -6.75948     327.92570    -327.87387
      -6.72948     328.09937    -328.03892
      -6.69948     328.41611    -328.27944
      -6.66948     329.02925    -328.78710
      -6.63948     329.90683    -329.59462
      -6.60948     330.89258    -330.56961
      -6.57948     331.86697    -331.56552
      -6.54948     332.76473    -332.50764
      -6.52048     333.46348    -333.28946
      -6.49048     333.86913    -333.78039
      -6.46048     334.10663    -334.03898
      -6.43048     334.45033    -334.32191
      -6.40048     335.17777    -334.90293
      -6.37048     336.62770    -336.04376
      -6.34048     339.12211    -337.98583
      -6.31048     342.42686    -340.67550
      -6.28048     345.65034    -343.63349
      -6.25148     348.21452    -346.33452
      -6.22148     350.42491    -348.62499
      -6.19148     352.83042    -350.77472
      -6.16148     355.57955    -353.16230
      -6.13148     358.34048    -355.89485
      -6.10148     360.71357    -358.75454
      -6.07148     362.72108    -361.43495
      -6.04148     364.62549    -363.76083
      -6.01248     366.60073    -365.76250
      -5.98248     368.69563    -367.63047
      -5.95248     370.79621    -369.53952
      -5.92248     372.91009    -371.58362
      -5.89248     375.42541    -373.96881
      -5.86248     378.62768    -376.95654
      -5.83248     382.30444    -380.49436
      -5.80248     386.01109    -384.21445
      -5.77348     389.37710    -387.77917
      -5.74348     392.33479    -391.08840
      -5.71348     395.04000    -394.16278
      -5.68348     397.44401    -396.86186
      -5.65348     399.29883    -398.92644
      -5.62348     400.59175    -400.33111
      -5.59348     401.73631    -401.46073
      -5.56348     403.28934    -402.89857
      -5.53348     405.40292    -404.91250
      -5.50448     407.67172    -407.16876
      -5.47448     409.76991    -409.27427
      -5.44448     411.74784    -411.25622
      -5.41448     413.55514    -413.11283
      -5.38448     415.04094    -414.56905
      -5.35448     416.42634    -415.53239
      -5.32448     418.18882    -416.40668
      -5.29448     420.37665    -417.87933
      -5.26548     422.56419    -420.21537
      -5.23548     424.71362    -422.86231
      -5.20548     427.45797    -425.37838
      -5.17548     431.17508    -428.28961
      -5.14548     435.24626    -432.09784
      -5.11548     438.79902    -436.24522
      -5.08548     441.74551    -439.96980
      -5.05548     444.64718    -443.31937
      -5.02648     447.96987    -446.76158
      -4.99648     451.64065    -450.42639
      -4.96648     455.31144    -454.06132
      -4.93648     458.72078    -457.37504
      -4.90648     461.66742    -460.17063
      -4.87648     464.11984    -462.48591
      -4.84648     466.27436    -464.62817
      -4.81648     468.25512    -466.79822
      -4.78648     469.89898    -468.79258
      -4.75748     470.99663    -470.25148
      -4.72748     471.62068    -471.11652
      -4.69748     472.01390    -471.65272
      -4.66748     472.35588    -472.11332
      -4.63748     472.75165    -472.59320
      -4.60748     473.25901    -473.12835
      -4.57748     473.84063    -473.71117
      -4.54748     474.43585    -474.29428
      -4.51848     475.11995    -474.93476
      -4.48848     476.01980    -475.77231
      -4.45848     477.15166    -476.84426
      -4.42848     478.52854    -478.13628
      -4.39848     480.22380    -479.71426
      -4.36848     482.16915    -481.54890
      -4.33848     484.22446    -483.44481
      -4.30848     486.46085    -485.35400
      -4.27948     488.95301    -487.49582
      -4.24948     491.42486    -489.96438
      -4.21948     493.51812    -492.38438
      -4.18948     495.26820    -494.40652
      -4.15948     497.00888    -496.26522
      -4.12948     498.84098    -498.22791
      -4.09948     500.51308    -500.04268
      -4.06948     501.92433    -501.43660
      -4.03948     503.35933    -502.61134
      -4.01048     505.11882    -504.02199
      -3.98048     507.09779    -505.86724
      -3.95048     508.87851    -507.82918
      -3.92048     510.22013    -509.44839
      -3.89048     511.19766    -510.61730
      -3.86048     512.03595    -511.50579
      -3.83048     513.12285    -512.38367
      -3.80048     514.85829    -513.64417
      -3.77148     517.26679    -515.56368
      -3.74148     520.06268    -518.02133
      -3.71148     523.03502    -520.74357
      -3.68148     526.14107    -523.74325
      -3.65148     529.35619    -527.17350
      -3.62148     532.57130    -530.80395
      -3.59148     535.71470    -534.18191
      -3.56148     538.76174    -537.20460
      -3.53148     541.53507    -540.04800
      -3.50248     543.95702    -542.81342
      -3.47248     546.38389    -545.59796
      -3.44248     549.27944    -548.62453
      -3.41248     552.73359    -552.05478
      -3.38248     556.14891    -555.53732
      -3.35248     558.55606    -558.18098
      -3.32248     559.65147    -559.50691
      -3.29248     559.95735    -559.91621
      -3.26348     560.03556    -559.99112
      -3.23348     560.21830    -560.00552
      -3.20348     560.86461    -560.06347
      -3.17348     562.31559    -560.35382
      -3.14348     564.45038    -561.24231
      -3.11348     566.64419    -562.96864
      -3.08348     568.32376    -565.21056
      -3.05348     569.36150    -567.27857
      -3.02448     570.06548    -568.74180
      -2.99448     570.91109    -569.65853
      -2.96448     572.13334    -570.41345
      -2.93448     573.57820    -571.41609
      -2.90448     574.95747    -572.77235
      -2.87448     576.08515    -574.25740
      -2.84448     576.93734    -575.57586
      -2.81448     577.64744    -576.57416
      -2.78448     578.35605    -577.31938
      -2.75548     579.10664    -577.99004
      -2.72548     579.91730    -578.69566
      -2.69548     580.83806    -579.49555
      -2.66548     582.04582    -580.54002
      -2.63548     583.82145    -582.09708
      -2.60548     586.06441    -584.21798
      -2.57548     588.19636    -586.42598
      -2.54548     589.88131    -588.22776
      -2.51648     591.17304    -589.64543
      -2.48648     592.10859    -590.85812
      -2.45648     592.76117    -591.85238
      -2.42648     593.32875    -592.59670
      -2.39648     593.96340    -593.18758
      -2.36648     594.70847    -593.74559
      -2.33648     595.53226    -594.35425
      -2.30648     596.32200    -595.07930
      -2.27748     596.96144    -595.88502
      -2.24748     597.46103    -596.64517
      -2.21748     598.02995    -597.38680
      -2.18748     599.03946    -598.39093
      -2.15748     600.58232    -599.79530
      -2.12748     602.13998    -601.24419
      -2.09748     603.25078    -602.32750
      -2.06748     604.08563    -603.05643
      -2.03748     604.97980    -603.68854
      -2.00848     605.97377    -604.44436
      -1.97848     606.92157    -605.37752
      -1.94848     607.76285    -606.38210
      -1.91848     608.60218    -607.33453
      -1.88848     609.51099    -608.22481
      -1.85848     610.42054    -609.12496
      -1.82848     611.29260    -610.05483
      -1.79848     612.21874    -610.98067
      -1.76948     613.25827    -611.92937
      -1.73948     614.29900    -612.96337
      -1.70948     615.23410    -614.01620
      -1.67948     616.13798    -614.96729
      -1.64948     617.12821    -615.86056
      -1.61948     618.22780    -616.82704
      -1.58948     619.35952    -617.91528
      -1.55948     620.35438    -619.07493
      -1.53048     621.07360    -620.15271
      -1.50048     621.52778    -620.97053
      -1.47048     621.80317    -621.48641
      -1.44048     621.97516    -621.78393
      -1.41048     622.11352    -621.96064
      -1.38048     622.28592    -622.09660
      -1.35048     622.55360    -622.25968
      -1.32048     622.97849    -622.51456
      -1.29048     623.59253    -622.92781
      -1.26148     624.33177    -623.52183
      -1.23148     625.13630    -624.21116
      -1.20148     626.12100    -624.91439
      -1.17148     627.35296    -625.75089
      -1.14148     628.54608    -626.88156
      -1.11148     629.36928    -628.13085
      -1.08148     629.88038    -629.10465
      -1.05148     630.37371    -629.70151
      -1.02248     630.99372    -630.18034
      -0.99248     631.68201    -630.81828
      -0.96248     632.53211    -631.76489
      -0.93248     633.83160    -633.08500
      -0.90248     635.42466    -634.60770
      -0.87248     636.67620    -635.91540
      -0.84248     637.29935    -636.76729
      -0.81248     637.55170    -637.22954
      -0.78348     637.77418    -637.46446
      -0.75348     638.17323    -637.65956
      -0.72348     638.79160    -637.99683
      -0.69348     639.52755    -638.55410
      -0.66348     640.28606    -639.24538
      -0.63348     641.05114    -639.95578
      -0.60348     641.83221    -640.68232
      -0.57348     642.63958    -641.46085
      -0.54348     643.45351    -642.28943
      -0.51448     644.25147    -643.13594
      -0.48448     645.08542    -643.98244
      -0.45448     646.01336    -644.88273
      -0.42448     647.00403    -645.87177
      -0.39448     647.97365    -646.87052
      -0.36448     648.84003    -647.78022
      -0.33448     649.58255    -648.56413
      -0.30448     650.26173    -649.23479
      -0.27548     650.94972    -649.84121
      -0.24548     651.68866    -650.45107
      -0.21548     652.46988    -651.10784
      -0.18548     653.21957    -651.81376
      -0.15548     653.87276    -652.55240
      -0.12548     654.48889    -653.25682
      -0.09548     655.18943    -653.82664
      -0.06548     655.95362    -654.28336
      -0.03648     656.63877    -654.79909
      -0.00648     657.16586    -655.47409
       0.02352     657.56073    -656.18344
       0.05352     657.92556    -656.76178
       0.08352     658.40275    -657.20236
       0.11352     659.04876    -657.57631
       0.14352     659.78277    -657.95101
       0.17352     660.57056    -658.42431
       0.20352     661.53584    -659.06883
       0.23252     662.72523    -659.81673
       0.26252     663.93358    -660.53968
       0.29252     664.91993    -661.27190
       0.32252     665.59269    -662.18594
       0.35252     665.97919    -663.32886
       0.38252     666.19389    -664.51376
       0.41252     666.37014    -665.47725
       0.44252     666.57740    -666.09846
       0.47152     666.81367    -666.46425
       0.50152     667.05325    -666.73229
       0.53152     667.29619    -666.98439
       0.56152     667.58516    -667.23652
       0.59152     667.99258    -667.51843
       0.62152     668.54730    -667.89925
       0.65152     669.15118    -668.42245
       0.68152     669.63166    -669.01752
       0.71052     669.89490    -669.52772
       0.74052     669.98738    -669.83913
       0.77052     670.00666    -669.96468
       0.80052     670.00889    -669.99531
       0.83052     670.00905    -669.99951
       0.86052     670.00959    -669.99983
       0.89052     670.01785    -670.00002
       0.92052     670.08480    -670.00352
       0.95052     670.38141    -670.03809
       0.97952     671.12737    -670.22323
       1.00952     672.23354    -670.78124
       1.03952     673.22780    -671.76923
       1.06952     673.77730    -672.83850
       1.09952     673.96468    -673.56817
       1.12952     674.00373    -673.88932
       1.15952     674.00857    -673.98111
       1.18952     674.00892    -673.99771
       1.21852     674.00893    -673.99950
       1.24852     674.00893    -673.99961
       1.27852     674.00893    -673.99962
       1.30852     674.00893    -673.99962
       1.33852     674.00893    -673.99962
       1.36852     674.00893    -673.99962
       1.39852     674.00893    -673.99962
       1.42852     674.00893    -673.99962
       1.45852     674.00894    -673.99962
       1.48752     674.00920    -673.99964
       1.51752     674.01192    -674.00006
       1.54752     674.02834    -674.00406
       1.57752     674.08901    -674.02561
       1.60752     674.24318    -674.09846
       1.63752     674.54125    -674.27374
       1.66752     674.98617    -674.60090
       1.69752     675.47650    -675.06553
       1.72652     675.88138    -675.54317
       1.75652     676.19811    -675.91353
       1.78652     676.53785    -676.20128
       1.81652     676.95573    -676.52264
       1.84652     677.37465    -676.92812
       1.87652     677.72365    -677.33867
       1.90652     678.08012    -677.67142
       1.93652     678.56717    -677.98728
       1.96552     679.16104    -678.42548
       1.99552     679.75999    -679.01008
       2.02552     680.41900    -679.64848
       2.05552     681.27611    -680.34887
       2.08552     682.28307    -681.21062
       2.11552     683.30035    -682.18531
       2.14552     684.35333    -683.14342
       2.17552     685.46039    -684.13126
       2.20552     686.43299    -685.22264
       2.23452     687.16551    -686.24334
       2.26452     687.82825    -687.01530
       2.29452     688.56420    -687.66116
       2.32452     689.28177    -688.36903
       2.35452     689.87490    -689.09766
       2.38452     690.41304    -689.72141
       2.41452     691.03604    -690.26702
       2.44452     691.77842    -690.87120
       2.47352     692.56158    -691.59624
       2.50352     693.34026    -692.36999
       2.53352     694.13851    -693.12895
       2.56352     694.97187    -693.90180
       2.59352     695.83571    -694.71574
       2.62352     696.71523    -695.56105
       2.65352     697.62494    -696.41757
       2.68352     698.58394    -697.28813
       2.71252     699.48214    -698.21292
       2.74252     700.16700    -699.14280
       2.77252     700.65763    -699.90922
       2.80252     701.09911    -700.44572
       2.83252     701.66086    -700.87197
       2.86252     702.52141    -701.35767
       2.89252     703.71827    -702.05418
       2.92252     705.06796    -703.03933
       2.95252     706.34130    -704.25247
       2.98152     707.39966    -705.54673
       3.01152     708.20568    -706.75001
       3.04152     708.80642    -707.73098
       3.07152     709.29586    -708.47694
       3.10152     709.78859    -709.05407
       3.13152     710.32404    -709.56622
       3.16152     710.80003    -710.10421
       3.19152     711.13064    -710.62144
       3.22052     711.35844    -711.00440
       3.25052     711.54837    -711.25496
       3.28052     711.71546    -711.45036
       3.31052     711.85410    -711.62475
       3.34052     711.96169    -711.77522
       3.37052     712.08003    -711.89679
       3.40052     712.34284    -712.00273
       3.43052     712.93611    -712.17795
       3.45952     713.95279    -712.59109
       3.48952     715.20447    -713.39950
       3.51952     716.28703    -714.57992
       3.54952     717.00759    -715.82846
       3.57952     717.57681    -716.83065
       3.60952     718.29872    -717.66685
       3.63952     719.32585    -718.70429
       3.66952     720.73456    -720.19128
       3.69952     722.50332    -722.08330
       3.72852     724.36142    -724.07451
       3.75852     725.91609    -725.75812
       3.78852     726.96041    -726.89013
       3.81852     727.58939    -727.53017
       3.84852     728.10885    -727.92219
       3.87852     728.91487    -728.41014
       3.90852     730.16252    -729.32612
       3.93852     731.53074    -730.56002
       3.96752     732.75239    -731.62719
       3.99752     734.03814    -732.43307
       4.02752     735.71562    -733.42345
       4.05752     737.89000    -735.10854
       4.08752     740.37171    -737.66853
       4.11752     742.69968    -740.67747
       4.14752     744.51117    -743.37880
       4.17752     745.87027    -745.37510
       4.20652     747.05338    -746.82444
       4.23652     748.24455    -748.07298
       4.26652     749.48787    -749.32153
       4.29652     750.72222    -750.56963
       4.32652     751.84453    -751.71553
       4.35652     752.85791    -752.73804
       4.38652     753.85367    -753.72498
       4.41652     754.81880    -754.68100
       4.44652     755.73762    -755.57890
       4.47552     756.78119    -756.57212
       4.50552     758.07351    -757.81872
       4.53552     759.47445    -759.21338
       4.56552     760.83026    -760.57264
       4.59552     762.19803    -761.91247
       4.62552     763.70728    -763.37615
       4.65552     765.30797    -764.97579
       4.68552     766.73505    -766.46935
       4.71452     767.89784    -767.66576
       4.74452     769.13174    -768.74010
       4.77452     770.82685    -769.99776
       4.80452     773.08086    -771.64969
       4.83452     775.73587    -773.80122
       4.86452     778.54208    -776.30429
       4.89452     781.41461    -778.94630
       4.92452     784.34138    -781.77312
       4.95352     787.05705    -784.76249
       4.98352     789.46555    -787.53209
       5.01352     791.99013    -789.89367
       5.04352     794.85176    -792.23733
       5.07352     797.65169    -794.89413
       5.10352     800.01850    -797.66000
       5.13352     802.04050    -800.24150
       5.16352     803.90667    -802.60174
       5.19352     805.57175    -804.70397
       5.22252     806.92413    -806.40983
       5.25252     808.02641    -807.69603
       5.28252     809.19009    -808.77485
       5.31252     810.99471    -810.15129
       5.34252     813.88458    -812.38394
       5.37252     817.60766    -815.52838
       5.40252     821.42635    -819.10057
       5.43252     824.84316    -822.62644
       5.46152     827.80026    -825.89683
       5.49152     830.36398    -828.81314
       5.52152     832.63817    -831.35715
       5.55152     834.81136    -833.64015
       5.58152     837.04595    -835.82484
       5.61152     839.46849    -838.11949
       5.64152     842.18999    -840.74044
       5.67152     845.18802    -843.71263
       5.70152     848.22714    -846.79776
       5.73052     850.97448    -849.63280
       5.76052     853.32770    -852.05415
       5.79052     855.55079    -854.30129
       5.82052     857.93135    -856.68932
       5.85052     860.48955    -859.25349
       5.88052     863.06702    -861.82947
       5.91052     865.46192    -864.20360
       5.94052     867.60194    -866.29358
       5.96952     869.65890    -868.28749
       5.99952     871.81969    -870.41660
       6.02952     874.06086    -872.69557
       6.05952     876.28036    -875.00217
       6.08952     878.53946    -877.33522
       6.11952     880.98381    -879.80722
       6.14952     883.62597    -882.43085
       6.17952     886.35404    -885.13098
       6.20852     889.02697    -887.83365
       6.23852     891.54065    -890.46371
       6.26852     893.88685    -892.96827
       6.29852     896.11815    -895.33225
       6.32852     898.29553    -897.57610
       6.35852     900.51892    -899.77424
       6.38852     902.87438    -902.01885
       6.41852     905.31753    -904.33651
       6.44852     907.71781    -906.68420
       6.47752     910.00171    -909.01068
       6.50752     912.18596    -911.28785
       6.53752     914.31821    -913.50691
       6.56752     916.44568    -915.68861
       6.59752     918.62022    -917.88974
       6.62752     920.87752    -920.16258
       6.65752     923.19698    -922.50131
       6.68752     925.51912    -924.82674
       6.71652     927.79166    -927.05147
       6.74652     929.98487    -929.17865
       6.77652     932.10084    -931.28640
       6.80652     934.18857    -933.41955
       6.83652     936.29603    -935.55942
       6.86652     938.40184    -937.68839
       6.89652     940.47613    -939.82483
       6.92652     942.55639    -941.98427
       6.95552     944.69656    -944.15134
       6.98552     946.87991    -946.30645
       7.01552     949.03547    -948.45559
       7.04552     951.14173    -950.60891
       7.07552     953.23574    -952.74863
       7.10552     955.35051    -954.86012
       7.13552     957.52415    -956.98192
       7.16552     959.79400    -959.17124
       7.19552     962.11958    -961.42944
       7.22452     964.41005    -963.71229
       7.25452     966.63628    -965.98304
       7.28452     968.80842    -968.22839
       7.31452     970.92200    -970.43340
       7.34452     972.98658    -972.54220
       7.37452     975.00589    -974.49622
       7.40452     976.95019    -976.31563
       7.43452     978.79156    -978.08066
       7.46352     980.51924    -979.85494
       7.49352     982.14562    -981.65105
       7.52352     983.72031    -983.43101
       7.55352     985.30366    -985.15331
       7.58352     986.92646    -986.82242
       7.61352     988.56733    -988.44357
       7.64352     990.16638    -989.98480
       7.67352     991.67921    -991.43996
       7.70252     993.09897    -992.85793
       7.73252     994.43223    -994.28083
       7.76252     995.70543    -995.70134
       7.79252     996.96503    -997.07179
       7.82252     998.22777    -998.33379
       7.85252     999.46332    -999.47566
       7.88252    1000.62401   -1000.53805
       7.91252    1001.68327   -1001.55278
       7.94252    1002.66648   -1002.54630
       7.97152    1003.62982   -1003.55476
       8.00152    1004.59973   -1004.57756
       8.03152    1005.54977   -1005.58378
       8.06152    1006.44827   -1006.55040
       8.09152    1007.30987   -1007.44412
       8.12152    1008.16594   -1008.22669
       8.15152    1009.00139   -1008.91363
       8.18152    1009.76707   -1009.56696
       8.21052    1010.44401   -1010.21701
       8.24052    1011.06776   -1010.85137
       8.27052    1011.68314   -1011.46063
       8.30052    1012.28956   -1012.03955
       8.33052    1012.86012   -1012.56814
       8.36052    1013.38064   -1013.03965
       8.39052    1013.84288   -1013.48337
       8.42052    1014.23506   -1013.91290
       8.44952    1014.56052   -1014.30463
       8.47952    1014.83953   -1014.65004
       8.50952    1015.08199   -1014.96692
       8.53952    1015.29321   -1015.26564
       8.56952    1015.47860   -1015.53200
       8.59952    1015.62690   -1015.73867
       8.62952    1015.73176   -1015.87240
       8.65952    1015.80945   -1015.94513
       8.68952    1015.87376   -1015.97977
       8.71852    1015.92280   -1015.99439
       8.74852    1015.95658   -1015.99932
       8.77852    1015.98166   -1016.00044
       8.80852    1015.99925   -1016.00059
       8.83852    1016.00785   -1016.00060
       8.86852    1016.01037   -1016.00060
       8.89852    1016.01079   -1016.00060
       8.92852    1016.01082   -1016.00060
       8.95752    1016.01083   -1016.00060
       8.98752    1016.01083   -1016.00060
       9.01752    1016.01083   -1016.00060
       9.04752    1016.01083   -1016.00060
       9.07752    1016.01083   -1016.00060
       9.10752    1016.01083   -1016.00060
       9.13752    1016.01083   -1016.00060
       9.16752    1016.01083   -1016.00060
       9.19652    1016.01083   -1016.00060
       9.22652    1016.01083   -1016.00060
       9.25652    1016.01083   -1016.00060
       9.28652    1016.01083   -1016.00060
       9.31652    1016.01083   -1016.00060
       9.34652    1016.01083   -1016.00060
       9.37652    1016.01083   -1016.00060
       9.40652    1016.01083   -1016.00060
       9.43652    1016.01083   -1016.00060
       9.46552    1016.01083   -1016.00060
       9.49552    1016.01083   -1016.00060
       9.52552    1016.01083   -1016.00060
       9.55552    1016.01083   -1016.00060
       9.58552    1016.01083   -1016.00060
       9.61552    1016.01083   -1016.00060
       9.64552    1016.01083   -1016.00060
       9.67552    1016.01083   -1016.00060
       9.70452    1016.01083   -1016.00060
       9.73452    1016.01083   -1016.00060
       9.76452    1016.01083   -1016.00060
       9.79452    1016.01083   -1016.00060
       9.82452    1016.01083   -1016.00060
       9.85452    1016.01083   -1016.00060
       9.88452    1016.01083   -1016.00060
       9.91452    1016.01083   -1016.00060
       9.94352    1016.01083   -1016.00060
       9.97352    1016.01083   -1016.00060
      10.00352    1016.01083   -1016.00060
      10.03352    1016.01083   -1016.00060
      10.06352    1016.01083   -1016.00060
      10.09352    1016.01083   -1016.00060
      10.12352    1016.01083   -1016.00060
