      #Energy        TDOS-UP        TDOS-DOWN
     -19.72748       0.00000       0.00000
     -19.69748       0.00000       0.00000
     -19.66748       0.00000       0.00000
     -19.63748       0.00000       0.00000
     -19.60748       0.00000       0.00000
     -19.57748       0.00000       0.00000
     -19.54748       0.00000       0.00000
     -19.51748       0.00000       0.00000
     -19.48848       0.00000       0.00000
     -19.45848       0.00000       0.00000
     -19.42848       0.00000       0.00000
     -19.39848       0.00000       0.00000
     -19.36848       0.00000       0.00000
     -19.33848       0.00000       0.00000
     -19.30848       0.00000       0.00000
     -19.27848       0.00000       0.00000
     -19.24948       0.00000       0.00000
     -19.21948       0.00000       0.00000
     -19.18948       0.00000       0.00000
     -19.15948       0.00000       0.00000
     -19.12948       0.00000       0.00000
     -19.09948       0.00000       0.00000
     -19.06948       0.00000       0.00000
     -19.03948       0.00000       0.00000
     -19.00948       0.00000       0.00000
     -18.98048       0.00000       0.00000
     -18.95048       0.00000       0.00000
     -18.92048       0.00000       0.00000
     -18.89048       0.00000       0.00000
     -18.86048       0.00000       0.00000
     -18.83048       0.00000       0.00000
     -18.80048       0.00000       0.00000
     -18.77048       0.00000       0.00000
     -18.74148       0.00000       0.00000
     -18.71148       0.00000       0.00000
     -18.68148       0.00000       0.00000
     -18.65148       0.00000       0.00000
     -18.62148       0.00000      -0.00000
     -18.59148       0.00000      -0.00000
     -18.56148       0.00000      -0.00000
     -18.53148       0.00005      -0.00000
     -18.50148       0.00218      -0.00026
     -18.47248       0.05371      -0.00930
     -18.44248       0.69520      -0.17480
     -18.41248       4.79800      -1.73500
     -18.38248      17.96000      -9.21900
     -18.35248      37.77000     -26.82000
     -18.32248      49.64000     -45.28000
     -18.29248      53.17000     -52.36000
     -18.26248      61.12000     -56.49000
     -18.23348      68.83000     -65.40000
     -18.20348      59.61000     -66.76000
     -18.17348      34.78000     -48.75000
     -18.14348      17.17000     -24.78000
     -18.11348      18.82000     -16.61000
     -18.08348      29.63000     -24.59000
     -18.05348      36.02000     -33.51000
     -18.02348      38.11000     -36.64000
     -17.99448      40.17000     -38.86000
     -17.96448      40.45000     -40.88000
     -17.93448      33.52000     -38.06000
     -17.90448      19.03000     -26.57000
     -17.87448       6.56600     -12.03000
     -17.84448       1.30100      -3.26300
     -17.81448       0.14340      -0.50630
     -17.78448       0.00856      -0.04344
     -17.75448       0.00028      -0.00200
     -17.72548       0.00090      -0.00012
     -17.69548       0.02951      -0.00371
     -17.66548       0.50230      -0.09503
     -17.63548       4.45900      -1.26400
     -17.60548      20.72000      -8.76400
     -17.57548      50.65000     -31.77000
     -17.54548      66.68000     -60.67000
     -17.51548      54.10000     -63.85000
     -17.48648      43.42000     -47.56000
     -17.45648      47.72000     -44.64000
     -17.42648      54.08000     -52.59000
     -17.39648      54.39000     -56.88000
     -17.36648      42.21000     -50.88000
     -17.33648      22.04000     -32.83000
     -17.30648       9.08500     -14.01000
     -17.27648      10.41000      -7.19700
     -17.24748      21.82000     -13.65000
     -17.21748      35.03000     -27.64000
     -17.18748      43.23000     -41.15000
     -17.15748      41.32000     -45.53000
     -17.12748      28.56000     -36.28000
     -17.09748      13.59000     -20.62000
     -17.06748       4.32900      -8.53500
     -17.03748       0.86870      -2.44400
     -17.00748       0.10120      -0.43050
     -16.97848       0.00641      -0.04226
     -16.94848       0.00021      -0.00219
     -16.91848       0.00000      -0.00006
     -16.88848       0.00000      -0.00000
     -16.85848       0.00000      -0.00000
     -16.82848       0.00000      -0.00000
     -16.79848       0.00000      -0.00000
     -16.76848       0.00000      -0.00000
     -16.73948       0.00000      -0.00000
     -16.70948       0.00000      -0.00000
     -16.67948       0.00001      -0.00000
     -16.64948       0.00037      -0.00007
     -16.61948       0.00967      -0.00233
     -16.58948       0.12960      -0.04243
     -16.55948       0.90680      -0.39960
     -16.52948       3.41600      -1.99500
     -16.50048       7.46300      -5.55700
     -16.47048      11.68000      -9.97900
     -16.44048      18.22000     -15.64000
     -16.41048      27.91000     -24.67000
     -16.38048      33.56000     -32.10000
     -16.35048      31.15000     -32.19000
     -16.32048      23.53000     -26.52000
     -16.29048      15.60000     -18.57000
     -16.26048      10.59000     -12.40000
     -16.23148       7.57200      -8.72000
     -16.20148       6.32100      -6.61500
     -16.17148       8.90200      -7.41800
     -16.14148      17.83000     -13.77000
     -16.11148      29.66000     -25.43000
     -16.08148      34.29000     -33.67000
     -16.05148      31.39000     -32.65000
     -16.02148      30.70000     -30.22000
     -15.99248      32.76000     -31.87000
     -15.96248      31.57000     -31.99000
     -15.93248      29.99000     -29.68000
     -15.90248      31.69000     -30.37000
     -15.87248      31.40000     -32.13000
     -15.84248      26.49000     -28.71000
     -15.81248      29.61000     -26.58000
     -15.78248      44.15000     -37.50000
     -15.75348      50.48000     -49.41000
     -15.72348      44.30000     -46.72000
     -15.69348      40.07000     -40.73000
     -15.66348      33.62000     -37.72000
     -15.63348      18.82000     -26.65000
     -15.60348       6.29500     -11.43000
     -15.57348       2.15900      -3.18500
     -15.54348       4.61000      -2.73200
     -15.51348      13.06000      -8.47700
     -15.48448      25.56000     -19.38000
     -15.45448      37.16000     -30.35000
     -15.42448      45.72000     -38.89000
     -15.39448      46.69000     -44.98000
     -15.36448      41.93000     -43.31000
     -15.33448      41.19000     -40.50000
     -15.30448      36.93000     -41.51000
     -15.27448      26.03000     -34.75000
     -15.24548      22.12000     -24.66000
     -15.21548      29.77000     -25.41000
     -15.18548      37.18000     -34.39000
     -15.15548      33.46000     -37.01000
     -15.12548      22.19000     -28.32000
     -15.09548      12.05000     -16.29000
     -15.06548       7.59200      -8.81400
     -15.03548       8.23700      -7.30400
     -15.00648      15.73000     -10.75000
     -14.97648      33.79000     -22.53000
     -14.94648      51.35000     -42.16000
     -14.91648      48.27000     -52.58000
     -14.88648      32.24000     -41.65000
     -14.85648      26.42000     -27.80000
     -14.82648      29.03000     -27.01000
     -14.79648      29.30000     -29.60000
     -14.76648      33.54000     -30.27000
     -14.73748      45.57000     -38.02000
     -14.70748      53.25000     -49.91000
     -14.67748      52.16000     -53.66000
     -14.64748      51.38000     -51.94000
     -14.61748      51.22000     -52.80000
     -14.58748      43.39000     -50.61000
     -14.55748      28.72000     -38.23000
     -14.52748      14.45000     -21.13000
     -14.49848       6.25100      -8.77700
     -14.46848       5.90000      -5.07700
     -14.43848      11.18000      -8.37400
     -14.40848      18.33000     -15.12000
     -14.37848      23.96000     -21.56000
     -14.34848      27.31000     -25.44000
     -14.31848      29.88000     -27.65000
     -14.28848      33.01000     -30.22000
     -14.25948      38.41000     -34.69000
     -14.22948      44.69000     -41.92000
     -14.19948      42.79000     -46.04000
     -14.16948      30.94000     -38.32000
     -14.13948      22.89000     -25.85000
     -14.10948      25.71000     -23.28000
     -14.07948      30.82000     -28.87000
     -14.04948      32.66000     -32.61000
     -14.01948      33.85000     -33.87000
     -13.99048      32.96000     -34.30000
     -13.96048      25.94000     -29.85000
     -13.93048      16.75000     -20.45000
     -13.90048      13.46000     -13.53000
     -13.87048      19.28000     -15.10000
     -13.84048      28.57000     -24.05000
     -13.81048      32.93000     -31.44000
     -13.78048      34.88000     -33.92000
     -13.75148      35.42000     -36.01000
     -13.72148      29.75000     -33.64000
     -13.69148      27.06000     -28.04000
     -13.66148      36.39000     -32.41000
     -13.63148      42.22000     -41.91000
     -13.60148      32.28000     -37.36000
     -13.57148      23.67000     -25.13000
     -13.54148      29.36000     -25.03000
     -13.51148      37.26000     -34.31000
     -13.48248      33.45000     -36.42000
     -13.45248      24.45000     -28.63000
     -13.42248      21.70000     -22.99000
     -13.39248      20.40000     -21.16000
     -13.36248      18.28000     -17.92000
     -13.33248      20.53000     -18.54000
     -13.30248      20.64000     -21.62000
     -13.27248      13.45000     -17.36000
     -13.24348       6.54000      -9.02200
     -13.21348       3.76100      -4.54000
     -13.18348       2.30700      -3.09400
     -13.15348       0.95590      -1.80600
     -13.12348       0.22290      -0.63900
     -13.09348       0.03244      -0.12440
     -13.06348       0.08542      -0.02964
     -13.03348       0.78630      -0.22240
     -13.00448       4.06500      -1.58600
     -12.97448      11.90000      -6.38300
     -12.94448      21.22000     -15.00000
     -12.91448      27.54000     -22.63000
     -12.88448      31.68000     -27.31000
     -12.85448      30.90000     -31.18000
     -12.82448      23.22000     -29.74000
     -12.79448      16.69000     -22.22000
     -12.76448      14.76000     -16.89000
     -12.73548      11.29000     -14.29000
     -12.70548       5.68700      -9.32900
     -12.67548       4.99100      -5.31600
     -12.64548      15.62000     -10.37000
     -12.61548      36.13000     -27.54000
     -12.58548      49.60000     -45.24000
     -12.55548      44.48000     -46.85000
     -12.52548      33.14000     -36.08000
     -12.49648      29.27000     -28.35000
     -12.46648      31.51000     -28.87000
     -12.43648      33.68000     -32.70000
     -12.40648      35.76000     -36.01000
     -12.37648      35.64000     -37.40000
     -12.34648      27.55000     -32.14000
     -12.31648      16.79000     -20.73000
     -12.28648      14.49000     -12.28000
     -12.25748      24.69000     -13.27000
     -12.22748      42.53000     -24.88000
     -12.19748      55.30000     -42.51000
     -12.16748      52.21000     -54.09000
     -12.13748      37.73000     -50.46000
     -12.10748      23.92000     -37.12000
     -12.07748      14.37000     -24.56000
     -12.04748       7.49900     -15.14000
     -12.01748       3.89400      -8.16600
     -11.98848       7.81800      -6.07600
     -11.95848      25.31000     -14.49000
     -11.92848      49.94000     -35.72000
     -11.89848      59.24000     -56.42000
     -11.86848      50.73000     -59.47000
     -11.83848      40.16000     -49.33000
     -11.80848      27.78000     -34.95000
     -11.77848      14.83000     -19.25000
     -11.74948      12.18000     -11.73000
     -11.71948      22.15000     -18.34000
     -11.68948      30.69000     -29.33000
     -11.65948      24.55000     -27.79000
     -11.62948      12.99000     -16.07000
     -11.59948       9.44900      -9.52900
     -11.56948      13.68000     -12.13000
     -11.53948      17.22000     -16.76000
     -11.51048      14.55000     -15.84000
     -11.48048       9.85400     -11.06000
     -11.45048       7.66100      -8.06000
     -11.42048       6.75600      -7.03500
     -11.39048       6.26100      -6.33700
     -11.36048       7.61400      -7.01800
     -11.33048      10.58000      -9.24200
     -11.30048      15.74000     -13.01000
     -11.27048      24.68000     -20.92000
     -11.24148      33.93000     -31.24000
     -11.21148      38.11000     -37.31000
     -11.18148      37.38000     -37.50000
     -11.15148      33.95000     -35.01000
     -11.12148      27.47000     -29.86000
     -11.09148      21.12000     -22.86000
     -11.06148      19.27000     -19.08000
     -11.03148      21.48000     -20.48000
     -11.00248      24.96000     -24.49000
     -10.97248      24.09000     -25.86000
     -10.94248      16.66000     -19.95000
     -10.91248      10.42000     -11.99000
     -10.88248      11.03000      -9.93800
     -10.85248      16.07000     -13.89000
     -10.82248      20.12000     -18.52000
     -10.79248      22.14000     -20.59000
     -10.76348      25.63000     -22.63000
     -10.73348      32.51000     -27.70000
     -10.70348      40.27000     -35.52000
     -10.67348      43.21000     -41.72000
     -10.64348      40.27000     -41.84000
     -10.61348      38.60000     -38.69000
     -10.58348      43.63000     -39.56000
     -10.55348      51.53000     -45.92000
     -10.52348      56.63000     -52.98000
     -10.49448      55.82000     -57.08000
     -10.46448      46.41000     -54.22000
     -10.43448      33.30000     -42.31000
     -10.40448      24.51000     -29.32000
     -10.37448      19.58000     -22.13000
     -10.34448      13.61000     -17.20000
     -10.31448       8.70300     -11.23000
     -10.28448      11.83000      -9.59200
     -10.25548      24.43000     -17.99000
     -10.22548      35.13000     -31.63000
     -10.19548      32.35000     -35.35000
     -10.16548      27.30000     -29.47000
     -10.13548      30.55000     -29.32000
     -10.10548      34.23000     -33.71000
     -10.07548      34.46000     -34.74000
     -10.04548      34.62000     -34.16000
     -10.01648      32.38000     -33.55000
      -9.98648      22.40000     -27.12000
      -9.95648       9.58200     -14.25000
      -9.92648       2.34200      -4.30800
      -9.89648       0.53980      -0.82320
      -9.86648       1.80900      -1.11700
      -9.83648       7.66600      -5.37100
      -9.80648      18.98000     -15.45000
      -9.77648      29.25000     -26.88000
      -9.74748      31.28000     -31.27000
      -9.71748      26.86000     -27.82000
      -9.68748      23.84000     -23.34000
      -9.65748      28.77000     -25.30000
      -9.62748      38.21000     -34.36000
      -9.59748      41.33000     -40.71000
      -9.56748      39.72000     -39.53000
      -9.53748      43.46000     -40.83000
      -9.50848      48.85000     -47.45000
      -9.47848      46.16000     -48.96000
      -9.44848      36.54000     -41.22000
      -9.41848      30.79000     -32.47000
      -9.38848      36.18000     -33.46000
      -9.35848      46.50000     -43.47000
      -9.32848      50.03000     -50.38000
      -9.29848      44.93000     -47.36000
      -9.26948      38.27000     -40.03000
      -9.23948      34.47000     -34.93000
      -9.20948      32.69000     -32.58000
      -9.17948      31.32000     -31.06000
      -9.14948      31.41000     -30.24000
      -9.11948      35.07000     -32.32000
      -9.08948      43.18000     -38.64000
      -9.05948      55.84000     -49.84000
      -9.02948      67.33000     -63.93000
      -9.00048      65.08000     -69.58000
      -8.97048      45.26000     -55.99000
      -8.94048      22.21000     -31.20000
      -8.91048       9.79100     -13.41000
      -8.88048       6.72800      -7.26700
      -8.85048       7.74700      -7.00200
      -8.82048      12.81000     -10.54000
      -8.79048      20.87000     -18.32000
      -8.76148      23.41000     -23.72000
      -8.73148      18.77000     -20.56000
      -8.70148      17.78000     -17.19000
      -8.67148      23.20000     -21.17000
      -8.64148      25.22000     -25.39000
      -8.61148      20.59000     -22.31000
      -8.58148      17.22000     -17.74000
      -8.55148      16.01000     -16.56000
      -8.52148      13.55000     -14.76000
      -8.49248      15.08000     -14.39000
      -8.46248      25.52000     -22.33000
      -8.43248      39.50000     -36.18000
      -8.40248      50.00000     -47.52000
      -8.37248      56.91000     -54.74000
      -8.34248      60.04000     -59.39000
      -8.31248      56.21000     -58.18000
      -8.28248      46.05000     -49.52000
      -8.25348      35.43000     -38.17000
      -8.22348      31.83000     -32.34000
      -8.19348      34.91000     -34.21000
      -8.16348      38.50000     -37.74000
      -8.13348      39.31000     -39.23000
      -8.10348      36.19000     -37.02000
      -8.07348      32.11000     -32.92000
      -8.04348      28.85000     -29.58000
      -8.01448      24.67000     -25.85000
      -7.98448      19.36000     -20.64000
      -7.95448      19.00000     -17.86000
      -7.92448      33.24000     -26.90000
      -7.89448      61.30000     -50.54000
      -7.86448      88.31000     -78.57000
      -7.83448      95.82000     -94.57000
      -7.80448      80.51000     -87.75000
      -7.77448      62.76000     -69.23000
      -7.74548      57.71000     -59.64000
      -7.71548      56.38000     -58.28000
      -7.68548      48.69000     -52.23000
      -7.65548      39.34000     -41.87000
      -7.62548      35.25000     -35.90000
      -7.59548      35.92000     -35.70000
      -7.56548      37.14000     -37.28000
      -7.53548      35.83000     -36.47000
      -7.50648      34.81000     -34.89000
      -7.47648      36.86000     -36.14000
      -7.44648      39.52000     -39.16000
      -7.41648      40.01000     -40.14000
      -7.38648      43.61000     -42.54000
      -7.35648      51.31000     -49.93000
      -7.32648      55.56000     -55.46000
      -7.29648      53.99000     -55.16000
      -7.26748      44.68000     -47.67000
      -7.23748      29.64000     -33.02000
      -7.20748      18.51000     -20.22000
      -7.17748      15.97000     -15.58000
      -7.14748      25.25000     -21.77000
      -7.11748      47.71000     -41.76000
      -7.08748      65.71000     -63.18000
      -7.05748      58.55000     -62.03000
      -7.02748      41.10000     -44.39000
      -6.99848      34.79000     -35.01000
      -6.96848      36.50000     -35.76000
      -6.93848      40.93000     -39.92000
      -6.90848      48.70000     -47.06000
      -6.87848      55.40000     -54.61000
      -6.84848      49.27000     -52.04000
      -6.81848      30.35000     -35.05000
      -6.78848      13.29000     -16.47000
      -6.75948       5.36500      -6.27800
      -6.72948       6.26000      -4.76900
      -6.69948      14.94000     -11.33000
      -6.66948      26.10000     -22.65000
      -6.63948      32.64000     -31.40000
      -6.60948      33.34000     -33.86000
      -6.57948      31.88000     -32.80000
      -6.54948      28.21000     -30.26000
      -6.52048      18.56000     -22.07000
      -6.49048       8.59200     -10.79000
      -6.46048       7.30500      -6.51800
      -6.43048      15.70000     -12.42000
      -6.40048      32.99000     -26.47000
      -6.37048      64.06000     -49.89000
      -6.34048     102.90000     -80.10000
      -6.31048     118.30000     -99.93000
      -6.28048      97.46000     -98.06000
      -6.25148      74.17000     -82.73000
      -6.22148      73.78000     -70.58000
      -6.19148      87.23000     -73.31000
      -6.16148      96.78000     -86.50000
      -6.13148      88.02000     -96.40000
      -6.10148      70.82000     -95.01000
      -6.07148      63.55000     -84.40000
      -6.04148      63.92000     -71.28000
      -6.01248      68.29000     -62.70000
      -5.98248      71.93000     -62.33000
      -5.95248      68.67000     -65.45000
      -5.92248      72.82000     -71.37000
      -5.89248      95.54000     -88.28000
      -5.86248     118.80000    -111.70000
      -5.83248     127.30000    -125.10000
      -5.80248     120.80000    -123.90000
      -5.77348     104.50000    -114.70000
      -5.74348      93.47000    -106.80000
      -5.71348      87.60000     -98.98000
      -5.68348      73.31000     -81.68000
      -5.65348      50.84000     -56.51000
      -5.62348      35.70000     -37.51000
      -5.59348      40.91000     -38.10000
      -5.56348      63.04000     -58.14000
      -5.53348      78.43000     -76.66000
      -5.50448      73.43000     -74.36000
      -5.47448      67.01000     -66.57000
      -5.44448      65.38000     -66.09000
      -5.41448      55.59000     -58.18000
      -5.38448      43.86000     -39.29000
      -5.35448      48.87000     -25.19000
      -5.32448      69.10000     -33.33000
      -5.29448      77.34000     -65.24000
      -5.26548      69.08000     -91.12000
      -5.23548      74.79000     -86.05000
      -5.20548     108.90000     -82.36000
      -5.17548     139.90000    -112.50000
      -5.14548     132.60000    -142.40000
      -5.11548     105.20000    -135.20000
      -5.08548      92.02000    -114.10000
      -5.05548     102.20000    -110.10000
      -5.02648     120.20000    -120.30000
      -4.99648     125.50000    -125.00000
      -4.96648     120.20000    -118.30000
      -4.93648     108.00000    -103.50000
      -4.90648      89.23000     -83.62000
      -4.87648      74.92000     -71.35000
      -4.84648      69.29000     -72.04000
      -4.81648      63.29000     -73.21000
      -4.78648      46.74000     -60.28000
      -4.75748      26.73000     -37.37000
      -4.72748      15.04000     -20.53000
      -4.69748      11.28000     -15.36000
      -4.66748      11.61000     -15.47000
      -4.63748      14.88000     -16.65000
      -4.60748      19.08000     -19.17000
      -4.57748      19.85000     -19.84000
      -4.54748      19.99000     -19.19000
      -4.51848      25.80000     -23.68000
      -4.48848      34.43000     -32.38000
      -4.45848      41.33000     -39.37000
      -4.42848      50.83000     -47.11000
      -4.39848      62.64000     -58.51000
      -4.36848      67.57000     -64.29000
      -4.33848      70.00000     -62.61000
      -4.30848      79.69000     -65.18000
      -4.27948      87.12000     -78.18000
      -4.24948      78.33000     -87.05000
      -4.21948      61.78000     -74.93000
      -4.18948      55.36000     -60.42000
      -4.15948      61.15000     -63.99000
      -4.12948      61.48000     -67.38000
      -4.09948      50.44000     -54.09000
      -4.06948      44.02000     -39.21000
      -4.03948      52.03000     -39.42000
      -4.01048      65.74000     -55.00000
      -3.98048      66.72000     -68.51000
      -3.95048      52.47000     -62.81000
      -3.92048      37.33000     -45.57000
      -3.89048      28.10000     -32.67000
      -3.86048      28.01000     -26.80000
      -3.83048      44.74000     -31.96000
      -3.80048      71.42000     -52.41000
      -3.77148      89.79000     -76.07000
      -3.74148      97.35000     -88.43000
      -3.71148     101.60000     -93.78000
      -3.68148     106.30000    -107.00000
      -3.65148     108.90000    -122.60000
      -3.62148     106.30000    -120.40000
      -3.59148     104.10000    -105.70000
      -3.56148      99.85000     -96.62000
      -3.53148      85.78000     -93.70000
      -3.50248      76.33000     -91.40000
      -3.47248      86.11000     -94.98000
      -3.44248     107.70000    -107.60000
      -3.41248     123.50000    -122.00000
      -3.38248     105.10000    -111.10000
      -3.35248      56.02000     -65.85000
      -3.32248      17.30000     -22.90000
      -3.29248       3.17400      -4.49600
      -3.26348       2.06100      -0.51800
      -3.23348      10.17000      -0.44540
      -3.20348      33.09000      -3.43400
      -3.17348      64.03000     -16.00000
      -3.14348      78.86000     -43.47000
      -3.11348      67.98000     -72.08000
      -3.08348      44.44000     -77.98000
      -3.05348      25.02000     -60.44000
      -3.02448      22.10000     -37.50000
      -2.99448      34.50000     -23.86000
      -2.96448      47.31000     -26.67000
      -2.93448      49.40000     -40.44000
      -2.90448      42.92000     -50.34000
      -2.87448      32.56000     -49.06000
      -2.84448      24.48000     -39.19000
      -2.81448      23.05000     -27.63000
      -2.78448      24.38000     -22.25000
      -2.75548      25.86000     -22.64000
      -2.72548      28.40000     -24.59000
      -2.69548      33.23000     -28.95000
      -2.66548      47.61000     -40.96000
      -2.63548      71.24000     -63.26000
      -2.60548      78.89000     -78.70000
      -2.57548      63.81000     -69.09000
      -2.54548      48.97000     -51.51000
      -2.51648      37.49000     -43.38000
      -2.48648      25.13000     -37.79000
      -2.45648      18.55000     -28.76000
      -2.42648      19.44000     -21.06000
      -2.39648      23.04000     -18.49000
      -2.36648      26.83000     -18.86000
      -2.33648      28.31000     -21.88000
      -2.30648      24.55000     -26.65000
      -2.27748      18.25000     -27.28000
      -2.24748      15.19000     -23.60000
      -2.21748      22.89000     -26.04000
      -2.18748      44.68000     -41.17000
      -2.15748      58.59000     -52.83000
      -2.12748      45.67000     -44.15000
      -2.09748      28.68000     -28.36000
      -2.06748      27.20000     -20.43000
      -2.03748      32.65000     -21.88000
      -2.00848      33.88000     -28.71000
      -1.97848      29.56000     -33.75000
      -1.94848      26.75000     -33.49000
      -1.91848      29.43000     -30.26000
      -1.88848      31.40000     -29.33000
      -1.85848      29.48000     -30.92000
      -1.82848      28.89000     -31.32000
      -1.79848      33.10000     -30.65000
      -1.76948      36.48000     -32.85000
      -1.73948      33.18000     -36.36000
      -1.70948      29.41000     -34.11000
      -1.67948      31.09000     -29.55000
      -1.64948      35.19000     -30.24000
      -1.61948      38.41000     -34.45000
      -1.58948      37.34000     -38.39000
      -1.55948      29.25000     -39.23000
      -1.53048      18.89000     -32.91000
      -1.50048      11.51000     -21.83000
      -1.47048       6.92300     -12.70000
      -1.44048       4.58900      -7.21400
      -1.41048       4.67200      -4.61400
      -1.38048       6.86700      -4.48600
      -1.35048      11.05000      -6.43000
      -1.32048      17.39000     -10.63000
      -1.29048      23.71000     -17.03000
      -1.26148      25.77000     -22.73000
      -1.23148      28.08000     -23.41000
      -1.20148      37.83000     -23.66000
      -1.17148      44.63000     -32.33000
      -1.14148      35.23000     -43.35000
      -1.11148      19.87000     -40.27000
      -1.08148      14.34000     -24.91000
      -1.05148      18.68000     -15.04000
      -1.02248      22.82000     -17.01000
      -0.99248      23.25000     -25.69000
      -0.96248      33.65000     -37.67000
      -0.93248      53.33000     -50.69000
      -0.90248      53.30000     -51.23000
      -0.87248      30.47000     -36.30000
      -0.84248      11.24000     -20.72000
      -0.81248       5.65100     -10.22000
      -0.78348       9.24000      -5.50400
      -0.75348      17.47000      -7.55500
      -0.72348      23.92000     -15.02000
      -0.69348      25.34000     -22.28000
      -0.66348      25.43000     -23.99000
      -0.63348      25.78000     -23.56000
      -0.60348      26.50000     -25.07000
      -0.57348      27.54000     -27.04000
      -0.54348      26.94000     -28.42000
      -0.51448      26.47000     -28.24000
      -0.48448      29.35000     -28.42000
      -0.45448      32.76000     -31.84000
      -0.42448      33.55000     -34.36000
      -0.39448      31.35000     -32.49000
      -0.36448      26.64000     -28.40000
      -0.33448      23.06000     -24.07000
      -0.30448      22.40000     -20.82000
      -0.27548      23.65000     -19.77000
      -0.24548      25.81000     -21.05000
      -0.21548      26.48000     -22.91000
      -0.18548      23.70000     -24.34000
      -0.15548      20.02000     -25.10000
      -0.12548      21.22000     -22.05000
      -0.09548      25.67000     -16.09000
      -0.06548      25.48000     -14.48000
      -0.03648      20.38000     -20.04000
      -0.00648      14.90000     -25.14000
       0.02352      11.53000     -22.34000
       0.05352      12.89000     -16.37000
       0.08352      19.05000     -13.12000
       0.11352      24.19000     -11.91000
       0.14352      24.94000     -13.17000
       0.17352      27.79000     -18.51000
       0.20352      36.82000     -24.63000
       0.23252      42.79000     -25.43000
       0.26252      38.09000     -22.96000
       0.29252      27.93000     -26.05000
       0.32252      17.10000     -35.13000
       0.35252       8.77000     -41.37000
       0.38252       5.60100     -37.94000
       0.41252       6.19600     -26.55000
       0.44252       7.67700     -15.03000
       0.47152       8.13700      -9.45400
       0.50152       7.89900      -8.48700
       0.53152       8.36200      -8.38700
       0.56152      10.98000      -8.48900
       0.59152      16.29000     -10.38000
       0.62152      20.84000     -15.11000
       0.65152      19.58000     -19.91000
       0.68152      12.58000     -19.92000
       0.71052       5.04000     -14.23000
       0.74052       1.15000      -6.61400
       0.77052       0.14040      -1.78900
       0.80052       0.00890      -0.26140
       0.83052       0.00149      -0.01987
       0.86052       0.03498      -0.00111
       0.89052       0.51810      -0.01213
       0.92052       3.96300      -0.22190
       0.95052      15.89000      -2.09200
       0.97952      34.04000     -10.30000
       1.00952      40.00000     -27.05000
       1.03952      26.55000     -39.08000
       1.06952      10.23000     -32.49000
       1.09952       2.31200     -16.35000
       1.12952       0.30200      -5.14600
       1.15952       0.02209      -0.99760
       1.18952       0.00087      -0.11320
       1.21852       0.00002      -0.00711
       1.24852       0.00000      -0.00024
       1.27852       0.00000      -0.00000
       1.30852       0.00000      -0.00000
       1.33852       0.00000      -0.00000
       1.36852       0.00000      -0.00000
       1.39852       0.00000      -0.00000
       1.42852       0.00002      -0.00000
       1.45852       0.00082      -0.00005
       1.48752       0.01614      -0.00156
       1.51752       0.16590      -0.02666
       1.54752       0.93330      -0.24070
       1.57752       3.12800      -1.20200
       1.60752       7.19100      -3.67400
       1.63752      12.76000      -8.05800
       1.66752      17.02000     -13.84000
       1.69752      15.80000     -17.26000
       1.72652      11.30000     -14.71000
       1.75652       9.90000     -10.08000
       1.78652      12.84000      -9.18000
       1.81652      15.13000     -12.33000
       1.84652      12.91000     -14.81000
       1.87652      10.45000     -12.67000
       1.90652      13.41000      -9.60200
       1.93652      19.19000     -11.54000
       1.96552      20.56000     -17.79000
       1.99552      19.53000     -21.34000
       2.02552      24.58000     -21.39000
       2.05552      32.79000     -25.49000
       2.08552      34.61000     -32.19000
       2.11552      33.48000     -33.05000
       2.14552      37.00000     -31.08000
       2.17552      37.10000     -35.04000
       2.20552      28.00000     -38.01000
       2.23452      21.03000     -30.31000
       2.26452      23.33000     -21.36000
       2.29452      25.93000     -21.87000
       2.32452      22.10000     -25.51000
       2.35452      17.60000     -23.26000
       2.38452      18.42000     -18.49000
       2.41452      23.28000     -18.03000
       2.44452      26.41000     -22.41000
       2.47352      26.01000     -26.12000
       2.50352      26.11000     -25.67000
       2.53352      27.32000     -25.13000
       2.56352      28.46000     -26.60000
       2.59352      29.36000     -27.88000
       2.62352      29.51000     -28.70000
       2.65352      31.38000     -28.63000
       2.68352      32.81000     -29.64000
       2.71252      27.31000     -32.26000
       2.74252      18.53000     -29.98000
       2.77252      14.31000     -21.32000
       2.80252      15.24000     -14.59000
       2.83252      22.36000     -13.94000
       2.86252      35.24000     -18.57000
       2.89252      44.87000     -28.05000
       2.92252      45.47000     -37.89000
       2.95252      39.76000     -43.31000
       2.98152      31.08000     -43.32000
       3.01152      22.87000     -37.22000
       3.04152      17.34000     -28.44000
       3.07152      15.42000     -21.49000
       3.10152      17.56000     -17.14000
       3.13152      18.28000     -17.14000
       3.16152      13.58000     -18.87000
       3.19152       8.54900     -15.75000
       3.22052       6.69800      -9.88300
       3.25052       6.01500      -6.88800
       3.28052       5.16900      -6.19100
       3.31052       4.11100      -5.48100
       3.34052       3.09000      -4.59100
       3.37052       4.83100      -3.54600
       3.40052      12.76000      -3.54500
       3.43052      26.95000      -8.18300
       3.45952      41.10000     -19.47000
       3.48952      42.68000     -34.64000
       3.51952      29.78000     -44.37000
       3.54952      18.45000     -39.20000
       3.57952      19.65000     -27.88000
       3.60952      28.67000     -28.09000
       3.63952      40.08000     -41.35000
       3.66952      54.21000     -58.18000
       3.69952      64.18000     -68.46000
       3.72852      60.19000     -64.82000
       3.75852      43.87000     -47.87000
       3.78852      26.03000     -27.90000
       3.81852      16.07000     -14.94000
       3.84852      18.70000     -11.30000
       3.87852      35.25000     -21.36000
       3.90852      48.26000     -39.95000
       3.93852      43.32000     -42.64000
       3.96752      38.45000     -28.79000
       3.99752      47.61000     -25.15000
       4.02752      64.67000     -41.14000
       4.05752      80.87000     -71.65000
       4.08752      85.24000     -99.70000
       4.11752      70.58000    -101.70000
       4.14752      50.67000     -79.11000
       4.17752      40.30000     -54.51000
       4.20652      38.89000     -42.50000
       4.23652      40.84000     -41.07000
       4.26652      42.38000     -42.50000
       4.29652      40.24000     -41.04000
       4.32652      34.88000     -35.66000
       4.35652      32.95000     -32.78000
       4.38652      33.70000     -33.28000
       4.41652      30.90000     -30.71000
       4.44652      30.60000     -29.39000
       4.47552      39.25000     -37.09000
       4.50552      47.25000     -46.35000
       4.53552      46.52000     -47.00000
       4.56552      44.23000     -43.98000
       4.59552      47.32000     -45.70000
       4.62552      53.70000     -52.27000
       4.65552      53.44000     -54.80000
       4.68552      42.08000     -45.17000
       4.71452      35.75000     -34.91000
       4.74452      46.84000     -37.00000
       4.77452      66.62000     -47.18000
       4.80452      84.25000     -63.39000
       4.83452      93.46000     -80.62000
       4.86452      94.37000     -86.92000
       4.89452      97.90000     -89.92000
       4.92452      98.00000     -99.29000
       4.95352      83.77000    -100.80000
       4.98352      77.44000     -84.58000
       5.01352      91.54000     -73.49000
       5.04352     100.00000     -83.38000
       5.07352      87.41000     -94.45000
       5.10352      71.01000     -90.68000
       5.13352      64.33000     -82.11000
       5.16352      60.58000     -75.87000
       5.19352      50.87000     -64.84000
       5.22252      39.65000     -49.34000
       5.25252      34.13000     -36.75000
       5.28252      43.76000     -35.46000
       5.31252      77.03000     -56.67000
       5.34252     116.40000     -92.77000
       5.37252     132.80000    -117.70000
       5.40252     122.80000    -121.40000
       5.43252     105.90000    -114.60000
       5.46152      92.03000    -104.30000
       5.49152      79.57000     -90.90000
       5.52152      72.65000     -79.38000
       5.55152      72.81000     -73.43000
       5.58152      76.76000     -72.80000
       5.61152      85.39000     -80.79000
       5.64152      96.77000     -94.64000
       5.67152     103.90000    -104.30000
       5.70152      99.52000    -102.20000
       5.73052      84.37000     -87.56000
       5.76052      73.14000     -74.51000
       5.79052      75.66000     -75.90000
       5.82052      83.68000     -83.94000
       5.85052      87.55000     -87.69000
       5.88052      84.97000     -84.73000
       5.91052      75.33000     -74.18000
       5.94052      67.91000     -65.71000
       5.96952      69.77000     -67.75000
       5.99952      74.86000     -74.76000
       6.02952      75.15000     -77.78000
       6.05952      73.41000     -76.61000
       6.08952      77.80000     -79.55000
       6.11952      85.81000     -85.91000
       6.14952      91.04000     -89.70000
       6.17952      91.56000     -91.03000
       6.20852      87.35000     -89.87000
       6.23852      80.90000     -86.17000
       6.26852      76.14000     -81.47000
       6.29852      73.21000     -76.76000
       6.32852      72.53000     -73.43000
       6.35852      76.29000     -73.70000
       6.38852      81.37000     -76.54000
       6.41852      82.16000     -78.59000
       6.44852      78.50000     -78.55000
       6.47752      74.37000     -77.17000
       6.50752      71.83000     -75.25000
       6.53752      70.89000     -73.28000
       6.56752      71.51000     -72.75000
       6.59752      74.04000     -74.58000
       6.62752      77.05000     -77.55000
       6.65752      78.20000     -78.99000
       6.68752      77.23000     -76.66000
       6.71652      74.88000     -72.25000
       6.74652      71.92000     -70.13000
       6.77652      69.71000     -70.95000
       6.80652      70.03000     -71.83000
       6.83652      71.03000     -71.40000
       6.86652      69.92000     -71.10000
       6.89652      68.92000     -71.90000
       6.92652      70.32000     -72.64000
       6.95552      72.93000     -72.41000
       6.98552      73.21000     -71.84000
       7.01552      71.07000     -72.01000
       7.04552      69.91000     -72.12000
       7.07552      70.25000     -71.10000
       7.10552      71.30000     -70.23000
       7.13552      74.19000     -71.79000
       7.16552      77.74000     -74.75000
       7.19552      77.92000     -76.40000
       7.22452      75.39000     -76.40000
       7.25452      73.62000     -75.59000
       7.28452      71.77000     -74.70000
       7.31452      69.70000     -72.89000
       7.34452      68.49000     -68.26000
       7.37452      66.67000     -62.53000
       7.40452      63.47000     -59.25000
       7.43452      59.78000     -58.89000
       7.46352      55.86000     -59.87000
       7.49352      53.00000     -60.35000
       7.52352      52.40000     -58.79000
       7.55352      53.58000     -56.49000
       7.58352      55.04000     -55.23000
       7.61352      54.79000     -53.28000
       7.64352      52.24000     -49.88000
       7.67352      49.02000     -47.52000
       7.70252      46.01000     -47.39000
       7.73252      43.23000     -47.85000
       7.76252      41.99000     -47.23000
       7.79252      42.32000     -44.50000
       7.82252      42.20000     -39.97000
       7.85252      40.50000     -36.46000
       7.88252      37.19000     -34.65000
       7.91252      33.71000     -33.27000
       7.94252      32.10000     -33.23000
       7.97152      32.38000     -34.27000
       8.00152      32.54000     -34.19000
       8.03152      31.05000     -33.16000
       8.06152      29.09000     -31.54000
       8.09152      28.58000     -28.28000
       8.12152      28.72000     -24.10000
       8.15152      27.20000     -21.88000
       8.18152      24.05000     -21.85000
       8.21052      21.26000     -21.66000
       8.24052      20.49000     -20.80000
       8.27052      20.70000     -19.98000
       8.30052      19.89000     -18.77000
       8.33052      18.30000     -16.61000
       8.36052      16.54000     -14.95000
       8.39052      14.40000     -14.75000
       8.42052      11.85000     -14.00000
       8.44952       9.93400     -12.22000
       8.47952       8.74100     -10.90000
       8.50952       7.48800     -10.31000
       8.53952       6.65000      -9.68400
       8.56952       5.75900      -8.14500
       8.59952       4.16700      -5.68800
       8.62952       2.85200      -3.26300
       8.65952       2.34800      -1.60500
       8.68952       1.95600      -0.71400
       8.71852       1.32700      -0.26450
       8.74852       0.93380      -0.06549
       8.77852       0.74500      -0.00919
       8.80852       0.43240      -0.00068
       8.83852       0.14320      -0.00003
       8.86852       0.02542      -0.00000
       8.89852       0.00237      -0.00000
       8.92852       0.00011      -0.00000
       8.95752       0.00000      -0.00000
       8.98752       0.00000       0.00000
       9.01752       0.00000       0.00000
       9.04752       0.00000       0.00000
       9.07752       0.00000       0.00000
       9.10752       0.00000       0.00000
       9.13752       0.00000       0.00000
       9.16752       0.00000       0.00000
       9.19652       0.00000       0.00000
       9.22652       0.00000       0.00000
       9.25652       0.00000       0.00000
       9.28652       0.00000       0.00000
       9.31652       0.00000       0.00000
       9.34652       0.00000       0.00000
       9.37652       0.00000       0.00000
       9.40652       0.00000       0.00000
       9.43652       0.00000       0.00000
       9.46552       0.00000       0.00000
       9.49552       0.00000       0.00000
       9.52552       0.00000       0.00000
       9.55552       0.00000       0.00000
       9.58552       0.00000       0.00000
       9.61552       0.00000       0.00000
       9.64552       0.00000       0.00000
       9.67552       0.00000       0.00000
       9.70452       0.00000       0.00000
       9.73452       0.00000       0.00000
       9.76452       0.00000       0.00000
       9.79452       0.00000       0.00000
       9.82452       0.00000       0.00000
       9.85452       0.00000       0.00000
       9.88452       0.00000       0.00000
       9.91452       0.00000       0.00000
       9.94352       0.00000       0.00000
       9.97352       0.00000       0.00000
      10.00352       0.00000       0.00000
      10.03352       0.00000       0.00000
      10.06352       0.00000       0.00000
      10.09352       0.00000       0.00000
      10.12352       0.00000       0.00000
