      #Energy        TDOS-UP        TDOS-DOWN
     -19.73009       0.00000       0.00000
     -19.70009       0.00000       0.00000
     -19.67009       0.00000       0.00000
     -19.64009       0.00000       0.00000
     -19.61009       0.00000       0.00000
     -19.58109       0.00000       0.00000
     -19.55109       0.00000       0.00000
     -19.52109       0.00000       0.00000
     -19.49109       0.00000       0.00000
     -19.46109       0.00000       0.00000
     -19.43109       0.00000       0.00000
     -19.40209       0.00000       0.00000
     -19.37209       0.00000       0.00000
     -19.34209       0.00000       0.00000
     -19.31209       0.00000       0.00000
     -19.28209       0.00000       0.00000
     -19.25209       0.00000       0.00000
     -19.22209       0.00000       0.00000
     -19.19309       0.00000       0.00000
     -19.16309       0.00000       0.00000
     -19.13309       0.00000       0.00000
     -19.10309       0.00000       0.00000
     -19.07309       0.00000       0.00000
     -19.04309       0.00000       0.00000
     -19.01409       0.00000       0.00000
     -18.98409       0.00000       0.00000
     -18.95409       0.00000       0.00000
     -18.92409       0.00000       0.00000
     -18.89409       0.00000       0.00000
     -18.86409       0.00000       0.00000
     -18.83409       0.00000       0.00000
     -18.80509       0.00000       0.00000
     -18.77509       0.00000       0.00000
     -18.74509       0.00000       0.00000
     -18.71509       0.00000       0.00000
     -18.68509       0.00000       0.00000
     -18.65509       0.00000      -0.00000
     -18.62609       0.00000      -0.00000
     -18.59609       0.00000      -0.00000
     -18.56609       0.00000      -0.00000
     -18.53609       0.00000      -0.00000
     -18.50609       0.00003      -0.00003
     -18.47609       0.00080      -0.00080
     -18.44609       0.01036      -0.01036
     -18.41709       0.07678      -0.07678
     -18.38709       0.34360      -0.34360
     -18.35709       0.99262      -0.99262
     -18.32709       2.01741      -2.01741
     -18.29709       3.20904      -3.20904
     -18.26709       4.40963      -4.40963
     -18.23809       5.52456      -5.52456
     -18.20809       6.52741      -6.52741
     -18.17809       7.62294      -7.62294
     -18.14809       8.97306      -8.97306
     -18.11809      10.33408     -10.33408
     -18.08809      11.31395     -11.31395
     -18.05809      11.80080     -11.80080
     -18.02909      11.96240     -11.96240
     -17.99909      12.00153     -12.00153
     -17.96909      12.05342     -12.05342
     -17.93909      12.28520     -12.28520
     -17.90909      12.94615     -12.94615
     -17.87909      14.13585     -14.13585
     -17.84909      15.61819     -15.61819
     -17.82009      17.07442     -17.07442
     -17.79009      18.35574     -18.35574
     -17.76009      19.44292     -19.44292
     -17.73009      20.49785     -20.49785
     -17.70009      21.73530     -21.73530
     -17.67009      22.95454     -22.95454
     -17.64109      23.80578     -23.80578
     -17.61109      24.53314     -24.53314
     -17.58109      25.74433     -25.74433
     -17.55109      27.46291     -27.46291
     -17.52109      28.96734     -28.96734
     -17.49109      29.76261     -29.76261
     -17.46109      30.09153     -30.09153
     -17.43209      30.40091     -30.40091
     -17.40209      30.90368     -30.90368
     -17.37209      31.59986     -31.59986
     -17.34209      32.40990     -32.40990
     -17.31209      33.25875     -33.25875
     -17.28209      34.07237     -34.07237
     -17.25309      34.76019     -34.76019
     -17.22309      35.26281     -35.26281
     -17.19309      35.59325     -35.59325
     -17.16309      35.80147     -35.80147
     -17.13309      35.92313     -35.92313
     -17.10309      35.97961     -35.97961
     -17.07309      35.99737     -35.99737
     -17.04409      36.00270     -36.00270
     -17.01409      36.02345     -36.02345
     -16.98409      36.13437     -36.13437
     -16.95409      36.47214     -36.47214
     -16.92409      37.07922     -37.07922
     -16.89409      37.78480     -37.78480
     -16.86509      38.45382     -38.45382
     -16.83509      39.20596     -39.20596
     -16.80509      40.22314     -40.22314
     -16.77509      41.48596     -41.48596
     -16.74509      42.69848     -42.69848
     -16.71509      43.51494     -43.51494
     -16.68509      43.87805     -43.87805
     -16.65609      43.98076     -43.98076
     -16.62609      43.99865     -43.99865
     -16.59609      44.00050     -44.00050
     -16.56609      44.00061     -44.00061
     -16.53609      44.00064     -44.00064
     -16.50609      44.00117     -44.00117
     -16.47709      44.00674     -44.00674
     -16.44709      44.03846     -44.03846
     -16.41709      44.14164     -44.14164
     -16.38709      44.34581     -44.34581
     -16.35709      44.62125     -44.62125
     -16.32709      44.94245     -44.94245
     -16.29709      45.37433     -45.37433
     -16.26809      46.02872     -46.02872
     -16.23809      46.92652     -46.92652
     -16.20809      47.87699     -47.87699
     -16.17809      48.59078     -48.59078
     -16.14809      48.98032     -48.98032
     -16.11809      49.18131     -49.18131
     -16.08909      49.32896     -49.32896
     -16.05909      49.47638     -49.47638
     -16.02909      49.63434     -49.63434
     -15.99909      49.78995     -49.78995
     -15.96909      49.92474     -49.92474
     -15.93909      50.08573     -50.08573
     -15.90909      50.44325     -50.44325
     -15.88009      51.16883     -51.16883
     -15.85009      52.24331     -52.24331
     -15.82009      53.54687     -53.54687
     -15.79009      55.00743     -55.00743
     -15.76009      56.54126     -56.54126
     -15.73009      58.13090     -58.13090
     -15.70109      59.87171     -59.87171
     -15.67109      61.63969     -61.63969
     -15.64109      63.00116     -63.00116
     -15.61109      63.71255     -63.71255
     -15.58109      63.97727     -63.97727
     -15.55109      64.15151     -64.15151
     -15.52109      64.47487     -64.47487
     -15.49209      64.98257     -64.98257
     -15.46209      65.56936     -65.56936
     -15.43209      66.17331     -66.17331
     -15.40209      66.84531     -66.84531
     -15.37209      67.68803     -67.68803
     -15.34209      68.76565     -68.76565
     -15.31309      70.02519     -70.02519
     -15.28309      71.34352     -71.34352
     -15.25309      72.64380     -72.64380
     -15.22309      73.91722     -73.91722
     -15.19309      75.15511     -75.15511
     -15.16309      76.26183     -76.26183
     -15.13309      77.08412     -77.08412
     -15.10409      77.58897     -77.58897
     -15.07409      77.90343     -77.90343
     -15.04409      78.17606     -78.17606
     -15.01409      78.54688     -78.54688
     -14.98409      79.25231     -79.25231
     -14.95409      80.58616     -80.58616
     -14.92509      82.53576     -82.53576
     -14.89509      84.57042     -84.57042
     -14.86509      86.10887     -86.10887
     -14.83509      87.02442     -87.02442
     -14.80509      87.55495     -87.55495
     -14.77509      88.04041     -88.04041
     -14.74509      88.72599     -88.72599
     -14.71609      89.62811     -89.62811
     -14.68609      90.65813     -90.65813
     -14.65609      91.75843     -91.75843
     -14.62609      92.88530     -92.88530
     -14.59609      94.02933     -94.02933
     -14.56609      95.17261     -95.17261
     -14.53609      96.25590     -96.25590
     -14.50709      97.24920     -97.24920
     -14.47709      98.11148     -98.11148
     -14.44709      98.78572     -98.78572
     -14.41709      99.34908     -99.34908
     -14.38709     100.02093    -100.02093
     -14.35709     100.99319    -100.99319
     -14.32809     102.30317    -102.30317
     -14.29809     103.77760    -103.77760
     -14.26809     105.10683    -105.10683
     -14.23809     106.12132    -106.12132
     -14.20809     106.91241    -106.91241
     -14.17809     107.60635    -107.60635
     -14.14809     108.21195    -108.21195
     -14.11909     108.75978    -108.75978
     -14.08909     109.39179    -109.39179
     -14.05909     110.18333    -110.18333
     -14.02909     111.02546    -111.02546
     -13.99909     111.81834    -111.81834
     -13.96909     112.63002    -112.63002
     -13.94009     113.55035    -113.55035
     -13.91009     114.59320    -114.59320
     -13.88009     115.77737    -115.77737
     -13.85009     117.09377    -117.09377
     -13.82009     118.44001    -118.44001
     -13.79009     119.68925    -119.68925
     -13.76009     120.80626    -120.80626
     -13.73109     121.81643    -121.81643
     -13.70109     122.65587    -122.65587
     -13.67109     123.24729    -123.24729
     -13.64109     123.66917    -123.66917
     -13.61109     124.05405    -124.05405
     -13.58109     124.43206    -124.43206
     -13.55209     124.77918    -124.77918
     -13.52209     125.10301    -125.10301
     -13.49209     125.44372    -125.44372
     -13.46209     125.85530    -125.85530
     -13.43209     126.34733    -126.34733
     -13.40209     126.84920    -126.84920
     -13.37209     127.29810    -127.29810
     -13.34309     127.66029    -127.66029
     -13.31309     127.88641    -127.88641
     -13.28309     127.97737    -127.97737
     -13.25309     128.00068    -128.00068
     -13.22309     128.02561    -128.02561
     -13.19309     128.14624    -128.14624
     -13.16409     128.51217    -128.51217
     -13.13409     129.17239    -129.17239
     -13.10409     129.94288    -129.94288
     -13.07409     130.61921    -130.61921
     -13.04409     131.17376    -131.17376
     -13.01409     131.68101    -131.68101
     -12.98409     132.24228    -132.24228
     -12.95509     132.91428    -132.91428
     -12.92509     133.68851    -133.68851
     -12.89509     134.57153    -134.57153
     -12.86509     135.47768    -135.47768
     -12.83509     136.19684    -136.19684
     -12.80509     136.66946    -136.66946
     -12.77609     137.02374    -137.02374
     -12.74609     137.36072    -137.36072
     -12.71609     137.77305    -137.77305
     -12.68609     138.48385    -138.48385
     -12.65609     139.64400    -139.64400
     -12.62609     141.03143    -141.03143
     -12.59609     142.32021    -142.32021
     -12.56709     143.50603    -143.50603
     -12.53709     144.73438    -144.73438
     -12.50709     145.93183    -145.93183
     -12.47709     146.91916    -146.91916
     -12.44709     147.69876    -147.69876
     -12.41709     148.38240    -148.38240
     -12.38809     149.03903    -149.03903
     -12.35809     149.72223    -149.72223
     -12.32809     150.48705    -150.48705
     -12.29809     151.32306    -151.32306
     -12.26809     152.17653    -152.17653
     -12.23809     153.08522    -153.08522
     -12.20809     154.12001    -154.12001
     -12.17909     155.22405    -155.22405
     -12.14909     156.26018    -156.26018
     -12.11909     157.10201    -157.10201
     -12.08909     157.65253    -157.65253
     -12.05909     157.90999    -157.90999
     -12.02909     157.98705    -157.98705
     -12.00009     158.00446    -158.00446
     -11.97009     158.04544    -158.04544
     -11.94009     158.26272    -158.26272
     -11.91009     158.95293    -158.95293
     -11.88009     160.33171    -160.33171
     -11.85009     162.21653    -162.21653
     -11.82009     164.08898    -164.08898
     -11.79109     165.51043    -165.51043
     -11.76109     166.46702    -166.46702
     -11.73109     167.18185    -167.18185
     -11.70109     167.75402    -167.75402
     -11.67109     168.24142    -168.24142
     -11.64109     168.78135    -168.78135
     -11.61209     169.40261    -169.40261
     -11.58209     169.95239    -169.95239
     -11.55209     170.33166    -170.33166
     -11.52209     170.63603    -170.63603
     -11.49209     171.02344    -171.02344
     -11.46209     171.59381    -171.59381
     -11.43209     172.40475    -172.40475
     -11.40309     173.42596    -173.42596
     -11.37309     174.43329    -174.43329
     -11.34309     175.16528    -175.16528
     -11.31309     175.60344    -175.60344
     -11.28309     175.95548    -175.95548
     -11.25309     176.44512    -176.44512
     -11.22309     177.13622    -177.13622
     -11.19409     177.91761    -177.91761
     -11.16409     178.70870    -178.70870
     -11.13409     179.60664    -179.60664
     -11.10409     180.70068    -180.70068
     -11.07409     181.83889    -181.83889
     -11.04409     182.75101    -182.75101
     -11.01509     183.31243    -183.31243
     -10.98509     183.60258    -183.60258
     -10.95509     183.79374    -183.79374
     -10.92509     184.02660    -184.02660
     -10.89509     184.37444    -184.37444
     -10.86509     184.87004    -184.87004
     -10.83509     185.50250    -185.50250
     -10.80609     186.19972    -186.19972
     -10.77609     186.89455    -186.89455
     -10.74609     187.60879    -187.60879
     -10.71609     188.38675    -188.38675
     -10.68609     189.19574    -189.19574
     -10.65609     190.04026    -190.04026
     -10.62709     191.06923    -191.06923
     -10.59709     192.41368    -192.41368
     -10.56709     194.01780    -194.01780
     -10.53709     195.63774    -195.63774
     -10.50709     196.99756    -196.99756
     -10.47709     197.98937    -197.98937
     -10.44709     198.72643    -198.72643
     -10.41809     199.48484    -199.48484
     -10.38809     200.48829    -200.48829
     -10.35809     201.68814    -201.68814
     -10.32809     202.87291    -202.87291
     -10.29809     203.91620    -203.91620
     -10.26809     204.82295    -204.82295
     -10.23909     205.62240    -205.62240
     -10.20909     206.32230    -206.32230
     -10.17909     206.93551    -206.93551
     -10.14909     207.53200    -207.53200
     -10.11909     208.23534    -208.23534
     -10.08909     209.08105    -209.08105
     -10.05909     209.98705    -209.98705
     -10.03009     210.85708    -210.85708
     -10.00009     211.60579    -211.60579
      -9.97009     212.19646    -212.19646
      -9.94009     212.69445    -212.69445
      -9.91009     213.27124    -213.27124
      -9.88009     214.07666    -214.07666
      -9.85109     214.97490    -214.97490
      -9.82109     215.62944    -215.62944
      -9.79109     215.93566    -215.93566
      -9.76109     216.10993    -216.10993
      -9.73109     216.45927    -216.45927
      -9.70109     217.20709    -217.20709
      -9.67109     218.37320    -218.37320
      -9.64209     219.77959    -219.77959
      -9.61209     221.16627    -221.16627
      -9.58209     222.33283    -222.33283
      -9.55209     223.29092    -223.29092
      -9.52209     224.19214    -224.19214
      -9.49209     225.10710    -225.10710
      -9.46309     226.08697    -226.08697
      -9.43309     227.26084    -227.26084
      -9.40309     228.56261    -228.56261
      -9.37309     229.68814    -229.68814
      -9.34309     230.52862    -230.52862
      -9.31309     231.28524    -231.28524
      -9.28309     232.17602    -232.17602
      -9.25409     233.30408    -233.30408
      -9.22409     234.69793    -234.69793
      -9.19409     236.24534    -236.24534
      -9.16409     237.69485    -237.69485
      -9.13409     238.89693    -238.89693
      -9.10409     239.90531    -239.90531
      -9.07509     240.77818    -240.77818
      -9.04509     241.44883    -241.44883
      -9.01509     241.87833    -241.87833
      -8.98509     242.21903    -242.21903
      -8.95509     242.74568    -242.74568
      -8.92509     243.62765    -243.62765
      -8.89509     244.72826    -244.72826
      -8.86609     245.76185    -245.76185
      -8.83609     246.67904    -246.67904
      -8.80609     247.64668    -247.64668
      -8.77609     248.67789    -248.67789
      -8.74609     249.57463    -249.57463
      -8.71609     250.27186    -250.27186
      -8.68709     250.93013    -250.93013
      -8.65709     251.64601    -251.64601
      -8.62709     252.41620    -252.41620
      -8.59709     253.31907    -253.31907
      -8.56709     254.39415    -254.39415
      -8.53709     255.52908    -255.52908
      -8.50709     256.62714    -256.62714
      -8.47809     257.69029    -257.69029
      -8.44809     258.79238    -258.79238
      -8.41809     260.02729    -260.02729
      -8.38809     261.41458    -261.41458
      -8.35809     262.86185    -262.86185
      -8.32809     264.18809    -264.18809
      -8.29909     265.22960    -265.22960
      -8.26909     265.99412    -265.99412
      -8.23909     266.65478    -266.65478
      -8.20909     267.39887    -267.39887
      -8.17909     268.31501    -268.31501
      -8.14909     269.37667    -269.37667
      -8.11909     270.50891    -270.50891
      -8.09009     271.65219    -271.65219
      -8.06009     272.74503    -272.74503
      -8.03009     273.72266    -273.72266
      -8.00009     274.60538    -274.60538
      -7.97009     275.52228    -275.52228
      -7.94009     276.62482    -276.62482
      -7.91009     277.99703    -277.99703
      -7.88109     279.64771    -279.64771
      -7.85109     281.55104    -281.55104
      -7.82109     283.62286    -283.62286
      -7.79109     285.71005    -285.71005
      -7.76109     287.71322    -287.71322
      -7.73109     289.59491    -289.59491
      -7.70209     291.27454    -291.27454
      -7.67209     292.75360    -292.75360
      -7.64209     294.20580    -294.20580
      -7.61209     295.78350    -295.78350
      -7.58209     297.50432    -297.50432
      -7.55209     299.26737    -299.26737
      -7.52209     300.82329    -300.82329
      -7.49309     301.95135    -301.95135
      -7.46309     302.72901    -302.72901
      -7.43309     303.47354    -303.47354
      -7.40309     304.44670    -304.44670
      -7.37309     305.64221    -305.64221
      -7.34309     306.94741    -306.94741
      -7.31409     308.44602    -308.44602
      -7.28409     310.22400    -310.22400
      -7.25409     311.98213    -311.98213
      -7.22409     313.25688    -313.25688
      -7.19409     313.99529    -313.99529
      -7.16409     314.56835    -314.56835
      -7.13409     315.23722    -315.23722
      -7.10509     315.97906    -315.97906
      -7.07509     316.74568    -316.74568
      -7.04509     317.47260    -317.47260
      -7.01509     318.06596    -318.06596
      -6.98509     318.63991    -318.63991
      -6.95509     319.46264    -319.46264
      -6.92609     320.60801    -320.60801
      -6.89609     321.85113    -321.85113
      -6.86609     322.92442    -322.92442
      -6.83609     323.72685    -323.72685
      -6.80609     324.29409    -324.29409
      -6.77609     324.73926    -324.73926
      -6.74609     325.27561    -325.27561
      -6.71709     326.20728    -326.20728
      -6.68709     327.66634    -327.66634
      -6.65709     329.40686    -329.40686
      -6.62709     331.05589    -331.05589
      -6.59709     332.34990    -332.34990
      -6.56709     333.17935    -333.17935
      -6.53809     333.63750    -333.63750
      -6.50809     333.92332    -333.92332
      -6.47809     334.25855    -334.25855
      -6.44809     334.89220    -334.89220
      -6.41809     335.96086    -335.96086
      -6.38809     337.41978    -337.41978
      -6.35809     339.27506    -339.27506
      -6.32909     341.61355    -341.61355
      -6.29909     344.27619    -344.27619
      -6.26909     346.86436    -346.86436
      -6.23909     349.21271    -349.21271
      -6.20909     351.49390    -351.49390
      -6.17909     353.79852    -353.79852
      -6.15009     356.14792    -356.14792
      -6.12009     358.70072    -358.70072
      -6.09009     361.49110    -361.49110
      -6.06009     364.35639    -364.35639
      -6.03009     367.16946    -367.16946
      -6.00009     369.95685    -369.95685
      -5.97009     372.78230    -372.78230
      -5.94109     375.40853    -375.40853
      -5.91109     377.49825    -377.49825
      -5.88109     379.23131    -379.23131
      -5.85109     381.15509    -381.15509
      -5.82109     383.55373    -383.55373
      -5.79109     386.41485    -386.41485
      -5.76209     389.77112    -389.77112
      -5.73209     393.59152    -393.59152
      -5.70209     397.52533    -397.52533
      -5.67209     401.04278    -401.04278
      -5.64209     403.87883    -403.87883
      -5.61209     406.33164    -406.33164
      -5.58209     408.87116    -408.87116
      -5.55309     411.50738    -411.50738
      -5.52309     413.87423    -413.87423
      -5.49309     415.76980    -415.76980
      -5.46309     417.37318    -417.37318
      -5.43309     418.97237    -418.97237
      -5.40309     420.58708    -420.58708
      -5.37409     422.13315    -422.13315
      -5.34409     423.87292    -423.87292
      -5.31409     426.15277    -426.15277
      -5.28409     428.70945    -428.70945
      -5.25409     430.94796    -430.94796
      -5.22409     432.73355    -432.73355
      -5.19409     434.30409    -434.30409
      -5.16509     435.94820    -435.94820
      -5.13509     437.95645    -437.95645
      -5.10509     440.41165    -440.41165
      -5.07509     443.23695    -443.23695
      -5.04509     446.35445    -446.35445
      -5.01509     449.47195    -449.47195
      -4.98609     452.18399    -452.18399
      -4.95609     454.41265    -454.41265
      -4.92609     456.47462    -456.47462
      -4.89609     458.67030    -458.67030
      -4.86609     460.94343    -460.94343
      -4.83609     463.17493    -463.17493
      -4.80609     465.46971    -465.46971
      -4.77709     467.92088    -467.92088
      -4.74709     470.39608    -470.39608
      -4.71709     472.59131    -472.59131
      -4.68709     474.27691    -474.27691
      -4.65709     475.51511    -475.51511
      -4.62709     476.52751    -476.52751
      -4.59709     477.50589    -477.50589
      -4.56809     478.71469    -478.71469
      -4.53809     480.42730    -480.42730
      -4.50809     482.58493    -482.58493
      -4.47809     484.82926    -484.82926
      -4.44809     486.86198    -486.86198
      -4.41809     488.54101    -488.54101
      -4.38909     489.79458    -489.79458
      -4.35909     490.63939    -490.63939
      -4.32909     491.22141    -491.22141
      -4.29909     491.78999    -491.78999
      -4.26909     492.56824    -492.56824
      -4.23909     493.59453    -493.59453
      -4.20909     494.73274    -494.73274
      -4.18009     495.87990    -495.87990
      -4.15009     497.11511    -497.11511
      -4.12009     498.55746    -498.55746
      -4.09009     500.22500    -500.22500
      -4.06009     502.10789    -502.10789
      -4.03009     504.14598    -504.14598
      -4.00109     506.12796    -506.12796
      -3.97109     507.77312    -507.77312
      -3.94109     508.93998    -508.93998
      -3.91109     509.75778    -509.75778
      -3.88109     510.56171    -510.56171
      -3.85109     511.69260    -511.69260
      -3.82109     513.31090    -513.31090
      -3.79209     515.35391    -515.35391
      -3.76209     517.70808    -517.70808
      -3.73209     520.32102    -520.32102
      -3.70209     523.02112    -523.02112
      -3.67209     525.59391    -525.59391
      -3.64209     528.15000    -528.15000
      -3.61309     530.88680    -530.88680
      -3.58309     533.68897    -533.68897
      -3.55309     536.53412    -536.53412
      -3.52309     539.68938    -539.68938
      -3.49309     543.03820    -543.03820
      -3.46309     545.95647    -545.95647
      -3.43309     548.15409    -548.15409
      -3.40409     550.03459    -550.03459
      -3.37409     552.05418    -552.05418
      -3.34409     554.01511    -554.01511
      -3.31409     555.33882    -555.33882
      -3.28409     555.96934    -555.96934
      -3.25409     556.43718    -556.43718
      -3.22509     557.21947    -557.21947
      -3.19509     558.45662    -558.45662
      -3.16509     560.03522    -560.03522
      -3.13509     561.77693    -561.77693
      -3.10509     563.77906    -563.77906
      -3.07509     566.25112    -566.25112
      -3.04509     568.86675    -568.86675
      -3.01609     571.04243    -571.04243
      -2.98609     572.66491    -572.66491
      -2.95609     574.03548    -574.03548
      -2.92609     575.44962    -575.44962
      -2.89609     576.86093    -576.86093
      -2.86609     577.98615    -577.98615
      -2.83709     578.78187    -578.78187
      -2.80709     579.46432    -579.46432
      -2.77709     580.25794    -580.25794
      -2.74709     581.41869    -581.41869
      -2.71709     583.11488    -583.11488
      -2.68709     585.07000    -585.07000
      -2.65709     586.75097    -586.75097
      -2.62809     587.95231    -587.95231
      -2.59809     588.84846    -588.84846
      -2.56809     589.69596    -589.69596
      -2.53809     590.67807    -590.67807
      -2.50809     591.93746    -591.93746
      -2.47809     593.65365    -593.65365
      -2.44909     595.78158    -595.78158
      -2.41909     597.82549    -597.82549
      -2.38909     599.43752    -599.43752
      -2.35909     600.93016    -600.93016
      -2.32909     602.66262    -602.66262
      -2.29909     604.34986    -604.34986
      -2.26909     605.44703    -605.44703
      -2.24009     605.89955    -605.89955
      -2.21009     606.09012    -606.09012
      -2.18009     606.37198    -606.37198
      -2.15009     606.91445    -606.91445
      -2.12009     607.78508    -607.78508
      -2.09009     608.96746    -608.96746
      -2.06109     610.23565    -610.23565
      -2.03109     611.29283    -611.29283
      -2.00109     612.08690    -612.08690
      -1.97109     612.77085    -612.77085
      -1.94109     613.51045    -613.51045
      -1.91109     614.41645    -614.41645
      -1.88109     615.47303    -615.47303
      -1.85209     616.52408    -616.52408
      -1.82209     617.42098    -617.42098
      -1.79209     618.14701    -618.14701
      -1.76209     618.77827    -618.77827
      -1.73209     619.38237    -619.38237
      -1.70209     620.00437    -620.00437
      -1.67309     620.75099    -620.75099
      -1.64309     621.78310    -621.78310
      -1.61309     623.09367    -623.09367
      -1.58309     624.37216    -624.37216
      -1.55309     625.27488    -625.27488
      -1.52309     625.74082    -625.74082
      -1.49309     625.92423    -625.92423
      -1.46409     625.98260    -625.98260
      -1.43409     626.01453    -626.01453
      -1.40409     626.09883    -626.09883
      -1.37409     626.32929    -626.32929
      -1.34409     626.80296    -626.80296
      -1.31409     627.56958    -627.56958
      -1.28509     628.59601    -628.59601
      -1.25509     629.78257    -629.78257
      -1.22509     630.92660    -630.92660
      -1.19509     631.75321    -631.75321
      -1.16509     632.18074    -632.18074
      -1.13509     632.37846    -632.37846
      -1.10509     632.50789    -632.50789
      -1.07609     632.62092    -632.62092
      -1.04609     632.74848    -632.74848
      -1.01609     632.96263    -632.96263
      -0.98609     633.34727    -633.34727
      -0.95609     633.89048    -633.89048
      -0.92609     634.43504    -634.43504
      -0.89609     634.82488    -634.82488
      -0.86709     635.08813    -635.08813
      -0.83709     635.42685    -635.42685
      -0.80709     636.04110    -636.04110
      -0.77709     636.93561    -636.93561
      -0.74709     637.95488    -637.95488
      -0.71709     639.01265    -639.01265
      -0.68809     640.11026    -640.11026
      -0.65809     641.24012    -641.24012
      -0.62809     642.43056    -642.43056
      -0.59809     643.72427    -643.72427
      -0.56809     645.05574    -645.05574
      -0.53809     646.22812    -646.22812
      -0.50809     647.09830    -647.09830
      -0.47909     647.75628    -647.75628
      -0.44909     648.35620    -648.35620
      -0.41909     648.90642    -648.90642
      -0.38909     649.40681    -649.40681
      -0.35909     649.96629    -649.96629
      -0.32909     650.61441    -650.61441
      -0.30009     651.20553    -651.20553
      -0.27009     651.64025    -651.64025
      -0.24009     652.03587    -652.03587
      -0.21009     652.60877    -652.60877
      -0.18009     653.40315    -653.40315
      -0.15009     654.24005    -654.24005
      -0.12009     654.99458    -654.99458
      -0.09109     655.68897    -655.68897
      -0.06109     656.36560    -656.36560
      -0.03109     657.03163    -657.03163
      -0.00109     657.66423    -657.66423
       0.02891     658.29385    -658.29385
       0.05891     658.95854    -658.95854
       0.08791     659.56936    -659.56936
       0.11791     660.05795    -660.05795
       0.14791     660.56370    -660.56370
       0.17791     661.31017    -661.31017
       0.20791     662.37555    -662.37555
       0.23791     663.59301    -663.59301
       0.26791     664.66884    -664.66884
       0.29691     665.40352    -665.40352
       0.32691     665.78591    -665.78591
       0.35691     665.93561    -665.93561
       0.38691     665.98093    -665.98093
       0.41691     665.99362    -665.99362
       0.44691     666.01791    -666.01791
       0.47591     666.14600    -666.14600
       0.50591     666.55529    -666.55529
       0.53591     667.34414    -667.34414
       0.56591     668.34640    -668.34640
       0.59591     669.32030    -669.32030
       0.62591     670.24167    -670.24167
       0.65591     671.23632    -671.23632
       0.68491     672.29588    -672.29588
       0.71491     673.19367    -673.19367
       0.74491     673.72838    -673.72838
       0.77491     673.93610    -673.93610
       0.80491     673.98550    -673.98550
       0.83491     673.99227    -673.99227
       0.86391     673.99278    -673.99278
       0.89391     673.99280    -673.99280
       0.92391     673.99280    -673.99280
       0.95391     673.99280    -673.99280
       0.98391     673.99280    -673.99280
       1.01391     673.99280    -673.99280
       1.04391     673.99280    -673.99280
       1.07291     673.99280    -673.99280
       1.10291     673.99280    -673.99280
       1.13291     673.99280    -673.99280
       1.16291     673.99280    -673.99280
       1.19291     673.99280    -673.99280
       1.22291     673.99280    -673.99280
       1.25191     673.99280    -673.99280
       1.28191     673.99280    -673.99280
       1.31191     673.99280    -673.99280
       1.34191     673.99280    -673.99280
       1.37191     673.99280    -673.99280
       1.40191     673.99280    -673.99280
       1.43191     673.99285    -673.99285
       1.46091     673.99357    -673.99357
       1.49091     673.99907    -673.99907
       1.52091     674.02324    -674.02324
       1.55091     674.08881    -674.08881
       1.58091     674.21090    -674.21090
       1.61091     674.38234    -674.38234
       1.63991     674.57501    -674.57501
       1.66991     674.76169    -674.76169
       1.69991     674.95647    -674.95647
       1.72991     675.24073    -675.24073
       1.75991     675.71410    -675.71410
       1.78991     676.36327    -676.36327
       1.81991     677.03811    -677.03811
       1.84891     677.63967    -677.63967
       1.87891     678.19244    -678.19244
       1.90891     678.69416    -678.69416
       1.93891     679.13186    -679.13186
       1.96891     679.60479    -679.60479
       1.99891     680.25694    -680.25694
       2.02791     681.16145    -681.16145
       2.05791     682.21445    -682.21445
       2.08791     683.16760    -683.16760
       2.11791     683.93482    -683.93482
       2.14791     684.61458    -684.61458
       2.17791     685.19435    -685.19435
       2.20791     685.62206    -685.62206
       2.23691     686.03394    -686.03394
       2.26691     686.62626    -686.62626
       2.29691     687.42824    -687.42824
       2.32691     688.33111    -688.33111
       2.35691     689.21472    -689.21472
       2.38691     690.03253    -690.03253
       2.41691     690.86137    -690.86137
       2.44591     691.79259    -691.79259
       2.47591     692.81589    -692.81589
       2.50591     693.85471    -693.85471
       2.53591     694.83981    -694.83981
       2.56591     695.75013    -695.75013
       2.59591     696.56928    -696.56928
       2.62491     697.24979    -697.24979
       2.65491     697.80554    -697.80554
       2.68491     698.36815    -698.36815
       2.71491     699.06239    -699.06239
       2.74491     699.87168    -699.87168
       2.77491     700.72575    -700.72575
       2.80491     701.66190    -701.66190
       2.83391     702.76563    -702.76563
       2.86391     703.98682    -703.98682
       2.89391     705.11219    -705.11219
       2.92391     705.99372    -705.99372
       2.95391     706.74272    -706.74272
       2.98391     707.55038    -707.55038
       3.01291     708.44056    -708.44056
       3.04291     709.31582    -709.31582
       3.07291     710.09169    -710.09169
       3.10291     710.76831    -710.76831
       3.13291     711.40644    -711.40644
       3.16291     712.02278    -712.02278
       3.19291     712.66225    -712.66225
       3.22191     713.46557    -713.46557
       3.25191     714.42649    -714.42649
       3.28191     715.27131    -715.27131
       3.31191     715.76393    -715.76393
       3.34191     715.94567    -715.94567
       3.37191     715.98712    -715.98712
       3.40091     715.99837    -715.99837
       3.43091     716.04126    -716.04126
       3.46091     716.22563    -716.22561
       3.49091     716.73293    -716.73290
       3.52091     717.69385    -717.69382
       3.55091     719.02980    -719.02977
       3.58091     720.44573    -720.44570
       3.60991     721.62483    -721.62480
       3.63991     722.46427    -722.46424
       3.66991     723.11314    -723.11311
       3.69991     723.79708    -723.79705
       3.72991     724.63279    -724.63276
       3.75991     725.56088    -725.56085
       3.78891     726.44106    -726.44118
       3.81891     727.31587    -727.31614
       3.84891     728.49348    -728.49375
       3.87891     730.08253    -730.08279
       3.90891     731.75007    -731.75049
       3.93891     733.32538    -733.32595
       3.96891     735.07232    -735.07304
       3.99791     737.17682    -737.17769
       4.02791     739.45637    -739.45709
       4.05791     741.64653    -741.64695
       4.08791     743.68015    -743.68027
       4.11791     745.52155    -745.52167
       4.14791     747.06836    -747.06878
       4.17691     748.32700    -748.32742
       4.20691     749.43865    -749.43891
       4.23691     750.55044    -750.55071
       4.26691     751.69148    -751.69175
       4.29691     752.73209    -752.73221
       4.32691     753.54378    -753.54390
       4.35691     754.23205    -754.23261
       4.38591     755.09268    -755.09384
       4.41591     756.31222    -756.31368
       4.44591     757.76875    -757.76991
       4.47591     759.23438    -759.23494
       4.50591     760.70985    -760.70982
       4.53591     762.27965    -762.27947
       4.56491     763.79826    -763.79867
       4.59491     765.06630    -765.06731
       4.62491     766.15899    -766.15986
       4.65491     767.30392    -767.30403
       4.68491     768.61479    -768.61342
       4.71491     770.21532    -770.21231
       4.74491     772.33281    -772.33233
       4.77391     774.98216    -774.98989
       4.80391     777.83910    -777.85191
       4.83391     780.60262    -780.60826
       4.86391     783.29809    -783.28761
       4.89391     786.02609    -786.00323
       4.92391     788.64485    -788.62333
       4.95291     791.04901    -791.03137
       4.98291     793.36901    -793.33689
       5.01291     795.67169    -795.60823
       5.04291     797.90602    -797.79660
       5.07291     800.10633    -799.94020
       5.10291     802.33634    -802.14574
       5.13291     804.54590    -804.38947
       5.16191     806.65771    -806.55695
       5.19191     808.72908    -808.66906
       5.22191     810.87358    -810.83355
       5.25191     813.11612    -813.07192
       5.28191     815.45924    -815.38519
       5.31191     817.92832    -817.81413
       5.34091     820.55320    -820.42632
       5.37091     823.33015    -823.24267
       5.40091     826.13277    -826.09752
       5.43091     828.83525    -828.79851
       5.46091     831.46565    -831.37325
       5.49091     834.10382    -833.96261
       5.52091     836.77436    -836.62554
       5.54991     839.47953    -839.34952
       5.57991     842.22812    -842.12497
       5.60991     844.95344    -844.87118
       5.63991     847.52131    -847.43353
       5.66991     849.89786    -849.79680
       5.69991     852.16727    -852.07949
       5.72991     854.42503    -854.33964
       5.75891     856.73055    -856.59517
       5.78891     859.04204    -858.85248
       5.81891     861.26891    -861.07070
       5.84891     863.42639    -863.24071
       5.87891     865.56909    -865.39744
       5.90891     867.67330    -867.54045
       5.93791     869.76630    -869.69375
       5.96791     871.97840    -871.95047
       5.99791     874.35421    -874.33030
       6.02791     876.86015    -876.79625
       6.05791     879.51368    -879.40800
       6.08791     882.29839    -882.20867
       6.11791     885.12310    -885.09829
       6.14691     887.91318    -887.92837
       6.17691     890.61432    -890.58504
       6.20691     893.20846    -893.06516
       6.23691     895.72156    -895.47276
       6.26691     898.14005    -897.86946
       6.29691     900.43094    -900.24407
       6.32591     902.63603    -902.58511
       6.35591     904.83260    -904.86794
       6.38591     907.03918    -907.06512
       6.41591     909.25262    -909.22543
       6.44591     911.48725    -911.43156
       6.47591     913.73368    -913.68037
       6.50591     915.99054    -915.92336
       6.53491     918.28278    -918.18157
       6.56491     920.61098    -920.50709
       6.59491     922.94859    -922.88140
       6.62491     925.24739    -925.21662
       6.65491     927.45934    -927.44051
       6.68491     929.60682    -929.56605
       6.71391     931.75609    -931.66040
       6.74391     933.90760    -933.75341
       6.77391     936.01046    -935.81881
       6.80391     938.05601    -937.84959
       6.83391     940.08470    -939.87126
       6.86391     942.12742    -941.88085
       6.89391     944.17655    -943.87387
       6.92291     946.22300    -945.89853
       6.95291     948.27751    -947.98199
       6.98291     950.34141    -950.07500
       7.01291     952.40622    -952.14936
       7.04291     954.48789    -954.25251
       7.07291     956.62895    -956.44506
       7.10191     958.85313    -958.74267
       7.13191     961.15253    -961.08624
       7.16191     963.50670    -963.38654
       7.19191     965.86535    -965.61580
       7.22191     968.14595    -967.79566
       7.25191     970.31014    -969.93941
       7.28191     972.40106    -972.04197
       7.31091     974.43676    -974.07782
       7.34091     976.36173    -976.01145
       7.37091     978.14792    -977.83778
       7.40091     979.84113    -979.61158
       7.43091     981.51494    -981.40269
       7.46091     983.21666    -983.22409
       7.48991     984.93494    -985.03116
       7.51991     986.61636    -986.76885
       7.54991     988.21167    -988.41251
       7.57991     989.71566    -989.97992
       7.60991     991.15353    -991.49092
       7.63991     992.55066    -992.93655
       7.66991     993.94988    -994.32204
       7.69891     995.38357    -995.68290
       7.72891     996.81249    -997.02034
       7.75891     998.17022    -998.29211
       7.78891     999.44334    -999.48643
       7.81891    1000.63199   -1000.64300
       7.84891    1001.71020   -1001.78837
       7.87791    1002.68992   -1002.89375
       7.90791    1003.61965   -1003.91302
       7.93791    1004.51819   -1004.84275
       7.96791    1005.38062   -1005.72084
       7.99791    1006.20722   -1006.56610
       8.02791    1007.00488   -1007.36257
       8.05791    1007.79403   -1008.10321
       8.08691    1008.59064   -1008.81178
       8.11691    1009.37293   -1009.52124
       8.14691    1010.10701   -1010.23503
       8.17691    1010.78304   -1010.91822
       8.20691    1011.41042   -1011.54082
       8.23691    1011.99766   -1012.11000
       8.26591    1012.54162   -1012.63964
       8.29591    1013.04006   -1013.11704
       8.32591    1013.49806   -1013.52459
       8.35591    1013.91233   -1013.87738
       8.38591    1014.27527   -1014.22047
       8.41591    1014.59627   -1014.58251
       8.44591    1014.89403   -1014.94321
       8.47491    1015.17366   -1015.26132
       8.50491    1015.41827   -1015.51774
       8.53491    1015.60401   -1015.71434
       8.56491    1015.72832   -1015.85038
       8.59491    1015.81195   -1015.92582
       8.62491    1015.87193   -1015.95873
       8.65391    1015.91198   -1015.97459
       8.68391    1015.93687   -1015.98511
       8.71391    1015.95498   -1015.99086
       8.74391    1015.97036   -1015.99275
       8.77391    1015.98191   -1015.99309
       8.80391    1015.98799   -1015.99312
       8.83391    1015.98995   -1015.99312
       8.86291    1015.99030   -1015.99312
       8.89291    1015.99033   -1015.99312
       8.92291    1015.99033   -1015.99312
       8.95291    1015.99033   -1015.99312
       8.98291    1015.99033   -1015.99312
       9.01291    1015.99033   -1015.99312
       9.04291    1015.99033   -1015.99312
       9.07191    1015.99033   -1015.99312
       9.10191    1015.99033   -1015.99312
       9.13191    1015.99033   -1015.99312
       9.16191    1015.99033   -1015.99312
       9.19191    1015.99033   -1015.99312
       9.22191    1015.99033   -1015.99312
       9.25091    1015.99033   -1015.99312
       9.28091    1015.99033   -1015.99312
       9.31091    1015.99033   -1015.99312
       9.34091    1015.99033   -1015.99312
       9.37091    1015.99033   -1015.99312
       9.40091    1015.99033   -1015.99312
       9.43091    1015.99033   -1015.99312
       9.45991    1015.99033   -1015.99312
       9.48991    1015.99033   -1015.99312
       9.51991    1015.99033   -1015.99312
       9.54991    1015.99033   -1015.99312
       9.57991    1015.99033   -1015.99312
       9.60991    1015.99033   -1015.99312
       9.63891    1015.99033   -1015.99312
       9.66891    1015.99033   -1015.99312
       9.69891    1015.99033   -1015.99312
       9.72891    1015.99033   -1015.99312
       9.75891    1015.99033   -1015.99312
       9.78891    1015.99033   -1015.99312
       9.81891    1015.99033   -1015.99312
       9.84791    1015.99033   -1015.99312
       9.87791    1015.99033   -1015.99312
       9.90791    1015.99033   -1015.99312
       9.93791    1015.99033   -1015.99312
       9.96791    1015.99033   -1015.99312
       9.99791    1015.99033   -1015.99312
      10.02691    1015.99033   -1015.99312
      10.05691    1015.99033   -1015.99312
      10.08691    1015.99033   -1015.99312
