      #Energy        TDOS-UP        TDOS-DOWN
     -22.65100       0.00000       0.00000
     -22.62100       0.00000       0.00000
     -22.59100       0.00000       0.00000
     -22.56100       0.00000       0.00000
     -22.53100       0.00000       0.00000
     -22.50200       0.00000       0.00000
     -22.47200       0.00000       0.00000
     -22.44200       0.00000       0.00000
     -22.41200       0.00000       0.00000
     -22.38200       0.00000       0.00000
     -22.35200       0.00000       0.00000
     -22.32300       0.00000       0.00000
     -22.29300       0.00000       0.00000
     -22.26300       0.00000       0.00000
     -22.23300       0.00000       0.00000
     -22.20300       0.00000       0.00000
     -22.17300       0.00000       0.00000
     -22.14300       0.00000       0.00000
     -22.11400       0.00000       0.00000
     -22.08400       0.00000       0.00000
     -22.05400       0.00000       0.00000
     -22.02400       0.00000       0.00000
     -21.99400       0.00000       0.00000
     -21.96400       0.00000       0.00000
     -21.93500       0.00000       0.00000
     -21.90500       0.00000       0.00000
     -21.87500       0.00000       0.00000
     -21.84500       0.00000       0.00000
     -21.81500       0.00000       0.00000
     -21.78500       0.00000       0.00000
     -21.75500       0.00000       0.00000
     -21.72600       0.00000       0.00000
     -21.69600       0.00000       0.00000
     -21.66600       0.00000       0.00000
     -21.63600       0.00000       0.00000
     -21.60600       0.00000       0.00000
     -21.57600       0.00000      -0.00000
     -21.54700       0.00000      -0.00000
     -21.51700       0.00000      -0.00000
     -21.48700       0.00000      -0.00000
     -21.45700       0.00005      -0.00005
     -21.42700       0.00216      -0.00216
     -21.39700       0.04913      -0.04913
     -21.36700       0.59170      -0.59170
     -21.33800       3.85900      -3.85900
     -21.30800      14.02000     -14.02000
     -21.27800      29.47000     -29.47000
     -21.24800      39.20000     -39.20000
     -21.21800      40.65000     -40.65000
     -21.18800      39.80000     -39.80000
     -21.15900      34.91000     -34.91000
     -21.12900      32.29000     -32.29000
     -21.09900      41.12000     -41.12000
     -21.06900      49.35000     -49.35000
     -21.03900      41.85000     -41.85000
     -21.00900      23.81000     -23.81000
     -20.97900       8.81300      -8.81300
     -20.95000       2.01600      -2.01600
     -20.92000       0.60600      -0.60600
     -20.89000       2.87100      -2.87100
     -20.86000      12.66000     -12.66000
     -20.83000      31.63000     -31.63000
     -20.80000      48.09000     -48.09000
     -20.77000      51.24000     -51.24000
     -20.74100      46.34000     -46.34000
     -20.71100      39.52000     -39.52000
     -20.68100      33.33000     -33.33000
     -20.65100      37.36000     -37.36000
     -20.62100      45.56000     -45.56000
     -20.59100      36.14000     -36.14000
     -20.56200      20.90000     -20.90000
     -20.53200      27.84000     -27.84000
     -20.50200      53.32000     -53.32000
     -20.47200      61.84000     -61.84000
     -20.44200      38.97000     -38.97000
     -20.41200      14.32000     -14.32000
     -20.38200       7.72100      -7.72100
     -20.35300      13.01000     -13.01000
     -20.32300      20.68000     -20.68000
     -20.29300      25.97000     -25.97000
     -20.26300      28.31000     -28.31000
     -20.23300      28.57000     -28.57000
     -20.20300      25.95000     -25.95000
     -20.17400      20.14000     -20.14000
     -20.14400      13.54000     -13.54000
     -20.11400       8.60200      -8.60200
     -20.08400       5.35100      -5.35100
     -20.05400       2.80100      -2.80100
     -20.02400       0.98380      -0.98380
     -19.99400       0.20630      -0.20630
     -19.96500       0.15060      -0.15060
     -19.93500       1.24000      -1.24000
     -19.90500       6.19300      -6.19300
     -19.87500      16.44000     -16.44000
     -19.84500      24.24000     -24.24000
     -19.81500      23.04000     -23.04000
     -19.78600      21.79000     -21.79000
     -19.75600      28.61000     -28.61000
     -19.72600      39.55000     -39.55000
     -19.69600      45.07000     -45.07000
     -19.66600      36.18000     -36.18000
     -19.63600      18.53000     -18.53000
     -19.60600       5.80100      -5.80100
     -19.57700       1.08200      -1.08200
     -19.54700       0.11680      -0.11680
     -19.51700       0.00704      -0.00704
     -19.48700       0.00028      -0.00028
     -19.45700       0.00176      -0.00176
     -19.42700       0.03386      -0.03386
     -19.39800       0.33890      -0.33890
     -19.36800       1.78700      -1.78700
     -19.33800       5.12700      -5.12700
     -19.30800       8.55400      -8.55400
     -19.27800       9.90300      -9.90300
     -19.24800      11.62000     -11.62000
     -19.21800      17.32000     -17.32000
     -19.18900      26.53000     -26.53000
     -19.15900      33.63000     -33.63000
     -19.12900      30.06000     -30.06000
     -19.09900      17.77000     -17.77000
     -19.06900       8.33300      -8.33300
     -19.03900       5.13500      -5.13500
     -19.01000       4.75900      -4.75900
     -18.98000       5.11900      -5.11900
     -18.95000       5.46600      -5.46600
     -18.92000       4.96100      -4.96100
     -18.89000       4.07100      -4.07100
     -18.86000       6.71700      -6.71700
     -18.83000      17.24000     -17.24000
     -18.80100      31.38000     -31.38000
     -18.77100      40.62000     -40.62000
     -18.74100      46.73000     -46.73000
     -18.71100      51.14000     -51.14000
     -18.68100      51.64000     -51.64000
     -18.65100      54.88000     -54.88000
     -18.62200      61.77000     -61.77000
     -18.59200      56.70000     -56.70000
     -18.56200      34.53000     -34.53000
     -18.53200      13.14000     -13.14000
     -18.50200       4.59800      -4.59800
     -18.47200       7.07800      -7.07800
     -18.44200      14.59000     -14.59000
     -18.41300      19.43000     -19.43000
     -18.38300      19.89000     -19.89000
     -18.35300      20.58000     -20.58000
     -18.32300      24.45000     -24.45000
     -18.29300      32.02000     -32.02000
     -18.26300      40.19000     -40.19000
     -18.23400      44.21000     -44.21000
     -18.20400      44.13000     -44.13000
     -18.17400      43.00000     -43.00000
     -18.14400      42.33000     -42.33000
     -18.11400      40.62000     -40.62000
     -18.08400      33.54000     -33.54000
     -18.05400      21.56000     -21.56000
     -18.02500      12.27000     -12.27000
     -17.99500       8.80100      -8.80100
     -17.96500       9.46800      -9.46800
     -17.93500      15.38000     -15.38000
     -17.90500      31.89000     -31.89000
     -17.87500      57.49000     -57.49000
     -17.84600      73.15000     -73.15000
     -17.81600      63.19000     -63.19000
     -17.78600      39.90000     -39.90000
     -17.75600      21.45000     -21.45000
     -17.72600      14.10000     -14.10000
     -17.69600      18.43000     -18.43000
     -17.66600      27.51000     -27.51000
     -17.63700      32.94000     -32.94000
     -17.60700      36.08000     -36.08000
     -17.57700      37.65000     -37.65000
     -17.54700      37.86000     -37.86000
     -17.51700      38.80000     -38.80000
     -17.48700      37.81000     -37.81000
     -17.45700      34.78000     -34.78000
     -17.42800      31.78000     -31.78000
     -17.39800      26.00000     -26.00000
     -17.36800      19.18000     -19.18000
     -17.33800      18.57000     -18.57000
     -17.30800      26.45000     -26.45000
     -17.27800      38.70000     -38.70000
     -17.24900      49.08000     -49.08000
     -17.21900      49.72000     -49.72000
     -17.18900      39.35000     -39.35000
     -17.15900      28.63000     -28.63000
     -17.12900      24.38000     -24.38000
     -17.09900      22.12000     -22.12000
     -17.06900      18.46000     -18.46000
     -17.04000      18.25000     -18.25000
     -17.01000      24.10000     -24.10000
     -16.98000      28.94000     -28.94000
     -16.95000      27.49000     -27.49000
     -16.92000      25.64000     -25.64000
     -16.89000      28.75000     -28.75000
     -16.86100      32.92000     -32.92000
     -16.83100      36.96000     -36.96000
     -16.80100      42.39000     -42.39000
     -16.77100      45.82000     -45.82000
     -16.74100      44.39000     -44.39000
     -16.71100      39.32000     -39.32000
     -16.68100      35.53000     -35.53000
     -16.65200      32.16000     -32.16000
     -16.62200      24.09000     -24.09000
     -16.59200      15.54000     -15.54000
     -16.56200      12.73000     -12.73000
     -16.53200      13.06000     -13.06000
     -16.50200      12.27000     -12.27000
     -16.47300      10.99000     -10.99000
     -16.44300      10.71000     -10.71000
     -16.41300      12.12000     -12.12000
     -16.38300      15.46000     -15.46000
     -16.35300      17.51000     -17.51000
     -16.32300      16.12000     -16.12000
     -16.29300      13.96000     -13.96000
     -16.26400      10.31000     -10.31000
     -16.23400       4.84200      -4.84200
     -16.20400       1.25300      -1.25300
     -16.17400       0.30880      -0.30880
     -16.14400       1.36200      -1.36200
     -16.11400       6.72100      -6.72100
     -16.08500      17.80000     -17.80000
     -16.05500      26.44000     -26.44000
     -16.02500      25.19000     -25.19000
     -15.99500      20.13000     -20.13000
     -15.96500      17.03000     -17.03000
     -15.93500      16.96000     -16.96000
     -15.90500      20.65000     -20.65000
     -15.87600      24.38000     -24.38000
     -15.84600      27.50000     -27.50000
     -15.81600      31.67000     -31.67000
     -15.78600      29.05000     -29.05000
     -15.75600      19.14000     -19.14000
     -15.72600      12.53000     -12.53000
     -15.69700      11.21000     -11.21000
     -15.66700      11.37000     -11.37000
     -15.63700      16.26000     -16.26000
     -15.60700      31.37000     -31.37000
     -15.57700      46.37000     -46.37000
     -15.54700      46.60000     -46.60000
     -15.51700      39.76000     -39.76000
     -15.48800      39.70000     -39.70000
     -15.45800      42.61000     -42.61000
     -15.42800      37.63000     -37.63000
     -15.39800      28.53000     -28.53000
     -15.36800      23.71000     -23.71000
     -15.33800      22.10000     -22.10000
     -15.30900      21.90000     -21.90000
     -15.27900      23.88000     -23.88000
     -15.24900      27.37000     -27.37000
     -15.21900      28.65000     -28.65000
     -15.18900      28.54000     -28.54000
     -15.15900      32.35000     -32.35000
     -15.12900      36.99000     -36.99000
     -15.10000      36.99000     -36.99000
     -15.07000      32.44000     -32.44000
     -15.04000      23.97000     -23.97000
     -15.01000      12.92000     -12.92000
     -14.98000       4.33200      -4.33200
     -14.95000       0.83140      -0.83140
     -14.92100       0.33570      -0.33570
     -14.89100       2.41000      -2.41000
     -14.86100      12.15000     -12.15000
     -14.83100      34.10000     -34.10000
     -14.80100      58.29000     -58.29000
     -14.77100      68.01000     -68.01000
     -14.74100      57.46000     -57.46000
     -14.71200      37.79000     -37.79000
     -14.68200      26.31000     -26.31000
     -14.65200      21.59000     -21.59000
     -14.62200      16.75000     -16.75000
     -14.59200      15.91000     -15.91000
     -14.56200      20.27000     -20.27000
     -14.53300      21.36000     -21.36000
     -14.50300      15.48000     -15.48000
     -14.47300       9.93500      -9.93500
     -14.44300      10.46000     -10.46000
     -14.41300      15.50000     -15.50000
     -14.38300      22.72000     -22.72000
     -14.35300      31.62000     -31.62000
     -14.32400      36.81000     -36.81000
     -14.29400      30.69000     -30.69000
     -14.26400      18.36000     -18.36000
     -14.23400      11.00000     -11.00000
     -14.20400      12.59000     -12.59000
     -14.17400      20.22000     -20.22000
     -14.14400      26.09000     -26.09000
     -14.11500      26.27000     -26.27000
     -14.08500      26.74000     -26.74000
     -14.05500      33.43000     -33.43000
     -14.02500      39.88000     -39.88000
     -13.99500      36.39000     -36.39000
     -13.96500      24.73000     -24.73000
     -13.93600      12.89000     -12.89000
     -13.90600       6.55300      -6.55300
     -13.87600       6.25600      -6.25600
     -13.84600       9.34800      -9.34800
     -13.81600      13.96000     -13.96000
     -13.78600      19.25000     -19.25000
     -13.75600      23.13000     -23.13000
     -13.72700      23.59000     -23.59000
     -13.69700      22.97000     -22.97000
     -13.66700      24.89000     -24.89000
     -13.63700      27.24000     -27.24000
     -13.60700      26.97000     -26.97000
     -13.57700      29.62000     -29.62000
     -13.54800      39.33000     -39.33000
     -13.51800      50.76000     -50.76000
     -13.48800      56.73000     -56.73000
     -13.45800      51.82000     -51.82000
     -13.42800      39.30000     -39.30000
     -13.39800      27.16000     -27.16000
     -13.36800      22.23000     -22.23000
     -13.33900      28.59000     -28.59000
     -13.30900      38.65000     -38.65000
     -13.27900      41.75000     -41.75000
     -13.24900      37.64000     -37.64000
     -13.21900      32.27000     -32.27000
     -13.18900      28.49000     -28.49000
     -13.16000      25.08000     -25.08000
     -13.13000      21.82000     -21.82000
     -13.10000      19.27000     -19.27000
     -13.07000      20.70000     -20.70000
     -13.04000      26.43000     -26.43000
     -13.01000      30.24000     -30.24000
     -12.98000      30.47000     -30.47000
     -12.95100      27.83000     -27.83000
     -12.92100      22.34000     -22.34000
     -12.89100      17.24000     -17.24000
     -12.86100      16.13000     -16.13000
     -12.83100      22.52000     -22.52000
     -12.80100      31.45000     -31.45000
     -12.77200      28.74000     -28.74000
     -12.74200      15.12000     -15.12000
     -12.71200       5.39900      -5.39900
     -12.68200       6.27900      -6.27900
     -12.65200      17.13000     -17.13000
     -12.62200      32.98000     -32.98000
     -12.59200      45.16000     -45.16000
     -12.56300      49.08000     -49.08000
     -12.53300      43.84000     -43.84000
     -12.50300      34.33000     -34.33000
     -12.47300      29.87000     -29.87000
     -12.44300      30.52000     -30.52000
     -12.41300      30.79000     -30.79000
     -12.38400      34.87000     -34.87000
     -12.35400      43.79000     -43.79000
     -12.32400      43.44000     -43.44000
     -12.29400      31.98000     -31.98000
     -12.26400      24.34000     -24.34000
     -12.23400      26.36000     -26.36000
     -12.20400      33.33000     -33.33000
     -12.17500      42.26000     -42.26000
     -12.14500      51.14000     -51.14000
     -12.11500      52.55000     -52.55000
     -12.08500      44.58000     -44.58000
     -12.05500      35.97000     -35.97000
     -12.02500      31.60000     -31.60000
     -11.99600      26.89000     -26.89000
     -11.96600      18.05000     -18.05000
     -11.93600      10.73000     -10.73000
     -11.90600      12.10000     -12.10000
     -11.87600      23.19000     -23.19000
     -11.84600      35.91000     -35.91000
     -11.81600      37.84000     -37.84000
     -11.78700      31.42000     -31.42000
     -11.75700      30.04000     -30.04000
     -11.72700      34.80000     -34.80000
     -11.69700      34.30000     -34.30000
     -11.66700      25.79000     -25.79000
     -11.63700      20.93000     -20.93000
     -11.60800      23.18000     -23.18000
     -11.57800      24.79000     -24.79000
     -11.54800      26.82000     -26.82000
     -11.51800      33.68000     -33.68000
     -11.48800      38.36000     -38.36000
     -11.45800      37.69000     -37.69000
     -11.42800      35.89000     -35.89000
     -11.39900      35.35000     -35.35000
     -11.36900      38.50000     -38.50000
     -11.33900      44.25000     -44.25000
     -11.30900      48.71000     -48.71000
     -11.27900      48.27000     -48.27000
     -11.24900      40.60000     -40.60000
     -11.22000      29.19000     -29.19000
     -11.19000      22.04000     -22.04000
     -11.16000      22.23000     -22.23000
     -11.13000      27.63000     -27.63000
     -11.10000      33.76000     -33.76000
     -11.07000      37.38000     -37.38000
     -11.04000      38.49000     -38.49000
     -11.01100      38.12000     -38.12000
     -10.98100      35.11000     -35.11000
     -10.95100      30.40000     -30.40000
     -10.92100      28.75000     -28.75000
     -10.89100      32.69000     -32.69000
     -10.86100      41.19000     -41.19000
     -10.83100      50.76000     -50.76000
     -10.80200      59.85000     -59.85000
     -10.77200      67.69000     -67.69000
     -10.74200      71.14000     -71.14000
     -10.71200      68.72000     -68.72000
     -10.68200      65.51000     -65.51000
     -10.65200      60.58000     -60.58000
     -10.62300      51.97000     -51.97000
     -10.59300      47.14000     -47.14000
     -10.56300      50.17000     -50.17000
     -10.53300      55.55000     -55.55000
     -10.50300      59.76000     -59.76000
     -10.47300      58.38000     -58.38000
     -10.44300      45.88000     -45.88000
     -10.41400      29.71000     -29.71000
     -10.38400      22.40000     -22.40000
     -10.35400      27.49000     -27.49000
     -10.32400      37.72000     -37.72000
     -10.29400      42.39000     -42.39000
     -10.26400      45.07000     -45.07000
     -10.23500      55.35000     -55.35000
     -10.20500      63.79000     -63.79000
     -10.17500      54.02000     -54.02000
     -10.14500      31.40000     -31.40000
     -10.11500      18.08000     -18.08000
     -10.08500      20.32000     -20.32000
     -10.05500      24.50000     -24.50000
     -10.02600      25.21000     -25.21000
      -9.99600      26.16000     -26.16000
      -9.96600      22.55000     -22.55000
      -9.93600      17.21000     -17.21000
      -9.90600      21.25000     -21.25000
      -9.87600      33.88000     -33.88000
      -9.84700      42.87000     -42.87000
      -9.81700      40.43000     -40.43000
      -9.78700      31.49000     -31.49000
      -9.75700      22.28000     -22.28000
      -9.72700      15.73000     -15.73000
      -9.69700      14.10000     -14.10000
      -9.66700      21.84000     -21.84000
      -9.63800      40.59000     -40.59000
      -9.60800      57.18000     -57.18000
      -9.57800      59.45000     -59.45000
      -9.54800      51.05000     -51.05000
      -9.51800      35.66000     -35.66000
      -9.48800      19.92000     -19.92000
      -9.45900      10.78000     -10.78000
      -9.42900       8.37300      -8.37300
      -9.39900      14.09000     -14.09000
      -9.36900      28.37000     -28.37000
      -9.33900      43.24000     -43.24000
      -9.30900      54.52000     -54.52000
      -9.27900      69.80000     -69.80000
      -9.25000      86.90000     -86.90000
      -9.22000      91.52000     -91.52000
      -9.19000      81.91000     -81.91000
      -9.16000      75.45000     -75.45000
      -9.13000      77.41000     -77.41000
      -9.10000      77.02000     -77.02000
      -9.07100      80.41000     -80.41000
      -9.04100      90.65000     -90.65000
      -9.01100      96.33000     -96.33000
      -8.98100      95.67000     -95.67000
      -8.95100      92.83000     -92.83000
      -8.92100      93.95000     -93.95000
      -8.89100      95.38000     -95.38000
      -8.86200      80.60000     -80.60000
      -8.83200      59.43000     -59.43000
      -8.80200      56.70000     -56.70000
      -8.77200      72.21000     -72.21000
      -8.74200      88.52000     -88.52000
      -8.71200     103.20000    -103.20000
      -8.68300     121.70000    -121.70000
      -8.65300     134.30000    -134.30000
      -8.62300     129.30000    -129.30000
      -8.59300     106.40000    -106.40000
      -8.56300      83.64000     -83.64000
      -8.53300      80.72000     -80.72000
      -8.50300      89.45000     -89.45000
      -8.47400      87.20000     -87.20000
      -8.44400      71.40000     -71.40000
      -8.41400      55.62000     -55.62000
      -8.38400      51.82000     -51.82000
      -8.35400      55.34000     -55.34000
      -8.32400      52.86000     -52.86000
      -8.29500      50.74000     -50.74000
      -8.26500      65.84000     -65.84000
      -8.23500      86.93000     -86.93000
      -8.20500      84.39000     -84.39000
      -8.17500      65.61000     -65.61000
      -8.14500      54.04000     -54.04000
      -8.11500      51.20000     -51.20000
      -8.08600      58.97000     -58.97000
      -8.05600      75.60000     -75.60000
      -8.02600      88.92000     -88.92000
      -7.99600     100.40000    -100.40000
      -7.96600     108.50000    -108.50000
      -7.93600     100.40000    -100.40000
      -7.90700      81.33000     -81.33000
      -7.87700      68.01000     -68.01000
      -7.84700      70.16000     -70.16000
      -7.81700      76.97000     -76.97000
      -7.78700      75.35000     -75.35000
      -7.75700      74.18000     -74.18000
      -7.72700      79.59000     -79.59000
      -7.69800      84.66000     -84.66000
      -7.66800      81.20000     -81.20000
      -7.63800      65.90000     -65.90000
      -7.60800      47.05000     -47.05000
      -7.57800      35.92000     -35.92000
      -7.54800      31.92000     -31.92000
      -7.51800      33.64000     -33.64000
      -7.48900      47.36000     -47.36000
      -7.45900      67.40000     -67.40000
      -7.42900      77.18000     -77.18000
      -7.39900      73.21000     -73.21000
      -7.36900      63.00000     -63.00000
      -7.33900      49.51000     -49.51000
      -7.31000      34.49000     -34.49000
      -7.28000      22.12000     -22.12000
      -7.25000      16.88000     -16.88000
      -7.22000      21.22000     -21.22000
      -7.19000      30.93000     -30.93000
      -7.16000      37.84000     -37.84000
      -7.13000      38.43000     -38.43000
      -7.10100      38.44000     -38.44000
      -7.07100      44.33000     -44.33000
      -7.04100      52.32000     -52.32000
      -7.01100      59.42000     -59.42000
      -6.98100      66.75000     -66.75000
      -6.95100      69.82000     -69.82000
      -6.92200      62.99000     -62.99000
      -6.89200      47.25000     -47.25000
      -6.86200      30.94000     -30.94000
      -6.83200      23.86000     -23.86000
      -6.80200      30.01000     -30.01000
      -6.77200      45.77000     -45.77000
      -6.74200      62.67000     -62.67000
      -6.71300      74.23000     -74.23000
      -6.68300      83.52000     -83.52000
      -6.65300      91.57000     -91.57000
      -6.62300      89.36000     -89.36000
      -6.59300      83.04000     -83.04000
      -6.56300      88.24000     -88.24000
      -6.53400      95.15000     -95.15000
      -6.50400      92.62000     -92.62000
      -6.47400      98.03000     -98.03000
      -6.44400     113.40000    -113.40000
      -6.41400     111.00000    -111.00000
      -6.38400      84.55000     -84.55000
      -6.35400      62.71000     -62.71000
      -6.32500      63.30000     -63.30000
      -6.29500      72.03000     -72.03000
      -6.26500      59.37000     -59.37000
      -6.23500      29.33000     -29.33000
      -6.20500      12.92000     -12.92000
      -6.17500      18.43000     -18.43000
      -6.14600      33.99000     -33.99000
      -6.11600      48.91000     -48.91000
      -6.08600      56.87000     -56.87000
      -6.05600      59.84000     -59.84000
      -6.02600      74.32000     -74.32000
      -5.99600      91.33000     -91.33000
      -5.96600      83.94000     -83.94000
      -5.93700      61.85000     -61.85000
      -5.90700      46.87000     -46.87000
      -5.87700      44.97000     -44.97000
      -5.84700      49.79000     -49.79000
      -5.81700      44.78000     -44.78000
      -5.78700      30.62000     -30.62000
      -5.75800      22.70000     -22.70000
      -5.72800      23.03000     -23.03000
      -5.69800      30.15000     -30.15000
      -5.66800      47.63000     -47.63000
      -5.63800      66.03000     -66.03000
      -5.60800      64.98000     -64.98000
      -5.57800      47.66000     -47.66000
      -5.54900      32.84000     -32.84000
      -5.51900      27.21000     -27.21000
      -5.48900      29.58000     -29.58000
      -5.45900      36.23000     -36.23000
      -5.42900      48.16000     -48.16000
      -5.39900      66.84000     -66.84000
      -5.37000      75.75000     -75.75000
      -5.34000      61.21000     -61.21000
      -5.31000      46.81000     -46.81000
      -5.28000      53.21000     -53.21000
      -5.25000      62.88000     -62.88000
      -5.22000      50.18000     -50.18000
      -5.19000      23.34000     -23.34000
      -5.16100       6.98300      -6.98300
      -5.13100       5.78700      -5.78700
      -5.10100      13.10000     -13.10000
      -5.07100      23.25000     -23.25000
      -5.04100      35.09000     -35.09000
      -5.01100      44.14000     -44.14000
      -4.98200      40.84000     -40.84000
      -4.95200      30.00000     -30.00000
      -4.92200      23.21000     -23.21000
      -4.89200      22.62000     -22.62000
      -4.86200      26.94000     -26.94000
      -4.83200      33.77000     -33.77000
      -4.80200      37.03000     -37.03000
      -4.77300      33.40000     -33.40000
      -4.74300      26.70000     -26.70000
      -4.71300      21.95000     -21.95000
      -4.68300      20.35000     -20.35000
      -4.65300      20.13000     -20.13000
      -4.62300      21.55000     -21.55000
      -4.59400      28.48000     -28.48000
      -4.56400      40.68000     -40.68000
      -4.53400      47.14000     -47.14000
      -4.50400      38.53000     -38.53000
      -4.47400      21.96000     -21.96000
      -4.44400       9.26200      -9.26200
      -4.41400       3.02800      -3.02800
      -4.38500       0.88360      -0.88360
      -4.35500       1.25600      -1.25600
      -4.32500       4.39300      -4.39300
      -4.29500      11.05000     -11.05000
      -4.26500      20.69000     -20.69000
      -4.23500      30.68000     -30.68000
      -4.20600      38.10000     -38.10000
      -4.17600      41.41000     -41.41000
      -4.14600      35.25000     -35.25000
      -4.11600      20.14000     -20.14000
      -4.08600       8.50800      -8.50800
      -4.05600       4.74100      -4.74100
      -4.02600       3.93200      -3.93200
      -3.99700       3.64200      -3.64200
      -3.96700       4.90600      -4.90600
      -3.93700       9.44400      -9.44400
      -3.90700      16.33000     -16.33000
      -3.87700      20.07000     -20.07000
      -3.84700      16.42000     -16.42000
      -3.81700       9.70300      -9.70300
      -3.78800       7.93700      -7.93700
      -3.75800      14.76000     -14.76000
      -3.72800      26.40000     -26.40000
      -3.69800      33.54000     -33.54000
      -3.66800      34.76000     -34.76000
      -3.63800      36.12000     -36.12000
      -3.60900      37.43000     -37.43000
      -3.57900      38.28000     -38.28000
      -3.54900      41.49000     -41.49000
      -3.51900      45.20000     -45.20000
      -3.48900      44.02000     -44.02000
      -3.45900      34.54000     -34.54000
      -3.42900      23.77000     -23.77000
      -3.40000      20.32000     -20.32000
      -3.37000      19.88000     -19.88000
      -3.34000      16.99000     -16.99000
      -3.31000      16.54000     -16.54000
      -3.28000      20.95000     -20.95000
      -3.25000      22.48000     -22.48000
      -3.22100      17.13000     -17.13000
      -3.19100      12.00000     -12.00000
      -3.16100      14.51000     -14.51000
      -3.13100      23.88000     -23.88000
      -3.10100      29.35000     -29.35000
      -3.07100      26.73000     -26.73000
      -3.04100      23.83000     -23.83000
      -3.01200      22.70000     -22.70000
      -2.98200      22.64000     -22.64000
      -2.95200      21.99000     -21.99000
      -2.92200      20.40000     -20.40000
      -2.89200      21.79000     -21.79000
      -2.86200      22.75000     -22.75000
      -2.83300      18.18000     -18.18000
      -2.80300      14.56000     -14.56000
      -2.77300      19.33000     -19.33000
      -2.74300      30.69000     -30.69000
      -2.71300      40.70000     -40.70000
      -2.68300      40.88000     -40.88000
      -2.65300      31.21000     -31.21000
      -2.62400      18.02000     -18.02000
      -2.59400       7.60400      -7.60400
      -2.56400       2.42700      -2.42700
      -2.53400       0.60990      -0.60990
      -2.50400       0.24050      -0.24050
      -2.47400       1.38700      -1.38700
      -2.44500       7.19600      -7.19600
      -2.41500      20.23000     -20.23000
      -2.38500      32.63000     -32.63000
      -2.35500      34.53000     -34.53000
      -2.32500      30.73000     -30.73000
      -2.29500      31.01000     -31.01000
      -2.26500      35.64000     -35.64000
      -2.23600      35.36000     -35.36000
      -2.20600      24.80000     -24.80000
      -2.17600      11.03000     -11.03000
      -2.14600       2.88900      -2.88900
      -2.11600       0.42120      -0.42120
      -2.08600       0.03287      -0.03287
      -2.05700       0.00134      -0.00134
      -2.02700       0.00003      -0.00003
      -1.99700       0.00000      -0.00000
      -1.96700       0.00000      -0.00000
      -1.93700       0.00000      -0.00000
      -1.90700       0.00000      -0.00000
      -1.87700       0.00000       0.00000
      -1.84800       0.00000       0.00000
      -1.81800       0.00000       0.00000
      -1.78800       0.00000       0.00000
      -1.75800       0.00000       0.00000
      -1.72800       0.00000       0.00000
      -1.69800       0.00000       0.00000
      -1.66900       0.00000      -0.00000
      -1.63900       0.00000      -0.00000
      -1.60900       0.00000      -0.00000
      -1.57900       0.00000      -0.00000
      -1.54900       0.00000      -0.00000
      -1.51900       0.00012      -0.00012
      -1.48900       0.00323      -0.00323
      -1.46000       0.04459      -0.04459
      -1.43000       0.32420      -0.32420
      -1.40000       1.29500      -1.29500
      -1.37000       3.09900      -3.09900
      -1.34000       5.08200      -5.08200
      -1.31000       6.40600      -6.40600
      -1.28100       6.50500      -6.50500
      -1.25100       6.00400      -6.00400
      -1.22100       7.04800      -7.04800
      -1.19100      12.00000     -12.00000
      -1.16100      19.72000     -19.72000
      -1.13100      23.78000     -23.78000
      -1.10100      21.44000     -21.44000
      -1.07200      18.87000     -18.87000
      -1.04200      18.17000     -18.17000
      -1.01200      15.45000     -15.45000
      -0.98200      13.88000     -13.88000
      -0.95200      17.81000     -17.81000
      -0.92200      25.89000     -25.89000
      -0.89300      34.72000     -34.72000
      -0.86300      35.84000     -35.84000
      -0.83300      28.03000     -28.03000
      -0.80300      23.38000     -23.38000
      -0.77300      22.17000     -22.17000
      -0.74300      16.68000     -16.68000
      -0.71300      11.98000     -11.98000
      -0.68400      15.62000     -15.62000
      -0.65400      24.07000     -24.07000
      -0.62400      29.67000     -29.67000
      -0.59400      30.83000     -30.83000
      -0.56400      28.38000     -28.38000
      -0.53400      26.42000     -26.42000
      -0.50400      29.12000     -29.12000
      -0.47500      33.28000     -33.28000
      -0.44500      35.29000     -35.29000
      -0.41500      34.32000     -34.32000
      -0.38500      31.69000     -31.69000
      -0.35500      29.31000     -29.31000
      -0.32500      25.58000     -25.58000
      -0.29600      20.02000     -20.02000
      -0.26600      17.22000     -17.22000
      -0.23600      20.48000     -20.48000
      -0.20600      26.04000     -26.04000
      -0.17600      28.19000     -28.19000
      -0.14600      29.04000     -29.04000
      -0.11600      33.69000     -33.69000
      -0.08700      40.27000     -40.27000
      -0.05700      41.56000     -41.56000
      -0.02700      33.85000     -33.85000
       0.00300      25.22000     -25.22000
       0.03300      24.97000     -24.97000
       0.06300      29.15000     -29.15000
       0.09200      30.50000     -30.50000
       0.12200      28.15000     -28.15000
       0.15200      23.84000     -23.84000
       0.18200      21.50000     -21.50000
       0.21200      21.26000     -21.26000
       0.24200      20.04000     -20.04000
       0.27200      22.81000     -22.81000
       0.30100      31.02000     -31.02000
       0.33100      33.37000     -33.37000
       0.36100      23.24000     -23.24000
       0.39100       9.77000      -9.77000
       0.42100       2.40800      -2.40800
       0.45100       0.37000      -0.37000
       0.48000       0.38390      -0.38390
       0.51000       2.49000      -2.49000
       0.54000       9.86400      -9.86300
       0.57000      24.13000     -24.13000
       0.60000      40.26000     -40.26000
       0.63000      49.26000     -49.26000
       0.66000      45.62000     -45.62000
       0.68900      33.39000     -33.39000
       0.71900      22.86000     -22.86000
       0.74900      20.62000     -20.62000
       0.77900      25.21000     -25.21000
       0.80900      30.79000     -30.79000
       0.83900      31.40000     -31.40000
       0.86800      27.58000     -27.59000
       0.89800      31.04000     -31.04000
       0.92800      47.87000     -47.87000
       0.95800      58.61000     -58.61000
       0.98800      53.13000     -53.14000
       1.01800      52.43000     -52.43000
       1.04800      64.63000     -64.64000
       1.07700      76.39000     -76.39000
       1.10700      76.36000     -76.35000
       1.13700      70.40000     -70.39000
       1.16700      65.87000     -65.86000
       1.19700      57.52000     -57.53000
       1.22700      46.13000     -46.14000
       1.25600      38.21000     -38.20000
       1.28600      36.28000     -36.28000
       1.31600      38.22000     -38.22000
       1.34600      38.24000     -38.24000
       1.37600      31.49000     -31.48000
       1.40600      22.90000     -22.91000
       1.43600      23.22000     -23.24000
       1.46500      34.45000     -34.47000
       1.49500      47.27000     -47.27000
       1.52500      50.33000     -50.31000
       1.55500      47.88000     -47.86000
       1.58500      50.99000     -50.97000
       1.61500      54.20000     -54.21000
       1.64400      47.56000     -47.59000
       1.67400      37.41000     -37.42000
       1.70400      35.81000     -35.79000
       1.73400      40.91000     -40.88000
       1.76400      46.93000     -46.86000
       1.79400      60.32000     -60.28000
       1.82400      81.57000     -81.78000
       1.85300      95.96000     -96.30000
       1.88300      95.48000     -95.48000
       1.91300      89.70000     -89.22000
       1.94300      90.92000     -90.32000
       1.97300      91.88000     -91.65000
       2.00300      83.60000     -83.92000
       2.03200      77.50000     -77.44000
       2.06200      77.96000     -77.05000
       2.09200      76.34000     -75.15000
       2.12200      73.38000     -71.49000
       2.15200      74.06000     -72.15000
       2.18200      75.37000     -75.64000
       2.21200      72.69000     -74.71000
       2.24100      68.82000     -70.53000
       2.27100      69.98000     -71.00000
       2.30100      73.72000     -74.04000
       2.33100      76.55000     -75.95000
       2.36100      80.46000     -79.06000
       2.39100      84.99000     -83.70000
       2.42000      90.90000     -91.34000
       2.45000      95.18000     -97.38000
       2.48000      92.62000     -93.92000
       2.51000      88.47000     -87.07000
       2.54000      87.79000     -85.46000
       2.57000      88.99000     -88.05000
       2.60000      89.96000     -90.39000
       2.62900      91.31000     -92.14000
       2.65900      92.87000     -93.84000
       2.68900      89.75000     -90.18000
       2.71900      82.32000     -81.52000
       2.74900      76.93000     -76.84000
       2.77900      75.14000     -76.12000
       2.80900      76.15000     -75.33000
       2.83800      78.34000     -75.81000
       2.86800      76.55000     -75.45000
       2.89800      72.67000     -73.19000
       2.92800      71.90000     -72.22000
       2.95800      71.68000     -72.30000
       2.98800      69.32000     -71.30000
       3.01700      70.93000     -72.99000
       3.04700      77.30000     -78.23000
       3.07700      81.90000     -81.24000
       3.10700      86.02000     -84.00000
       3.13700      91.79000     -91.01000
       3.16700      94.81000     -96.66000
       3.19700      94.47000     -96.97000
       3.22600      92.49000     -92.67000
       3.25600      88.51000     -85.35000
       3.28600      85.32000     -80.84000
       3.31600      83.08000     -80.49000
       3.34600      78.98000     -80.11000
       3.37600      74.53000     -79.01000
       3.40500      73.23000     -77.86000
       3.43500      73.96000     -75.11000
       3.46500      73.90000     -72.12000
       3.49500      74.42000     -72.64000
       3.52500      75.32000     -75.19000
       3.55500      75.21000     -75.50000
       3.58500      76.02000     -74.80000
       3.61400      77.58000     -76.52000
       3.64400      78.43000     -79.31000
       3.67400      78.21000     -79.79000
       3.70400      75.83000     -76.69000
       3.73400      72.39000     -72.33000
       3.76400      71.51000     -70.10000
       3.79300      72.51000     -70.24000
       3.82300      71.66000     -70.01000
       3.85300      69.25000     -68.39000
       3.88300      67.82000     -67.69000
       3.91300      68.12000     -67.78000
       3.94300      68.76000     -66.88000
       3.97300      68.55000     -66.67000
       4.00200      68.58000     -69.00000
       4.03200      69.09000     -70.61000
       4.06200      69.21000     -69.64000
       4.09200      69.15000     -69.36000
       4.12200      70.34000     -71.57000
       4.15200      73.13000     -75.35000
       4.18100      75.91000     -78.61000
       4.21100      78.17000     -78.43000
       4.24100      79.58000     -75.71000
       4.27100      78.47000     -73.67000
       4.30100      74.35000     -72.40000
       4.33100      70.67000     -71.25000
       4.36100      69.44000     -69.64000
       4.39000      66.97000     -66.78000
       4.42000      62.02000     -62.79000
       4.45000      57.67000     -59.59000
       4.48000      55.79000     -59.27000
       4.51000      56.37000     -60.75000
       4.54000      57.66000     -61.30000
       4.56900      57.48000     -59.79000
       4.59900      55.19000     -56.65000
       4.62900      51.71000     -53.49000
       4.65900      49.07000     -51.54000
       4.68900      47.28000     -49.71000
       4.71900      46.34000     -47.16000
       4.74900      47.42000     -45.68000
       4.77800      48.65000     -45.51000
       4.80800      47.10000     -44.11000
       4.83800      43.88000     -41.11000
       4.86800      41.43000     -38.92000
       4.89800      38.22000     -38.58000
       4.92800      34.03000     -38.17000
       4.95700      31.62000     -35.90000
       4.98700      30.68000     -32.40000
       5.01700      29.53000     -29.90000
       5.04700      28.26000     -28.94000
       5.07700      27.13000     -27.70000
       5.10700      26.32000     -25.67000
       5.13700      26.56000     -23.96000
       5.16600      26.82000     -23.52000
       5.19600      25.60000     -24.02000
       5.22600      23.59000     -23.81000
       5.25600      21.71000     -21.97000
       5.28600      20.33000     -19.75000
       5.31600      19.02000     -18.39000
       5.34500      17.43000     -17.10000
       5.37500      15.97000     -14.89000
       5.40500      14.72000     -12.42000
       5.43500      13.04000     -11.22000
       5.46500      11.28000     -11.77000
       5.49500      10.23000     -12.49000
       5.52500       9.72200     -11.68000
       5.55400       9.01600      -9.63600
       5.58400       7.37500      -7.54600
       5.61400       5.07100      -5.62800
       5.64400       3.25900      -3.48800
       5.67400       2.34500      -1.56700
       5.70400       1.67400      -0.63820
       5.73300       1.01000      -0.42500
       5.76300       0.65790      -0.27980
       5.79300       0.55540      -0.10580
       5.82300       0.47530      -0.02066
       5.85300       0.29840      -0.00205
       5.88300       0.10950      -0.00010
       5.91300       0.02132      -0.00000
       5.94200       0.00213      -0.00000
       5.97200       0.00011      -0.00000
       6.00200       0.00000      -0.00000
       6.03200       0.00000      -0.00000
       6.06200       0.00000       0.00000
       6.09200       0.00000       0.00000
       6.12200       0.00000       0.00000
       6.15100       0.00000       0.00000
       6.18100       0.00000       0.00000
       6.21100       0.00000       0.00000
       6.24100       0.00000       0.00000
       6.27100       0.00000       0.00000
       6.30100       0.00000       0.00000
       6.33000       0.00000       0.00000
       6.36000       0.00000       0.00000
       6.39000       0.00000       0.00000
       6.42000       0.00000       0.00000
       6.45000       0.00000       0.00000
       6.48000       0.00000       0.00000
       6.51000       0.00000       0.00000
       6.53900       0.00000       0.00000
       6.56900       0.00000       0.00000
       6.59900       0.00000       0.00000
       6.62900       0.00000       0.00000
       6.65900       0.00000       0.00000
       6.68900       0.00000       0.00000
       6.71800       0.00000       0.00000
       6.74800       0.00000       0.00000
       6.77800       0.00000       0.00000
       6.80800       0.00000       0.00000
       6.83800       0.00000       0.00000
       6.86800       0.00000       0.00000
       6.89800       0.00000       0.00000
       6.92700       0.00000       0.00000
       6.95700       0.00000       0.00000
       6.98700       0.00000       0.00000
       7.01700       0.00000       0.00000
       7.04700       0.00000       0.00000
       7.07700       0.00000       0.00000
       7.10600       0.00000       0.00000
       7.13600       0.00000       0.00000
       7.16600       0.00000       0.00000
