      #Energy        TDOS-UP        TDOS-DOWN
     -24.86000       0.00000       0.00000
     -24.82800       0.00000       0.00000
     -24.79600       0.00000       0.00000
     -24.76400       0.00000       0.00000
     -24.73100       0.00000       0.00000
     -24.69900       0.00000       0.00000
     -24.66700       0.00000       0.00000
     -24.63500       0.00000       0.00000
     -24.60200       0.00000       0.00000
     -24.57000       0.00000       0.00000
     -24.53800       0.00000       0.00000
     -24.50600       0.00000       0.00000
     -24.47400       0.00000       0.00000
     -24.44100       0.00000       0.00000
     -24.40900       0.00000       0.00000
     -24.37700       0.00000       0.00000
     -24.34500       0.00000       0.00000
     -24.31300       0.00000       0.00000
     -24.28000       0.00000       0.00000
     -24.24800       0.00000       0.00000
     -24.21600       0.00000       0.00000
     -24.18400       0.00000       0.00000
     -24.15200       0.00000       0.00000
     -24.11900       0.00000       0.00000
     -24.08700       0.00000       0.00000
     -24.05500       0.00000       0.00000
     -24.02300       0.00000       0.00000
     -23.99000       0.00000       0.00000
     -23.95800       0.00000       0.00000
     -23.92600       0.00000       0.00000
     -23.89400       0.00000       0.00000
     -23.86200       0.00000       0.00000
     -23.82900       0.00000       0.00000
     -23.79700       0.00000       0.00000
     -23.76500       0.00000       0.00000
     -23.73300       0.00000       0.00000
     -23.70100       0.00000       0.00000
     -23.66800       0.00000      -0.00000
     -23.63600       0.00000      -0.00000
     -23.60400       0.00000      -0.00000
     -23.57200       0.00005      -0.00005
     -23.54000       0.00342      -0.00342
     -23.50700       0.10940      -0.10940
     -23.47500       1.58100      -1.58100
     -23.44300      10.40000     -10.40000
     -23.41100      31.36000     -31.36000
     -23.37800      43.52000     -43.52000
     -23.34600      27.84000     -27.84000
     -23.31400       8.19600      -8.19600
     -23.28200       1.10400      -1.10400
     -23.25000       0.06769      -0.06769
     -23.21700       0.00187      -0.00187
     -23.18500       0.00002      -0.00002
     -23.15300       0.00000      -0.00000
     -23.12100       0.00000      -0.00000
     -23.08900       0.00000      -0.00000
     -23.05600       0.00000       0.00000
     -23.02400       0.00000       0.00000
     -22.99200       0.00000       0.00000
     -22.96000       0.00000       0.00000
     -22.92800       0.00000       0.00000
     -22.89500       0.00000       0.00000
     -22.86300       0.00000       0.00000
     -22.83100       0.00000       0.00000
     -22.79900       0.00000       0.00000
     -22.76600       0.00000       0.00000
     -22.73400       0.00000       0.00000
     -22.70200       0.00000       0.00000
     -22.67000       0.00000       0.00000
     -22.63800       0.00000       0.00000
     -22.60500       0.00000       0.00000
     -22.57300       0.00000       0.00000
     -22.54100       0.00000       0.00000
     -22.50900       0.00000       0.00000
     -22.47700       0.00000       0.00000
     -22.44400       0.00000       0.00000
     -22.41200       0.00000       0.00000
     -22.38000       0.00000       0.00000
     -22.34800       0.00000       0.00000
     -22.31600       0.00000       0.00000
     -22.28300       0.00000       0.00000
     -22.25100       0.00000       0.00000
     -22.21900       0.00000       0.00000
     -22.18700       0.00000       0.00000
     -22.15400       0.00000       0.00000
     -22.12200       0.00000       0.00000
     -22.09000       0.00000       0.00000
     -22.05800       0.00000       0.00000
     -22.02600       0.00000       0.00000
     -21.99300       0.00000       0.00000
     -21.96100       0.00000       0.00000
     -21.92900       0.00000       0.00000
     -21.89700       0.00000       0.00000
     -21.86500       0.00000       0.00000
     -21.83200       0.00000       0.00000
     -21.80000       0.00000       0.00000
     -21.76800       0.00000       0.00000
     -21.73600       0.00000       0.00000
     -21.70400       0.00000       0.00000
     -21.67100       0.00000       0.00000
     -21.63900       0.00000       0.00000
     -21.60700       0.00000       0.00000
     -21.57500       0.00000       0.00000
     -21.54200       0.00000       0.00000
     -21.51000       0.00000       0.00000
     -21.47800       0.00000       0.00000
     -21.44600       0.00000      -0.00000
     -21.41400       0.00000      -0.00000
     -21.38100       0.00000      -0.00000
     -21.34900       0.00000      -0.00000
     -21.31700       0.00002      -0.00002
     -21.28500       0.00163      -0.00163
     -21.25300       0.05052      -0.05052
     -21.22000       0.74590      -0.74590
     -21.18800       5.36500      -5.36500
     -21.15600      19.31000     -19.31000
     -21.12400      36.51000     -36.51000
     -21.09200      42.33000     -42.33000
     -21.05900      45.56000     -45.56000
     -21.02700      58.81000     -58.81000
     -20.99500      68.34000     -68.34000
     -20.96300      57.28000     -57.28000
     -20.93000      35.17000     -35.17000
     -20.89800      26.58000     -26.58000
     -20.86600      31.21000     -31.21000
     -20.83400      34.99000     -34.99000
     -20.80200      36.82000     -36.82000
     -20.76900      38.50000     -38.50000
     -20.73700      39.05000     -39.05000
     -20.70500      29.34000     -29.34000
     -20.67300      12.21000     -12.21000
     -20.64100       2.48500      -2.48500
     -20.60800       0.23760      -0.23760
     -20.57600       0.01049      -0.01049
     -20.54400       0.00023      -0.00023
     -20.51200       0.00103      -0.00103
     -20.48000       0.03272      -0.03272
     -20.44700       0.51230      -0.51230
     -20.41500       4.17700      -4.17700
     -20.38300      19.01000     -19.01000
     -20.35100      50.87000     -50.87000
     -20.31800      82.59000     -82.59000
     -20.28600      89.46000     -89.46000
     -20.25400      80.87000     -80.87000
     -20.22200      63.72000     -63.72000
     -20.19000      34.35000     -34.35000
     -20.15700      14.37000     -14.37000
     -20.12500      12.28000     -12.28000
     -20.09300      16.68000     -16.68000
     -20.06100      23.12000     -23.12000
     -20.02900      29.92000     -29.92000
     -19.99600      34.74000     -34.74000
     -19.96400      32.45000     -32.45000
     -19.93200      20.60000     -20.60000
     -19.90000       8.53700      -8.53700
     -19.86800       2.25300      -2.25300
     -19.83500       0.34230      -0.34230
     -19.80300       0.02687      -0.02687
     -19.77100       0.00102      -0.00102
     -19.73900       0.00002      -0.00002
     -19.70600       0.00000      -0.00000
     -19.67400       0.00000      -0.00000
     -19.64200       0.00000      -0.00000
     -19.61000       0.00007      -0.00007
     -19.57800       0.00387      -0.00387
     -19.54500       0.10430      -0.10430
     -19.51300       1.29900      -1.29900
     -19.48100       7.58800      -7.58800
     -19.44900      21.47000     -21.47000
     -19.41700      32.44000     -32.44000
     -19.38400      34.92000     -34.92000
     -19.35200      38.34000     -38.34000
     -19.32000      40.89000     -40.89000
     -19.28800      36.71000     -36.71000
     -19.25600      23.75000     -23.75000
     -19.22300       9.02000      -9.02000
     -19.19100       2.45200      -2.45200
     -19.15900       4.31000      -4.31000
     -19.12700      12.19000     -12.19000
     -19.09400      20.02000     -20.02000
     -19.06200      21.63000     -21.63000
     -19.03000      19.91000     -19.91000
     -18.99800      18.30000     -18.30000
     -18.96600      18.05000     -18.05000
     -18.93300      21.63000     -21.63000
     -18.90100      23.36000     -23.36000
     -18.86900      16.63000     -16.63000
     -18.83700       7.29800      -7.29800
     -18.80500       1.98600      -1.98600
     -18.77200       0.38280      -0.38280
     -18.74000       0.90950      -0.90950
     -18.70800       5.91900      -5.91900
     -18.67600      20.82000     -20.82000
     -18.64400      41.59000     -41.59000
     -18.61100      52.97000     -52.97000
     -18.57900      54.07000     -54.07000
     -18.54700      59.24000     -59.24000
     -18.51500      63.20000     -63.20000
     -18.48200      54.81000     -54.81000
     -18.45000      41.29000     -41.29000
     -18.41800      26.74000     -26.74000
     -18.38600      13.92000     -13.92000
     -18.35400      10.09000     -10.09000
     -18.32100      12.50000     -12.50000
     -18.28900      17.84000     -17.84000
     -18.25700      26.12000     -26.12000
     -18.22500      32.54000     -32.54000
     -18.19300      34.42000     -34.42000
     -18.16000      28.60000     -28.60000
     -18.12800      17.35000     -17.35000
     -18.09600      10.10000     -10.10000
     -18.06400      11.17000     -11.17000
     -18.03200      17.72000     -17.72000
     -17.99900      25.88000     -25.88000
     -17.96700      33.55000     -33.55000
     -17.93500      35.01000     -35.01000
     -17.90300      28.53000     -28.53000
     -17.87000      20.67000     -20.67000
     -17.83800      17.51000     -17.51000
     -17.80600      22.95000     -22.95000
     -17.77400      33.59000     -33.59000
     -17.74200      46.89000     -46.89000
     -17.70900      61.33000     -61.33000
     -17.67700      61.32000     -61.32000
     -17.64500      41.82000     -41.82000
     -17.61300      24.36000     -24.36000
     -17.58100      21.47000     -21.47000
     -17.54800      24.41000     -24.41000
     -17.51600      26.58000     -26.58000
     -17.48400      34.13000     -34.13000
     -17.45200      45.91000     -45.91000
     -17.41900      52.40000     -52.40000
     -17.38700      47.11000     -47.11000
     -17.35500      33.96000     -33.96000
     -17.32300      23.12000     -23.12000
     -17.29100      18.56000     -18.56000
     -17.25800      21.65000     -21.65000
     -17.22600      30.20000     -30.20000
     -17.19400      40.49000     -40.49000
     -17.16200      48.59000     -48.59000
     -17.13000      47.42000     -47.42000
     -17.09700      41.62000     -41.62000
     -17.06500      40.51000     -40.51000
     -17.03300      38.40000     -38.40000
     -17.00100      35.08000     -35.08000
     -16.96900      35.22000     -35.22000
     -16.93600      34.55000     -34.55000
     -16.90400      30.76000     -30.76000
     -16.87200      25.62000     -25.62000
     -16.84000      24.16000     -24.16000
     -16.80700      29.31000     -29.31000
     -16.77500      37.18000     -37.18000
     -16.74300      42.49000     -42.49000
     -16.71100      39.90000     -39.90000
     -16.67900      29.16000     -29.16000
     -16.64600      23.77000     -23.77000
     -16.61400      28.53000     -28.53000
     -16.58200      31.62000     -31.62000
     -16.55000      27.62000     -27.62000
     -16.51800      23.28000     -23.28000
     -16.48500      22.99000     -22.99000
     -16.45300      20.13000     -20.13000
     -16.42100      16.14000     -16.14000
     -16.38900      19.40000     -19.40000
     -16.35700      22.17000     -22.17000
     -16.32400      16.44000     -16.44000
     -16.29200      10.29000     -10.29000
     -16.26000       8.60300      -8.60300
     -16.22800       9.02600      -9.02600
     -16.19500       9.04100      -9.04100
     -16.16300       7.85100      -7.85100
     -16.13100       6.12800      -6.12800
     -16.09900       4.45700      -4.45700
     -16.06700       3.17300      -3.17300
     -16.03400       2.16400      -2.16400
     -16.00200       1.04600      -1.04600
     -15.97000       0.27580      -0.27580
     -15.93800       0.03719      -0.03719
     -15.90600       0.04162      -0.04162
     -15.87300       0.50760      -0.50760
     -15.84100       3.40300      -3.40300
     -15.80900      12.82000     -12.82000
     -15.77700      29.27000     -29.27000
     -15.74500      43.47000     -43.47000
     -15.71200      47.05000     -47.05000
     -15.68000      43.83000     -43.83000
     -15.64800      37.17000     -37.17000
     -15.61600      29.99000     -29.99000
     -15.58300      24.78000     -24.78000
     -15.55100      17.30000     -17.30000
     -15.51900      11.45000     -11.45000
     -15.48700      18.71000     -18.71000
     -15.45500      41.47000     -41.47000
     -15.42200      58.17000     -58.17000
     -15.39000      51.21000     -51.21000
     -15.35800      34.71000     -34.71000
     -15.32600      27.32000     -27.32000
     -15.29400      26.76000     -26.76000
     -15.26100      21.13000     -21.13000
     -15.22900      15.66000     -15.66000
     -15.19700      17.64000     -17.64000
     -15.16500      25.13000     -25.13000
     -15.13300      34.24000     -34.24000
     -15.10000      38.75000     -38.75000
     -15.06800      37.17000     -37.17000
     -15.03600      38.84000     -38.84000
     -15.00400      41.44000     -41.44000
     -14.97100      35.33000     -35.33000
     -14.93900      25.71000     -25.71000
     -14.90700      19.63000     -19.63000
     -14.87500      14.30000     -14.30000
     -14.84300      11.06000     -11.06000
     -14.81000      17.09000     -17.09000
     -14.77800      26.58000     -26.58000
     -14.74600      30.89000     -30.89000
     -14.71400      35.85000     -35.85000
     -14.68200      42.62000     -42.62000
     -14.64900      40.52000     -40.52000
     -14.61700      26.37000     -26.37000
     -14.58500      15.06000     -15.06000
     -14.55300      14.82000     -14.82000
     -14.52100      16.91000     -16.91000
     -14.48800      13.90000     -13.90000
     -14.45600      10.89000     -10.89000
     -14.42400      12.51000     -12.51000
     -14.39200      13.59000     -13.59000
     -14.35900      12.34000     -12.34000
     -14.32700      12.69000     -12.69000
     -14.29500      12.11000     -12.11000
     -14.26300       8.26000      -8.26000
     -14.23100       4.32900      -4.32900
     -14.19800       4.24400      -4.24400
     -14.16600      12.93000     -12.93000
     -14.13400      30.72000     -30.72000
     -14.10200      46.64000     -46.64000
     -14.07000      51.28000     -51.28000
     -14.03700      46.55000     -46.55000
     -14.00500      37.55000     -37.55000
     -13.97300      27.78000     -27.78000
     -13.94100      23.71000     -23.71000
     -13.90900      27.60000     -27.60000
     -13.87600      31.48000     -31.48000
     -13.84400      31.85000     -31.85000
     -13.81200      31.01000     -31.01000
     -13.78000      29.35000     -29.35000
     -13.74700      27.82000     -27.82000
     -13.71500      28.60000     -28.60000
     -13.68300      35.57000     -35.57000
     -13.65100      40.61000     -40.61000
     -13.61900      31.20000     -31.20000
     -13.58600      16.46000     -16.46000
     -13.55400       9.68700      -9.68700
     -13.52200      13.10000     -13.10000
     -13.49000      24.88000     -24.88000
     -13.45800      41.58000     -41.58000
     -13.42500      51.92000     -51.92000
     -13.39300      43.08000     -43.08000
     -13.36100      32.35000     -32.35000
     -13.32900      35.55000     -35.55000
     -13.29700      40.53000     -40.53000
     -13.26400      36.81000     -36.81000
     -13.23200      26.13000     -26.13000
     -13.20000      15.92000     -15.92000
     -13.16800      11.02000     -11.02000
     -13.13500      14.49000     -14.49000
     -13.10300      24.99000     -24.99000
     -13.07100      33.69000     -33.69000
     -13.03900      38.59000     -38.59000
     -13.00700      40.20000     -40.20000
     -12.97400      33.66000     -33.66000
     -12.94200      29.00000     -29.00000
     -12.91000      36.91000     -36.91000
     -12.87800      42.07000     -42.07000
     -12.84600      36.91000     -36.91000
     -12.81300      35.69000     -35.69000
     -12.78100      33.62000     -33.62000
     -12.74900      24.28000     -24.28000
     -12.71700      22.53000     -22.53000
     -12.68500      28.89000     -28.89000
     -12.65200      28.70000     -28.70000
     -12.62000      22.99000     -22.99000
     -12.58800      17.94000     -17.94000
     -12.55600      13.09000     -13.09000
     -12.52300      10.32000     -10.32000
     -12.49100      11.87000     -11.87000
     -12.45900      20.19000     -20.19000
     -12.42700      33.15000     -33.15000
     -12.39500      43.28000     -43.28000
     -12.36200      47.21000     -47.21000
     -12.33000      46.64000     -46.64000
     -12.29800      46.46000     -46.46000
     -12.26600      48.41000     -48.41000
     -12.23400      49.86000     -49.86000
     -12.20100      49.17000     -49.17000
     -12.16900      48.41000     -48.41000
     -12.13700      45.39000     -45.39000
     -12.10500      34.00000     -34.00000
     -12.07300      22.60000     -22.60000
     -12.04000      21.37000     -21.37000
     -12.00800      29.02000     -29.02000
     -11.97600      37.30000     -37.30000
     -11.94400      41.18000     -41.18000
     -11.91100      41.61000     -41.61000
     -11.87900      37.83000     -37.83000
     -11.84700      31.89000     -31.89000
     -11.81500      28.82000     -28.82000
     -11.78300      26.40000     -26.40000
     -11.75000      22.81000     -22.81000
     -11.71800      22.51000     -22.51000
     -11.68600      25.26000     -25.26000
     -11.65400      24.06000     -24.06000
     -11.62200      23.13000     -23.13000
     -11.58900      28.04000     -28.04000
     -11.55700      29.28000     -29.28000
     -11.52500      22.08000     -22.08000
     -11.49300      14.25000     -14.25000
     -11.46100      13.11000     -13.11000
     -11.42800      17.77000     -17.77000
     -11.39600      23.05000     -23.05000
     -11.36400      26.02000     -26.02000
     -11.33200      26.78000     -26.78000
     -11.29900      31.39000     -31.39000
     -11.26700      44.60000     -44.60000
     -11.23500      57.40000     -57.40000
     -11.20300      61.27000     -61.27000
     -11.17100      53.35000     -53.35000
     -11.13800      39.99000     -39.99000
     -11.10600      32.72000     -32.72000
     -11.07400      28.57000     -28.57000
     -11.04200      24.45000     -24.45000
     -11.01000      30.34000     -30.34000
     -10.97700      43.78000     -43.78000
     -10.94500      46.19000     -46.19000
     -10.91300      33.80000     -33.80000
     -10.88100      23.37000     -23.37000
     -10.84900      22.97000     -22.97000
     -10.81600      22.32000     -22.32000
     -10.78400      18.45000     -18.45000
     -10.75200      24.68000     -24.68000
     -10.72000      49.56000     -49.56000
     -10.68700      83.68000     -83.68000
     -10.65500      99.63000     -99.63000
     -10.62300      84.86000     -84.86000
     -10.59100      63.30000     -63.30000
     -10.55900      58.23000     -58.23000
     -10.52600      60.04000     -60.04000
     -10.49400      52.49000     -52.49000
     -10.46200      41.36000     -41.36000
     -10.43000      32.90000     -32.90000
     -10.39800      28.16000     -28.16000
     -10.36500      28.51000     -28.51000
     -10.33300      31.32000     -31.32000
     -10.30100      36.79000     -36.79000
     -10.26900      44.60000     -44.60000
     -10.23700      47.23000     -47.23000
     -10.20400      42.08000     -42.08000
     -10.17200      39.28000     -39.28000
     -10.14000      52.21000     -52.21000
     -10.10800      81.71000     -81.71000
     -10.07500      92.95000     -92.95000
     -10.04300      58.88000     -58.88000
     -10.01100      18.96000     -18.96000
      -9.97900       3.00100      -3.00100
      -9.94700       0.23360      -0.23360
      -9.91400       0.10490      -0.10490
      -9.88200       0.95890      -0.95890
      -9.85000       5.12200      -5.12200
      -9.81800      16.28000     -16.28000
      -9.78600      34.29000     -34.29000
      -9.75300      49.59000     -49.59000
      -9.72100      46.43000     -46.43000
      -9.68900      27.78000     -27.78000
      -9.65700      16.89000     -16.89000
      -9.62500      19.79000     -19.79000
      -9.59200      24.27000     -24.27000
      -9.56000      32.99000     -32.99000
      -9.52800      62.40000     -62.40000
      -9.49600      93.75000     -93.75000
      -9.46300      85.08000     -85.08000
      -9.43100      57.01000     -57.01000
      -9.39900      56.70000     -56.70000
      -9.36700      71.38000     -71.38000
      -9.33500      68.59000     -68.59000
      -9.30200      56.29000     -56.29000
      -9.27000      49.28000     -49.28000
      -9.23800      49.87000     -49.87000
      -9.20600      57.69000     -57.69000
      -9.17400      64.44000     -64.44000
      -9.14100      75.02000     -75.02000
      -9.10900      95.85000     -95.85000
      -9.07700     109.40000    -109.40000
      -9.04500      99.51000     -99.51000
      -9.01300      81.93000     -81.93000
      -8.98000      73.53000     -73.53000
      -8.94800      72.09000     -72.09000
      -8.91600      72.16000     -72.16000
      -8.88400      76.90000     -76.90000
      -8.85100      88.02000     -88.02000
      -8.81900      88.59000     -88.59000
      -8.78700      73.64000     -73.64000
      -8.75500      57.17000     -57.17000
      -8.72300      48.45000     -48.45000
      -8.69000      52.76000     -52.76000
      -8.65800      77.51000     -77.51000
      -8.62600     106.90000    -106.90000
      -8.59400     117.10000    -117.10000
      -8.56200     108.50000    -108.50000
      -8.52900      93.60000     -93.60000
      -8.49700      84.91000     -84.91000
      -8.46500      82.46000     -82.46000
      -8.43300      79.12000     -79.12000
      -8.40000      72.82000     -72.82000
      -8.36800      65.07000     -65.07000
      -8.33600      60.30000     -60.30000
      -8.30400      61.97000     -61.97000
      -8.27200      64.42000     -64.42000
      -8.23900      58.67000     -58.67000
      -8.20700      46.10000     -46.10000
      -8.17500      38.00000     -38.00000
      -8.14300      41.72000     -41.72000
      -8.11100      57.41000     -57.41000
      -8.07800      79.83000     -79.83000
      -8.04600      96.70000     -96.70000
      -8.01400     112.40000    -112.40000
      -7.98200     115.50000    -115.50000
      -7.95000      81.43000     -81.43000
      -7.91700      47.72000     -47.72000
      -7.88500      59.39000     -59.39000
      -7.85300     107.50000    -107.50000
      -7.82100     150.60000    -150.60000
      -7.78800     142.40000    -142.40000
      -7.75600      92.03000     -92.03000
      -7.72400      55.98000     -55.98000
      -7.69200      46.31000     -46.31000
      -7.66000      42.64000     -42.64000
      -7.62700      44.73000     -44.73000
      -7.59500      54.34000     -54.34000
      -7.56300      58.24000     -58.24000
      -7.53100      51.56000     -51.56000
      -7.49900      41.85000     -41.85000
      -7.46600      34.75000     -34.75000
      -7.43400      31.30000     -31.30000
      -7.40200      27.08000     -27.08000
      -7.37000      21.42000     -21.42000
      -7.33800      22.42000     -22.42000
      -7.30500      31.90000     -31.90000
      -7.27300      44.11000     -44.11000
      -7.24100      47.65000     -47.65000
      -7.20900      42.32000     -42.32000
      -7.17600      41.11000     -41.11000
      -7.14400      43.68000     -43.68000
      -7.11200      43.67000     -43.67000
      -7.08000      40.05000     -40.05000
      -7.04800      37.32000     -37.32000
      -7.01500      44.66000     -44.66000
      -6.98300      57.67000     -57.67000
      -6.95100      59.39000     -59.39000
      -6.91900      51.42000     -51.42000
      -6.88700      54.01000     -54.01000
      -6.85400      63.99000     -63.99000
      -6.82200      67.59000     -67.59000
      -6.79000      73.17000     -73.17000
      -6.75800      84.17000     -84.17000
      -6.72600      84.53000     -84.53000
      -6.69300      71.25000     -71.25000
      -6.66100      56.51000     -56.51000
      -6.62900      51.41000     -51.41000
      -6.59700      60.73000     -60.73000
      -6.56400      73.48000     -73.48000
      -6.53200      81.71000     -81.71000
      -6.50000      92.64000     -92.64000
      -6.46800     109.70000    -109.70000
      -6.43600     114.20000    -114.20000
      -6.40300      94.16000     -94.16000
      -6.37100      76.64000     -76.64000
      -6.33900      82.97000     -82.97000
      -6.30700     101.80000    -101.80000
      -6.27500     126.40000    -126.40000
      -6.24200     156.00000    -156.00000
      -6.21000     158.90000    -158.90000
      -6.17800     113.20000    -113.20000
      -6.14600      60.38000     -60.38000
      -6.11400      29.35000     -29.35000
      -6.08100      11.81000     -11.81000
      -6.04900       4.21200      -4.21200
      -6.01700       8.99900      -8.99900
      -5.98500      28.94000     -28.94000
      -5.95200      50.64000     -50.64000
      -5.92000      49.05000     -49.05000
      -5.88800      29.27000     -29.27000
      -5.85600      13.49000     -13.49000
      -5.82400       8.93800      -8.93800
      -5.79100      14.53000     -14.53000
      -5.75900      32.51000     -32.51000
      -5.72700      52.33000     -52.33000
      -5.69500      52.85000     -52.85000
      -5.66300      39.95000     -39.95000
      -5.63000      29.26000     -29.26000
      -5.59800      24.97000     -24.97000
      -5.56600      27.98000     -27.98000
      -5.53400      35.92000     -35.92000
      -5.50200      41.64000     -41.64000
      -5.46900      40.21000     -40.21000
      -5.43700      35.28000     -35.28000
      -5.40500      34.35000     -34.35000
      -5.37300      42.15000     -42.15000
      -5.34000      49.26000     -49.26000
      -5.30800      45.56000     -45.56000
      -5.27600      35.57000     -35.57000
      -5.24400      26.37000     -26.37000
      -5.21200      18.14000     -18.14000
      -5.17900      10.68000     -10.68000
      -5.14700       6.56300      -6.56300
      -5.11500       5.55300      -5.55300
      -5.08300       6.57200      -6.57200
      -5.05100      10.89000     -10.89000
      -5.01800      19.89000     -19.89000
      -4.98600      32.70000     -32.70000
      -4.95400      43.68000     -43.68000
      -4.92200      43.06000     -43.06000
      -4.89000      32.85000     -32.85000
      -4.85700      25.03000     -25.03000
      -4.82500      22.74000     -22.74000
      -4.79300      24.68000     -24.68000
      -4.76100      29.29000     -29.29000
      -4.72800      30.18000     -30.18000
      -4.69600      24.51000     -24.51000
      -4.66400      19.06000     -19.06000
      -4.63200      19.65000     -19.65000
      -4.60000      23.45000     -23.45000
      -4.56700      26.13000     -26.13000
      -4.53500      26.17000     -26.17000
      -4.50300      25.60000     -25.60000
      -4.47100      25.51000     -25.51000
      -4.43900      25.23000     -25.23000
      -4.40600      22.99000     -22.99000
      -4.37400      18.00000     -18.00000
      -4.34200      14.58000     -14.58000
      -4.31000      17.09000     -17.09000
      -4.27800      25.07000     -25.07000
      -4.24500      31.09000     -31.09000
      -4.21300      29.32000     -29.32000
      -4.18100      27.77000     -27.77000
      -4.14900      29.22000     -29.22000
      -4.11600      23.20000     -23.20000
      -4.08400      14.24000     -14.24000
      -4.05200      15.82000     -15.82000
      -4.02000      22.36000     -22.36000
      -3.98800      20.23000     -20.23000
      -3.95500      14.94000     -14.94000
      -3.92300      16.37000     -16.37000
      -3.89100      17.06000     -17.06000
      -3.85900      14.46000     -14.46000
      -3.82700      15.32000     -15.32000
      -3.79400      17.45000     -17.45000
      -3.76200      20.42000     -20.42000
      -3.73000      25.92000     -25.92000
      -3.69800      25.03000     -25.03000
      -3.66600      17.03000     -17.03000
      -3.63300      10.42000     -10.42000
      -3.60100       8.32200      -8.32200
      -3.56900      10.34000     -10.34000
      -3.53700      16.90000     -16.90000
      -3.50400      27.95000     -27.95000
      -3.47200      40.84000     -40.84000
      -3.44000      49.90000     -49.90000
      -3.40800      50.30000     -50.30000
      -3.37600      42.79000     -42.79000
      -3.34300      33.11000     -33.11000
      -3.31100      26.82000     -26.82000
      -3.27900      25.02000     -25.02000
      -3.24700      22.10000     -22.10000
      -3.21500      17.81000     -17.81000
      -3.18200      19.81000     -19.81000
      -3.15000      22.74000     -22.74000
      -3.11800      20.21000     -20.21000
      -3.08600      19.13000     -19.13000
      -3.05400      26.13000     -26.13000
      -3.02100      31.76000     -31.76000
      -2.98900      22.96000     -22.96000
      -2.95700      11.66000     -11.66000
      -2.92500      12.68000     -12.68000
      -2.89200      20.76000     -20.76000
      -2.86000      21.19000     -21.19000
      -2.82800      12.66000     -12.66000
      -2.79600       6.44300      -6.44300
      -2.76400       5.13800      -5.13800
      -2.73100       7.56100      -7.56100
      -2.69900      16.51000     -16.51000
      -2.66700      31.15000     -31.15000
      -2.63500      43.22000     -43.22000
      -2.60300      48.01000     -48.01000
      -2.57000      45.79000     -45.79000
      -2.53800      39.04000     -39.04000
      -2.50600      31.92000     -31.92000
      -2.47400      27.61000     -27.61000
      -2.44200      27.16000     -27.16000
      -2.40900      23.47000     -23.47000
      -2.37700      12.76000     -12.76000
      -2.34500       3.76500      -3.76500
      -2.31300       0.57410      -0.57410
      -2.28000       0.04413      -0.04413
      -2.24800       0.00168      -0.00168
      -2.21600       0.00003      -0.00003
      -2.18400       0.00000      -0.00000
      -2.15200       0.00000      -0.00000
      -2.11900       0.00000      -0.00000
      -2.08700       0.00000      -0.00000
      -2.05500       0.00000       0.00000
      -2.02300       0.00000       0.00000
      -1.99100       0.00000       0.00000
      -1.95800       0.00000       0.00000
      -1.92600       0.00000       0.00000
      -1.89400       0.00000       0.00000
      -1.86200       0.00000       0.00000
      -1.83000       0.00000       0.00000
      -1.79700       0.00000       0.00000
      -1.76500       0.00000       0.00000
      -1.73300       0.00000       0.00000
      -1.70100       0.00000       0.00000
      -1.66800       0.00000       0.00000
      -1.63600       0.00000       0.00000
      -1.60400       0.00000       0.00000
      -1.57200       0.00000      -0.00000
      -1.54000       0.00000      -0.00000
      -1.50700       0.00000      -0.00000
      -1.47500       0.00000      -0.00000
      -1.44300       0.00003      -0.00003
      -1.41100       0.00148      -0.00148
      -1.37900       0.03170      -0.03170
      -1.34600       0.33080      -0.33080
      -1.31400       1.82900      -1.82900
      -1.28200       6.10000      -6.10000
      -1.25000      13.28000     -13.28000
      -1.21800      18.14000     -18.14000
      -1.18500      15.30000     -15.30000
      -1.15300      10.45000     -10.45000
      -1.12100      10.78000     -10.78000
      -1.08900      14.65000     -14.65000
      -1.05600      14.63000     -14.63000
      -1.02400      10.87000     -10.87000
      -0.99200      13.25000     -13.25000
      -0.96000      24.38000     -24.38000
      -0.92800      33.29000     -33.29000
      -0.89500      30.20000     -30.20000
      -0.86300      22.42000     -22.42000
      -0.83100      23.46000     -23.46000
      -0.79900      33.50000     -33.50000
      -0.76700      40.72000     -40.72000
      -0.73400      40.28000     -40.28000
      -0.70200      39.57000     -39.57000
      -0.67000      40.93000     -40.93000
      -0.63800      37.32000     -37.32000
      -0.60600      27.98000     -27.98000
      -0.57300      19.33000     -19.33000
      -0.54100      14.00000     -14.00000
      -0.50900      11.90000     -11.90000
      -0.47700      14.68000     -14.68000
      -0.44400      20.51000     -20.51000
      -0.41200      25.37000     -25.37000
      -0.38000      30.30000     -30.30000
      -0.34800      35.88000     -35.88000
      -0.31600      36.61000     -36.61000
      -0.28300      33.51000     -33.51000
      -0.25100      30.30000     -30.30000
      -0.21900      24.14000     -24.14000
      -0.18700      21.82000     -21.82000
      -0.15500      26.51000     -26.51000
      -0.12200      26.56000     -26.56000
      -0.09000      20.85000     -20.85000
      -0.05800      20.16000     -20.16000
      -0.02600      24.68000     -24.68000
       0.00600      30.17000     -30.17000
       0.03900      38.33000     -38.33000
       0.07100      43.21000     -43.21000
       0.10300      37.68000     -37.68000
       0.13500      27.35000     -27.35000
       0.16800      20.40000     -20.40000
       0.20000      18.53000     -18.53000
       0.23200      17.80000     -17.80000
       0.26400      18.80000     -18.80000
       0.29600      26.53000     -26.53000
       0.32900      43.22000     -43.22000
       0.36100      54.17000     -54.17000
       0.39300      43.85000     -43.85000
       0.42500      28.64000     -28.64000
       0.45700      25.76000     -25.76000
       0.49000      25.49000     -25.49000
       0.52200      18.23000     -18.23000
       0.55400       8.48800      -8.48800
       0.58600       2.52800      -2.52800
       0.61900       2.35500      -2.35500
       0.65100      11.84000     -11.84000
       0.68300      37.09000     -37.09000
       0.71500      65.96000     -65.96000
       0.74700      69.10000     -69.10000
       0.78000      42.88000     -42.88000
       0.81200      15.64000     -15.64000
       0.84400       3.36400      -3.36500
       0.87600       1.04100      -1.04200
       0.90800       2.94000      -2.94100
       0.94100       6.99500      -6.99500
       0.97300      12.67000     -12.67000
       1.00500      28.41000     -28.41000
       1.03700      59.97000     -59.97000
       1.06900      80.26000     -80.26000
       1.10200      73.49000     -73.49000
       1.13400      73.83000     -73.83000
       1.16600      91.95000     -91.95000
       1.19800      95.34000     -95.34000
       1.23100      69.22000     -69.23000
       1.26300      42.07000     -42.07000
       1.29500      34.64000     -34.64000
       1.32700      34.84000     -34.84000
       1.35900      35.77000     -35.78000
       1.39200      49.18000     -49.19000
       1.42400      65.78000     -65.79000
       1.45600      60.38000     -60.38000
       1.48800      46.28000     -46.27000
       1.52000      40.95000     -40.93000
       1.55300      39.15000     -39.13000
       1.58500      40.35000     -40.35000
       1.61700      44.20000     -44.21000
       1.64900      47.42000     -47.43000
       1.68100      54.03000     -54.03000
       1.71400      58.67000     -58.66000
       1.74600      53.51000     -53.49000
       1.77800      49.77000     -49.75000
       1.81000      52.09000     -52.08000
       1.84300      49.47000     -49.45000
       1.87500      50.49000     -50.40000
       1.90700      64.63000     -64.43000
       1.93900      69.87000     -69.60000
       1.97100      61.23000     -61.09000
       2.00400      59.22000     -59.38000
       2.03600      72.40000     -72.47000
       2.06800      97.94000     -97.76000
       2.10000     111.50000    -111.80000
       2.13200     102.10000    -102.40000
       2.16500      93.28000     -91.99000
       2.19700      93.04000     -90.45000
       2.22900      89.19000     -87.69000
       2.26100      81.10000     -81.85000
       2.29300      73.06000     -74.99000
       2.32600      72.46000     -74.28000
       2.35800      90.01000     -90.91000
       2.39000     116.20000    -115.70000
       2.42200     120.80000    -120.50000
       2.45500      95.31000     -95.80000
       2.48700      74.16000     -72.87000
       2.51900      73.26000     -70.26000
       2.55100      80.27000     -78.79000
       2.58300      85.05000     -86.01000
       2.61600      86.26000     -87.15000
       2.64800      86.54000     -85.80000
       2.68000      85.30000     -85.38000
       2.71200      83.03000     -85.53000
       2.74400      85.65000     -87.31000
       2.77700      92.52000     -91.75000
       2.80900      92.47000     -91.82000
       2.84100      78.80000     -78.65000
       2.87300      59.86000     -58.06000
       2.90500      51.10000     -48.51000
       2.93800      55.20000     -54.29000
       2.97000      62.02000     -63.28000
       3.00200      69.76000     -71.57000
       3.03400      79.34000     -81.03000
       3.06700      82.07000     -84.17000
       3.09900      78.94000     -81.02000
       3.13100      80.61000     -81.14000
       3.16300      84.33000     -83.38000
       3.19500      85.41000     -83.28000
       3.22800      86.57000     -83.56000
       3.26000      88.48000     -86.10000
       3.29200      87.10000     -86.80000
       3.32400      82.63000     -85.53000
       3.35600      80.00000     -82.86000
       3.38900      78.63000     -78.38000
       3.42100      77.29000     -76.46000
       3.45300      78.30000     -79.03000
       3.48500      80.75000     -82.18000
       3.51700      82.54000     -82.65000
       3.55000      82.99000     -82.22000
       3.58200      81.55000     -82.91000
       3.61400      79.52000     -81.54000
       3.64600      77.86000     -77.25000
       3.67900      77.27000     -74.59000
       3.71100      78.77000     -75.17000
       3.74300      80.76000     -77.09000
       3.77500      80.47000     -77.19000
       3.80700      77.05000     -74.81000
       3.84000      72.39000     -72.91000
       3.87200      69.33000     -72.28000
       3.90400      68.65000     -73.37000
       3.93600      69.09000     -74.66000
       3.96800      70.28000     -72.99000
       4.00100      71.26000     -69.99000
       4.03300      70.74000     -69.34000
       4.06500      70.25000     -69.66000
       4.09700      69.00000     -67.56000
       4.12900      67.08000     -64.78000
       4.16200      67.36000     -64.95000
       4.19400      69.99000     -67.20000
       4.22600      72.77000     -70.68000
       4.25800      73.07000     -74.39000
       4.29100      72.87000     -75.39000
       4.32300      73.36000     -73.95000
       4.35500      71.84000     -72.73000
       4.38700      68.63000     -71.77000
       4.41900      66.04000     -69.44000
       4.45200      65.80000     -65.87000
       4.48400      65.93000     -63.41000
       4.51600      63.99000     -62.71000
       4.54800      61.80000     -61.52000
       4.58000      60.21000     -58.79000
       4.61300      57.51000     -55.94000
       4.64500      54.69000     -54.93000
       4.67700      54.33000     -54.68000
       4.70900      53.89000     -53.00000
       4.74100      52.16000     -51.45000
       4.77400      51.04000     -49.43000
       4.80600      49.16000     -46.97000
       4.83800      44.78000     -45.95000
       4.87000      39.82000     -44.55000
       4.90300      37.09000     -42.92000
       4.93500      36.08000     -41.24000
       4.96700      35.46000     -38.58000
       4.99900      35.77000     -35.99000
       5.03100      35.08000     -32.68000
       5.06400      30.98000     -28.51000
       5.09600      27.21000     -27.22000
       5.12800      27.81000     -28.77000
       5.16000      28.91000     -28.62000
       5.19200      26.74000     -26.40000
       5.22500      23.80000     -25.22000
       5.25700      22.52000     -24.84000
       5.28900      22.60000     -23.69000
       5.32100      22.38000     -21.37000
       5.35300      20.62000     -19.08000
       5.38600      18.30000     -18.50000
       5.41800      17.85000     -18.39000
       5.45000      18.95000     -17.35000
       5.48200      18.01000     -15.44000
       5.51500      14.69000     -13.60000
       5.54700      12.28000     -12.19000
       5.57900      11.53000     -10.69000
       5.61100       9.94100      -8.68400
       5.64300       6.64000      -6.44700
       5.67600       4.18500      -5.06300
       5.70800       3.67300      -4.49700
       5.74000       3.41000      -3.79400
       5.77200       2.51800      -2.64100
       5.80400       1.76300      -1.56300
       5.83700       1.37500      -0.75250
       5.86900       0.93720      -0.22720
       5.90100       0.42480      -0.03531
       5.93300       0.11060      -0.00261
       5.96500       0.01501      -0.00009
       5.99800       0.00099      -0.00000
       6.03000       0.00003      -0.00000
       6.06200       0.00000      -0.00000
       6.09400       0.00000      -0.00000
       6.12700       0.00000       0.00000
       6.15900       0.00000       0.00000
       6.19100       0.00000       0.00000
       6.22300       0.00000       0.00000
       6.25500       0.00000       0.00000
       6.28800       0.00000       0.00000
       6.32000       0.00000       0.00000
       6.35200       0.00000       0.00000
       6.38400       0.00000       0.00000
       6.41600       0.00000       0.00000
       6.44900       0.00000       0.00000
       6.48100       0.00000       0.00000
       6.51300       0.00000       0.00000
       6.54500       0.00000       0.00000
       6.57700       0.00000       0.00000
       6.61000       0.00000       0.00000
       6.64200       0.00000       0.00000
       6.67400       0.00000       0.00000
       6.70600       0.00000       0.00000
       6.73900       0.00000       0.00000
       6.77100       0.00000       0.00000
       6.80300       0.00000       0.00000
       6.83500       0.00000       0.00000
       6.86700       0.00000       0.00000
       6.90000       0.00000       0.00000
       6.93200       0.00000       0.00000
       6.96400       0.00000       0.00000
       6.99600       0.00000       0.00000
       7.02800       0.00000       0.00000
       7.06100       0.00000       0.00000
       7.09300       0.00000       0.00000
       7.12500       0.00000       0.00000
       7.15700       0.00000       0.00000
       7.18900       0.00000       0.00000
       7.22200       0.00000       0.00000
       7.25400       0.00000       0.00000
       7.28600       0.00000       0.00000
       7.31800       0.00000       0.00000
