      #Energy        TDOS-UP        TDOS-DOWN
     -23.62200       0.00000       0.00000
     -23.59100       0.00000       0.00000
     -23.56000       0.00000       0.00000
     -23.53000       0.00000       0.00000
     -23.49900       0.00000       0.00000
     -23.46800       0.00000       0.00000
     -23.43700       0.00000       0.00000
     -23.40700       0.00000       0.00000
     -23.37600       0.00000       0.00000
     -23.34500       0.00000       0.00000
     -23.31400       0.00000       0.00000
     -23.28300       0.00000       0.00000
     -23.25300       0.00000       0.00000
     -23.22200       0.00000       0.00000
     -23.19100       0.00000       0.00000
     -23.16000       0.00000       0.00000
     -23.13000       0.00000       0.00000
     -23.09900       0.00000       0.00000
     -23.06800       0.00000       0.00000
     -23.03700       0.00000       0.00000
     -23.00700       0.00000       0.00000
     -22.97600       0.00000       0.00000
     -22.94500       0.00000       0.00000
     -22.91400       0.00000       0.00000
     -22.88300       0.00000       0.00000
     -22.85300       0.00000       0.00000
     -22.82200       0.00000       0.00000
     -22.79100       0.00000       0.00000
     -22.76000       0.00000       0.00000
     -22.73000       0.00000       0.00000
     -22.69900       0.00000       0.00000
     -22.66800       0.00000       0.00000
     -22.63700       0.00000       0.00000
     -22.60600       0.00000       0.00000
     -22.57600       0.00000       0.00000
     -22.54500       0.00000       0.00000
     -22.51400       0.00000      -0.00000
     -22.48300       0.00000      -0.00000
     -22.45300       0.00000      -0.00000
     -22.42200       0.00000      -0.00000
     -22.39100       0.00015      -0.00015
     -22.36000       0.00750      -0.00750
     -22.32900       0.17950      -0.17950
     -22.29900       2.07800      -2.07800
     -22.26800      11.72000     -11.72000
     -22.23700      32.29000     -32.29000
     -22.20600      43.66000     -43.66000
     -22.17600      28.99000     -28.99000
     -22.14500       9.43800      -9.43800
     -22.11400       1.50800      -1.50800
     -22.08300       0.27330      -0.27330
     -22.05200       1.88800      -1.88800
     -22.02200      10.98000     -10.98000
     -21.99100      31.29000     -31.29000
     -21.96000      43.73000     -43.73000
     -21.92900      30.02000     -30.02000
     -21.89900      10.11000     -10.11000
     -21.86800       1.66300      -1.66300
     -21.83700       0.13310      -0.13310
     -21.80600       0.00515      -0.00515
     -21.77500       0.00010      -0.00010
     -21.74500       0.00000      -0.00000
     -21.71400       0.00000      -0.00000
     -21.68300       0.00000      -0.00000
     -21.65200       0.00000       0.00000
     -21.62200       0.00000      -0.00000
     -21.59100       0.00000      -0.00000
     -21.56000       0.00000      -0.00000
     -21.52900       0.00000      -0.00000
     -21.49900       0.00015      -0.00015
     -21.46800       0.00591      -0.00591
     -21.43700       0.11880      -0.11880
     -21.40600       1.22800      -1.22800
     -21.37500       6.71500      -6.71500
     -21.34500      20.16000     -20.16000
     -21.31400      35.19000     -35.19000
     -21.28300      41.18000     -41.18000
     -21.25200      41.76000     -41.76000
     -21.22200      40.52000     -40.52000
     -21.19100      37.73000     -37.73000
     -21.16000      41.60000     -41.60000
     -21.12900      47.98000     -47.98000
     -21.09800      42.52000     -42.52000
     -21.06800      24.14000     -24.14000
     -21.03700       8.52600      -8.52600
     -21.00600       6.98200      -6.98200
     -20.97500      21.07000     -21.07000
     -20.94500      41.82000     -41.82000
     -20.91400      49.41000     -49.41000
     -20.88300      42.33000     -42.33000
     -20.85200      35.25000     -35.25000
     -20.82100      30.94000     -30.94000
     -20.79100      21.47000     -21.47000
     -20.76000       8.97600      -8.97600
     -20.72900       2.00900      -2.00900
     -20.69800       0.23230      -0.23230
     -20.66800       0.05497      -0.05497
     -20.63700       0.65370      -0.65370
     -20.60600       5.38900      -5.38900
     -20.57500      23.37000     -23.37000
     -20.54400      52.98000     -52.98000
     -20.51400      62.22000     -62.22000
     -20.48300      38.52000     -38.52000
     -20.45200      18.24000     -18.24000
     -20.42100      21.78000     -21.78000
     -20.39100      32.58000     -32.58000
     -20.36000      34.24000     -34.24000
     -20.32900      32.00000     -32.00000
     -20.29800      29.47000     -29.47000
     -20.26700      22.21000     -22.21000
     -20.23700      14.71000     -14.71000
     -20.20600      15.59000     -15.59000
     -20.17500      25.79000     -25.79000
     -20.14400      38.18000     -38.18000
     -20.11400      44.79000     -44.79000
     -20.08300      40.36000     -40.36000
     -20.05200      30.51000     -30.51000
     -20.02100      26.00000     -26.00000
     -19.99100      22.42000     -22.42000
     -19.96000      12.95000     -12.95000
     -19.92900       4.12500      -4.12500
     -19.89800       0.67800      -0.67800
     -19.86700       0.05585      -0.05585
     -19.83700       0.00227      -0.00227
     -19.80600       0.00050      -0.00050
     -19.77500       0.01799      -0.01799
     -19.74400       0.34740      -0.34740
     -19.71400       3.30400      -3.30400
     -19.68300      15.54000     -15.54000
     -19.65200      36.29000     -36.29000
     -19.62100      42.13000     -42.13000
     -19.59000      24.32000     -24.32000
     -19.56000       6.97700      -6.97700
     -19.52900       1.11900      -1.11900
     -19.49800       1.01700      -1.01700
     -19.46700       3.50600      -3.50600
     -19.43700       7.05500      -7.05500
     -19.40600       8.96800      -8.96800
     -19.37500      11.25000     -11.25000
     -19.34400      20.50000     -20.50000
     -19.31300      33.85000     -33.85000
     -19.28300      36.08000     -36.08000
     -19.25200      24.80000     -24.80000
     -19.22100      12.87000     -12.87000
     -19.19000       7.22900      -7.22900
     -19.16000       6.32100      -6.32100
     -19.12900       7.15000      -7.15000
     -19.09800       7.14900      -7.14900
     -19.06700       4.84000      -4.84000
     -19.03600       2.26500      -2.26500
     -19.00600       4.01700      -4.01700
     -18.97500      17.88000     -17.88000
     -18.94400      45.88000     -45.88000
     -18.91300      62.38000     -62.38000
     -18.88300      46.67000     -46.67000
     -18.85200      26.17000     -26.17000
     -18.82100      28.27000     -28.27000
     -18.79000      43.58000     -43.58000
     -18.75900      53.30000     -53.30000
     -18.72900      54.97000     -54.97000
     -18.69800      44.04000     -44.04000
     -18.66700      21.46000     -21.46000
     -18.63600       5.68400      -5.68400
     -18.60600       1.98000      -1.98000
     -18.57500       6.18000      -6.18000
     -18.54400      15.83000     -15.83000
     -18.51300      23.13000     -23.13000
     -18.48300      22.19000     -22.19000
     -18.45200      18.35000     -18.35000
     -18.42100      20.03000     -20.03000
     -18.39000      30.22000     -30.22000
     -18.35900      40.80000     -40.80000
     -18.32900      43.35000     -43.35000
     -18.29800      39.17000     -39.17000
     -18.26700      31.84000     -31.84000
     -18.23600      23.25000     -23.25000
     -18.20600      20.37000     -20.37000
     -18.17500      31.58000     -31.58000
     -18.14400      46.39000     -46.39000
     -18.11300      44.09000     -44.09000
     -18.08200      26.45000     -26.45000
     -18.05200      12.96000     -12.96000
     -18.02100      10.50000     -10.50000
     -17.99000      17.54000     -17.54000
     -17.95900      34.39000     -34.39000
     -17.92900      52.26000     -52.26000
     -17.89800      58.69000     -58.69000
     -17.86700      51.07000     -51.07000
     -17.83600      36.86000     -36.86000
     -17.80500      29.24000     -29.24000
     -17.77500      25.82000     -25.82000
     -17.74400      20.72000     -20.72000
     -17.71300      20.92000     -20.92000
     -17.68200      29.37000     -29.37000
     -17.65200      36.82000     -36.82000
     -17.62100      38.95000     -38.95000
     -17.59000      42.99000     -42.99000
     -17.55900      49.04000     -49.04000
     -17.52800      43.33000     -43.33000
     -17.49800      29.19000     -29.19000
     -17.46700      23.49000     -23.49000
     -17.43600      25.94000     -25.94000
     -17.40500      27.84000     -27.84000
     -17.37500      28.75000     -28.75000
     -17.34400      34.17000     -34.17000
     -17.31300      41.18000     -41.18000
     -17.28200      41.89000     -41.89000
     -17.25100      37.77000     -37.77000
     -17.22100      33.80000     -33.80000
     -17.19000      28.51000     -28.51000
     -17.15900      23.60000     -23.60000
     -17.12800      22.44000     -22.44000
     -17.09800      20.29000     -20.29000
     -17.06700      18.52000     -18.52000
     -17.03600      25.36000     -25.36000
     -17.00500      34.90000     -34.90000
     -16.97500      38.71000     -38.71000
     -16.94400      43.54000     -43.54000
     -16.91300      45.48000     -45.48000
     -16.88200      37.48000     -37.48000
     -16.85100      29.73000     -29.73000
     -16.82100      26.84000     -26.84000
     -16.79000      24.29000     -24.29000
     -16.75900      21.32000     -21.32000
     -16.72800      20.76000     -20.76000
     -16.69800      21.46000     -21.46000
     -16.66700      17.34000     -17.34000
     -16.63600      10.49000     -10.49000
     -16.60500       5.90500      -5.90500
     -16.57400       3.75700      -3.75700
     -16.54400       3.21600      -3.21600
     -16.51300       2.94200      -2.94200
     -16.48200       1.87100      -1.87100
     -16.45100       0.67480      -0.67480
     -16.42100       0.12790      -0.12790
     -16.39000       0.01228      -0.01228
     -16.35900       0.00059      -0.00059
     -16.32800       0.00001      -0.00001
     -16.29700       0.00000      -0.00000
     -16.26700       0.00000      -0.00000
     -16.23600       0.00002      -0.00002
     -16.20500       0.00120      -0.00120
     -16.17400       0.03586      -0.03586
     -16.14400       0.52280      -0.52280
     -16.11300       3.76200      -3.76200
     -16.08200      13.65000     -13.65000
     -16.05100      26.30000     -26.30000
     -16.02000      31.64000     -31.64000
     -15.99000      33.89000     -33.89000
     -15.95900      39.33000     -39.33000
     -15.92800      42.43000     -42.43000
     -15.89700      40.30000     -40.30000
     -15.86700      34.71000     -34.71000
     -15.83600      33.46000     -33.46000
     -15.80500      40.40000     -40.40000
     -15.77400      44.71000     -44.71000
     -15.74400      39.73000     -39.73000
     -15.71300      31.63000     -31.63000
     -15.68200      28.05000     -28.05000
     -15.65100      27.26000     -27.26000
     -15.62000      24.31000     -24.31000
     -15.59000      24.32000     -24.32000
     -15.55900      28.66000     -28.66000
     -15.52800      30.97000     -30.97000
     -15.49700      30.56000     -30.56000
     -15.46700      26.34000     -26.34000
     -15.43600      19.83000     -19.83000
     -15.40500      21.06000     -21.06000
     -15.37400      30.53000     -30.53000
     -15.34300      36.96000     -36.96000
     -15.31300      35.88000     -35.88000
     -15.28200      33.38000     -33.38000
     -15.25100      32.20000     -32.20000
     -15.22000      30.23000     -30.23000
     -15.19000      31.20000     -31.20000
     -15.15900      37.94000     -37.94000
     -15.12800      41.01000     -41.01000
     -15.09700      32.67000     -32.67000
     -15.06600      19.69000     -19.69000
     -15.03600      11.06000     -11.06000
     -15.00500       7.41300      -7.41300
     -14.97400       6.46500      -6.46500
     -14.94300      12.06000     -12.06000
     -14.91300      29.27000     -29.27000
     -14.88200      48.35000     -48.35000
     -14.85100      53.74000     -53.74000
     -14.82000      46.78000     -46.78000
     -14.78900      36.60000     -36.60000
     -14.75900      29.02000     -29.02000
     -14.72800      22.77000     -22.77000
     -14.69700      14.65000     -14.65000
     -14.66600       8.47000      -8.47000
     -14.63600       8.27200      -8.27200
     -14.60500      12.41000     -12.41000
     -14.57400      16.79000     -16.79000
     -14.54300      18.20000     -18.20000
     -14.51200      14.53000     -14.53000
     -14.48200       8.71400      -8.71400
     -14.45100       5.41200      -5.41200
     -14.42000       5.13500      -5.13500
     -14.38900       8.83600      -8.83600
     -14.35900      17.61000     -17.61000
     -14.32800      29.03000     -29.03000
     -14.29700      37.14000     -37.14000
     -14.26600      37.19000     -37.19000
     -14.23600      33.55000     -33.55000
     -14.20500      32.00000     -32.00000
     -14.17400      29.11000     -29.11000
     -14.14300      22.88000     -22.88000
     -14.11200      19.98000     -19.98000
     -14.08200      25.06000     -25.06000
     -14.05100      32.64000     -32.64000
     -14.02000      32.68000     -32.68000
     -13.98900      27.39000     -27.39000
     -13.95900      28.09000     -28.09000
     -13.92800      33.81000     -33.81000
     -13.89700      32.31000     -32.31000
     -13.86600      21.25000     -21.25000
     -13.83500      11.26000     -11.26000
     -13.80500      10.58000     -10.58000
     -13.77400      19.71000     -19.71000
     -13.74300      31.58000     -31.58000
     -13.71200      36.90000     -36.90000
     -13.68200      38.48000     -38.48000
     -13.65100      42.18000     -42.18000
     -13.62000      45.05000     -45.05000
     -13.58900      47.10000     -47.10000
     -13.55800      48.18000     -48.18000
     -13.52800      43.22000     -43.22000
     -13.49700      32.01000     -32.01000
     -13.46600      25.69000     -25.69000
     -13.43500      30.04000     -30.04000
     -13.40500      32.91000     -32.91000
     -13.37400      25.43000     -25.43000
     -13.34300      14.90000     -14.90000
     -13.31200      12.58000     -12.58000
     -13.28100      20.27000     -20.27000
     -13.25100      30.25000     -30.25000
     -13.22000      35.74000     -35.74000
     -13.18900      37.49000     -37.49000
     -13.15800      37.83000     -37.83000
     -13.12800      37.45000     -37.45000
     -13.09700      35.99000     -35.99000
     -13.06600      31.76000     -31.76000
     -13.03500      25.40000     -25.40000
     -13.00400      15.85000     -15.85000
     -12.97400       6.06200      -6.06200
     -12.94300       1.24600      -1.24600
     -12.91200       0.28710      -0.28710
     -12.88100       1.70300      -1.70300
     -12.85100       9.53300      -9.53300
     -12.82000      29.24000     -29.24000
     -12.78900      51.29000     -51.29000
     -12.75800      54.97000     -54.97000
     -12.72800      40.76000     -40.76000
     -12.69700      27.47000     -27.47000
     -12.66600      23.96000     -23.96000
     -12.63500      30.93000     -30.93000
     -12.60400      46.47000     -46.47000
     -12.57400      55.76000     -55.76000
     -12.54300      49.44000     -49.44000
     -12.51200      40.80000     -40.80000
     -12.48100      39.23000     -39.23000
     -12.45100      38.43000     -38.43000
     -12.42000      35.59000     -35.59000
     -12.38900      36.15000     -36.15000
     -12.35800      40.09000     -40.09000
     -12.32700      40.30000     -40.30000
     -12.29700      38.13000     -38.13000
     -12.26600      41.03000     -41.03000
     -12.23500      48.78000     -48.78000
     -12.20400      51.90000     -51.90000
     -12.17400      45.56000     -45.56000
     -12.14300      36.76000     -36.76000
     -12.11200      30.45000     -30.45000
     -12.08100      26.73000     -26.73000
     -12.05000      26.84000     -26.84000
     -12.02000      27.79000     -27.79000
     -11.98900      24.43000     -24.43000
     -11.95800      16.36000     -16.36000
     -11.92700       8.78800      -8.78800
     -11.89700       5.07000      -5.07000
     -11.86600       4.27900      -4.27900
     -11.83500       6.08500      -6.08500
     -11.80400      10.61000     -10.61000
     -11.77300      15.94000     -15.94000
     -11.74300      20.25000     -20.25000
     -11.71200      24.51000     -24.51000
     -11.68100      29.72000     -29.72000
     -11.65000      35.83000     -35.83000
     -11.62000      39.84000     -39.84000
     -11.58900      37.18000     -37.18000
     -11.55800      32.73000     -32.73000
     -11.52700      32.52000     -32.52000
     -11.49600      34.61000     -34.61000
     -11.46600      37.22000     -37.22000
     -11.43500      41.85000     -41.85000
     -11.40400      46.09000     -46.09000
     -11.37300      45.93000     -45.93000
     -11.34300      39.33000     -39.33000
     -11.31200      31.68000     -31.68000
     -11.28100      30.68000     -30.68000
     -11.25000      31.56000     -31.56000
     -11.22000      28.02000     -28.02000
     -11.18900      26.41000     -26.41000
     -11.15800      31.67000     -31.67000
     -11.12700      35.74000     -35.74000
     -11.09600      37.75000     -37.75000
     -11.06600      45.17000     -45.17000
     -11.03500      50.30000     -50.30000
     -11.00400      44.34000     -44.34000
     -10.97300      35.33000     -35.33000
     -10.94300      32.72000     -32.72000
     -10.91200      44.48000     -44.48000
     -10.88100      69.92000     -69.92000
     -10.85000      88.23000     -88.23000
     -10.81900      83.22000     -83.22000
     -10.78900      66.22000     -66.22000
     -10.75800      52.87000     -52.87000
     -10.72700      46.96000     -46.96000
     -10.69600      46.89000     -46.89000
     -10.66600      46.95000     -46.95000
     -10.63500      41.91000     -41.91000
     -10.60400      33.70000     -33.70000
     -10.57300      29.12000     -29.12000
     -10.54200      31.14000     -31.14000
     -10.51200      35.99000     -35.99000
     -10.48100      39.15000     -39.15000
     -10.45000      44.83000     -44.83000
     -10.41900      53.65000     -53.65000
     -10.38900      48.47000     -48.47000
     -10.35800      29.57000     -29.57000
     -10.32700      24.56000     -24.56000
     -10.29600      38.55000     -38.55000
     -10.26500      41.33000     -41.33000
     -10.23500      23.45000     -23.45000
     -10.20400      10.06000     -10.06000
     -10.17300      11.86000     -11.86000
     -10.14200      20.33000     -20.33000
     -10.11200      32.38000     -32.38000
     -10.08100      49.19000     -49.19000
     -10.05000      58.04000     -58.04000
     -10.01900      54.13000     -54.13000
      -9.98800      52.60000     -52.60000
      -9.95800      58.72000     -58.72000
      -9.92700      57.92000     -57.92000
      -9.89600      38.31000     -38.31000
      -9.86500      15.42000     -15.42000
      -9.83500       6.50800      -6.50800
      -9.80400       9.00600      -9.00600
      -9.77300      16.20000     -16.20000
      -9.74200      28.16000     -28.16000
      -9.71200      43.45000     -43.45000
      -9.68100      52.34000     -52.34000
      -9.65000      52.86000     -52.86000
      -9.61900      49.75000     -49.75000
      -9.58800      39.11000     -39.11000
      -9.55800      23.70000     -23.70000
      -9.52700      13.76000     -13.76000
      -9.49600      14.48000     -14.48000
      -9.46500      27.53000     -27.53000
      -9.43500      48.97000     -48.97000
      -9.40400      73.17000     -73.17000
      -9.37300     101.10000    -101.10000
      -9.34200     117.10000    -117.10000
      -9.31100     107.50000    -107.50000
      -9.28100      89.31000     -89.31000
      -9.25000      75.30000     -75.30000
      -9.21900      69.04000     -69.04000
      -9.18800      73.32000     -73.32000
      -9.15800      81.49000     -81.49000
      -9.12700      81.18000     -81.18000
      -9.09600      72.77000     -72.77000
      -9.06500      72.15000     -72.15000
      -9.03400      80.74000     -80.74000
      -9.00400      81.94000     -81.94000
      -8.97300      69.98000     -69.98000
      -8.94200      55.12000     -55.12000
      -8.91100      52.87000     -52.87000
      -8.88100      64.36000     -64.36000
      -8.85000      77.48000     -77.48000
      -8.81900      84.20000     -84.20000
      -8.78800      85.42000     -85.42000
      -8.75700      96.98000     -96.98000
      -8.72700     128.10000    -128.10000
      -8.69600     146.00000    -146.00000
      -8.66500     118.60000    -118.60000
      -8.63400      71.38000     -71.38000
      -8.60400      45.54000     -45.54000
      -8.57300      44.68000     -44.68000
      -8.54200      52.77000     -52.77000
      -8.51100      60.08000     -60.08000
      -8.48100      63.51000     -63.51000
      -8.45000      60.78000     -60.78000
      -8.41900      54.11000     -54.11000
      -8.38800      55.64000     -55.64000
      -8.35700      70.33000     -70.33000
      -8.32700      92.21000     -92.21000
      -8.29600     107.50000    -107.50000
      -8.26500     105.70000    -105.70000
      -8.23400     106.50000    -106.50000
      -8.20400     109.00000    -109.00000
      -8.17300      86.21000     -86.21000
      -8.14200      59.84000     -59.84000
      -8.11100      58.77000     -58.77000
      -8.08000      88.22000     -88.22000
      -8.05000     136.70000    -136.70000
      -8.01900     154.50000    -154.50000
      -7.98800     116.20000    -116.20000
      -7.95700      71.69000     -71.69000
      -7.92700      59.11000     -59.11000
      -7.89600      62.72000     -62.72000
      -7.86500      65.98000     -65.98000
      -7.83400      65.19000     -65.19000
      -7.80300      54.78000     -54.78000
      -7.77300      42.63000     -42.63000
      -7.74200      44.31000     -44.31000
      -7.71100      61.80000     -61.80000
      -7.68000      72.54000     -72.54000
      -7.65000      63.23000     -63.23000
      -7.61900      47.59000     -47.59000
      -7.58800      34.33000     -34.33000
      -7.55700      27.97000     -27.97000
      -7.52600      35.33000     -35.33000
      -7.49600      52.12000     -52.12000
      -7.46500      59.71000     -59.71000
      -7.43400      49.30000     -49.30000
      -7.40300      39.17000     -39.17000
      -7.37300      43.60000     -43.60000
      -7.34200      54.31000     -54.31000
      -7.31100      57.31000     -57.31000
      -7.28000      50.54000     -50.54000
      -7.24900      42.28000     -42.28000
      -7.21900      35.84000     -35.84000
      -7.18800      28.35000     -28.35000
      -7.15700      24.62000     -24.62000
      -7.12600      28.43000     -28.43000
      -7.09600      35.26000     -35.26000
      -7.06500      47.95000     -47.95000
      -7.03400      62.57000     -62.57000
      -7.00300      61.88000     -61.88000
      -6.97300      51.77000     -51.77000
      -6.94200      52.00000     -52.00000
      -6.91100      55.83000     -55.83000
      -6.88000      47.88000     -47.88000
      -6.84900      42.15000     -42.15000
      -6.81900      56.21000     -56.21000
      -6.78800      82.25000     -82.25000
      -6.75700     111.90000    -111.90000
      -6.72600     133.80000    -133.80000
      -6.69600     126.70000    -126.70000
      -6.66500      96.21000     -96.21000
      -6.63400      68.82000     -68.82000
      -6.60300      56.24000     -56.24000
      -6.57200      57.89000     -57.89000
      -6.54200      75.86000     -75.86000
      -6.51100     107.30000    -107.30000
      -6.48000     138.10000    -138.10000
      -6.44900     154.10000    -154.10000
      -6.41900     141.60000    -141.60000
      -6.38800      97.17000     -97.17000
      -6.35700      51.36000     -51.36000
      -6.32600      22.96000     -22.96000
      -6.29500       7.61200      -7.61200
      -6.26500       2.40700      -2.40700
      -6.23400       5.33000      -5.33000
      -6.20300      15.26000     -15.26000
      -6.17200      24.83000     -24.83000
      -6.14200      23.92000     -23.92000
      -6.11100      18.46000     -18.46000
      -6.08000      22.34000     -22.34000
      -6.04900      36.79000     -36.79000
      -6.01800      48.64000     -48.64000
      -5.98800      52.16000     -52.16000
      -5.95700      57.78000     -57.78000
      -5.92600      58.70000     -58.70000
      -5.89500      41.23000     -41.23000
      -5.86500      23.61000     -23.61000
      -5.83400      27.60000     -27.60000
      -5.80300      44.42000     -44.42000
      -5.77200      50.69000     -50.69000
      -5.74100      40.78000     -40.78000
      -5.71100      25.89000     -25.89000
      -5.68000      17.84000     -17.84000
      -5.64900      20.74000     -20.74000
      -5.61800      27.04000     -27.04000
      -5.58800      29.06000     -29.06000
      -5.55700      29.24000     -29.24000
      -5.52600      32.66000     -32.66000
      -5.49500      38.69000     -38.69000
      -5.46500      41.51000     -41.51000
      -5.43400      37.04000     -37.04000
      -5.40300      28.25000     -28.25000
      -5.37200      20.94000     -20.94000
      -5.34100      17.55000     -17.55000
      -5.31100      19.14000     -19.14000
      -5.28000      24.96000     -24.96000
      -5.24900      31.61000     -31.61000
      -5.21800      34.75000     -34.75000
      -5.18800      32.82000     -32.82000
      -5.15700      26.43000     -26.43000
      -5.12600      18.15000     -18.15000
      -5.09500      14.12000     -14.12000
      -5.06400      15.73000     -15.73000
      -5.03400      19.91000     -19.91000
      -5.00300      24.85000     -24.85000
      -4.97200      28.51000     -28.51000
      -4.94100      26.80000     -26.80000
      -4.91100      19.01000     -19.01000
      -4.88000      13.57000     -13.57000
      -4.84900      17.37000     -17.37000
      -4.81800      25.60000     -25.60000
      -4.78700      28.05000     -28.05000
      -4.75700      24.62000     -24.62000
      -4.72600      22.15000     -22.15000
      -4.69500      22.34000     -22.34000
      -4.66400      24.15000     -24.15000
      -4.63400      25.74000     -25.74000
      -4.60300      22.98000     -22.98000
      -4.57200      17.31000     -17.31000
      -4.54100      20.33000     -20.33000
      -4.51000      42.24000     -42.24000
      -4.48000      65.39000     -65.39000
      -4.44900      55.79000     -55.79000
      -4.41800      28.28000     -28.28000
      -4.38700      23.78000     -23.78000
      -4.35700      45.73000     -45.73000
      -4.32600      62.49000     -62.49000
      -4.29500      58.63000     -58.63000
      -4.26400      48.71000     -48.71000
      -4.23300      37.01000     -37.01000
      -4.20300      24.30000     -24.30000
      -4.17200      15.45000     -15.45000
      -4.14100      10.44000     -10.44000
      -4.11000      10.46000     -10.46000
      -4.08000      13.92000     -13.92000
      -4.04900      13.59000     -13.59000
      -4.01800      10.62000     -10.62000
      -3.98700      12.81000     -12.81000
      -3.95700      17.04000     -17.04000
      -3.92600      14.39000     -14.39000
      -3.89500       7.94500      -7.94500
      -3.86400       5.33900      -5.33900
      -3.83300       9.59800      -9.59800
      -3.80300      21.13000     -21.13000
      -3.77200      31.51000     -31.51000
      -3.74100      33.25000     -33.25000
      -3.71000      35.89000     -35.89000
      -3.68000      43.28000     -43.28000
      -3.64900      48.13000     -48.13000
      -3.61800      51.99000     -51.99000
      -3.58700      53.20000     -53.20000
      -3.55600      45.61000     -45.61000
      -3.52600      34.91000     -34.91000
      -3.49500      27.38000     -27.38000
      -3.46400      22.24000     -22.24000
      -3.43300      21.84000     -21.84000
      -3.40300      23.39000     -23.39000
      -3.37200      20.48000     -20.48000
      -3.34100      15.48000     -15.48000
      -3.31000      13.33000     -13.33000
      -3.27900      13.95000     -13.95000
      -3.24900      16.65000     -16.65000
      -3.21800      18.99000     -18.99000
      -3.18700      16.46000     -16.46000
      -3.15600      11.99000     -11.99000
      -3.12600      12.15000     -12.15000
      -3.09500      16.48000     -16.48000
      -3.06400      17.62000     -17.62000
      -3.03300      12.81000     -12.81000
      -3.00200       8.62700      -8.62700
      -2.97200      10.97000     -10.97000
      -2.94100      20.14000     -20.14000
      -2.91000      32.19000     -32.19000
      -2.87900      39.47000     -39.47000
      -2.84900      37.46000     -37.46000
      -2.81800      31.44000     -31.44000
      -2.78700      29.01000     -29.01000
      -2.75600      27.80000     -27.80000
      -2.72500      23.74000     -23.74000
      -2.69500      20.92000     -20.92000
      -2.66400      20.34000     -20.34000
      -2.63300      23.36000     -23.36000
      -2.60200      31.93000     -31.93000
      -2.57200      33.42000     -33.42000
      -2.54100      22.33000     -22.33000
      -2.51000      11.85000     -11.85000
      -2.47900       7.55800      -7.55800
      -2.44900       4.63200      -4.63200
      -2.41800       1.78000      -1.78000
      -2.38700       0.36710      -0.36710
      -2.35600       0.03866      -0.03866
      -2.32500       0.00203      -0.00203
      -2.29500       0.00005      -0.00005
      -2.26400       0.00000      -0.00000
      -2.23300       0.00000      -0.00000
      -2.20200       0.00000      -0.00000
      -2.17200       0.00000      -0.00000
      -2.14100       0.00000       0.00000
      -2.11000       0.00000       0.00000
      -2.07900       0.00000       0.00000
      -2.04800       0.00000       0.00000
      -2.01800       0.00000       0.00000
      -1.98700       0.00000       0.00000
      -1.95600       0.00000       0.00000
      -1.92500       0.00000       0.00000
      -1.89500       0.00000       0.00000
      -1.86400       0.00000       0.00000
      -1.83300       0.00000       0.00000
      -1.80200       0.00000      -0.00000
      -1.77100       0.00000      -0.00000
      -1.74100       0.00000      -0.00000
      -1.71000       0.00000      -0.00000
      -1.67900       0.00005      -0.00005
      -1.64800       0.00170      -0.00170
      -1.61800       0.02980      -0.02980
      -1.58700       0.26270      -0.26270
      -1.55600       1.22300      -1.22300
      -1.52500       3.39900      -3.39900
      -1.49400       7.17600      -7.17600
      -1.46400      13.10000     -13.10000
      -1.43300      17.49000     -17.49000
      -1.40200      15.24000     -15.24000
      -1.37100      10.43000     -10.43000
      -1.34100       9.51300      -9.51300
      -1.31000      12.69000     -12.69000
      -1.27900      15.06000     -15.06000
      -1.24800      13.39000     -13.39000
      -1.21800      14.32000     -14.32000
      -1.18700      23.64000     -23.64000
      -1.15600      32.45000     -32.45000
      -1.12500      30.32000     -30.32000
      -1.09400      22.50000     -22.50000
      -1.06400      20.37000     -20.37000
      -1.03300      27.70000     -27.70000
      -1.00200      37.92000     -37.92000
      -0.97100      43.99000     -43.99000
      -0.94100      46.85000     -46.85000
      -0.91000      46.22000     -46.22000
      -0.87900      40.00000     -40.00000
      -0.84800      30.20000     -30.20000
      -0.81700      21.09000     -21.09000
      -0.78700      15.19000     -15.19000
      -0.75600      12.41000     -12.41000
      -0.72500      12.51000     -12.51000
      -0.69400      15.96000     -15.96000
      -0.66400      19.22000     -19.22000
      -0.63300      18.96000     -18.96000
      -0.60200      21.71000     -21.71000
      -0.57100      32.03000     -32.03000
      -0.54000      37.47000     -37.47000
      -0.51000      30.63000     -30.63000
      -0.47900      23.32000     -23.32000
      -0.44800      24.68000     -24.68000
      -0.41700      32.21000     -32.21000
      -0.38700      37.07000     -37.07000
      -0.35600      33.34000     -33.34000
      -0.32500      25.60000     -25.60000
      -0.29400      21.76000     -21.76000
      -0.26300      22.73000     -22.73000
      -0.23300      26.00000     -26.00000
      -0.20200      32.71000     -32.71000
      -0.17100      39.08000     -39.08000
      -0.14000      37.25000     -37.25000
      -0.11000      30.49000     -30.49000
      -0.07900      27.95000     -27.95000
      -0.04800      30.51000     -30.51000
      -0.01700      30.98000     -30.98000
       0.01400      24.49000     -24.49000
       0.04400      19.17000     -19.17000
       0.07500      25.69000     -25.69000
       0.10600      35.52000     -35.52000
       0.13700      34.86000     -34.86000
       0.16700      30.23000     -30.23000
       0.19800      28.80000     -28.80000
       0.22900      24.17000     -24.17000
       0.26000      14.84000     -14.84000
       0.29000       6.41600      -6.41600
       0.32100       1.82900      -1.82900
       0.35200       0.32530      -0.32530
       0.38300       0.30670      -0.30640
       0.41400       2.36700      -2.36600
       0.44400      10.80000     -10.79000
       0.47500      27.26000     -27.26000
       0.50600      38.89000     -38.89000
       0.53700      31.58000     -31.58000
       0.56700      14.52000     -14.52000
       0.59800       3.71100      -3.71300
       0.62900       0.51310      -0.51340
       0.66000       0.03801      -0.03805
       0.69100       0.02608      -0.02608
       0.72100       0.40630      -0.40630
       0.75200       3.66200      -3.66100
       0.78300      18.31000     -18.31000
       0.81400      50.66000     -50.66000
       0.84400      78.71000     -78.71000
       0.87500      77.79000     -77.79000
       0.90600      72.84000     -72.84000
       0.93700      84.52000     -84.52000
       0.96800      88.24000     -88.25000
       0.99800      66.77000     -66.77000
       1.02900      42.81000     -42.81000
       1.06000      37.72000     -37.72000
       1.09100      41.11000     -41.10000
       1.12100      39.82000     -39.80000
       1.15200      34.49000     -34.48000
       1.18300      25.45000     -25.45000
       1.21400      14.24000     -14.25000
       1.24500      10.71000     -10.73000
       1.27500      19.03000     -19.03000
       1.30600      30.43000     -30.41000
       1.33700      34.43000     -34.41000
       1.36800      33.05000     -33.04000
       1.39800      34.10000     -34.10000
       1.42900      36.65000     -36.66000
       1.46000      40.25000     -40.25000
       1.49100      47.45000     -47.43000
       1.52200      55.89000     -55.87000
       1.55200      61.50000     -61.49000
       1.58300      62.52000     -62.53000
       1.61400      59.36000     -59.35000
       1.64500      53.87000     -53.81000
       1.67500      56.01000     -55.95000
       1.70600      68.48000     -68.53000
       1.73700      76.25000     -76.27000
       1.76800      71.66000     -71.24000
       1.79800      67.54000     -66.53000
       1.82900      83.75000     -82.33000
       1.86000     115.60000    -114.50000
       1.89100     133.40000    -133.80000
       1.92200     128.40000    -129.50000
       1.95200     112.10000    -111.90000
       1.98300      94.41000     -92.80000
       2.01400      77.89000     -76.85000
       2.04500      60.65000     -61.16000
       2.07500      47.44000     -48.20000
       2.10600      46.68000     -46.60000
       2.13700      60.28000     -60.19000
       2.16800      79.86000     -80.25000
       2.19900      92.03000     -92.09000
       2.22900      86.83000     -86.21000
       2.26000      72.51000     -71.36000
       2.29100      63.28000     -62.35000
       2.32200      61.29000     -60.93000
       2.35200      63.09000     -63.26000
       2.38300      65.76000     -66.92000
       2.41400      64.88000     -66.38000
       2.44500      61.78000     -62.32000
       2.47600      67.25000     -66.51000
       2.50600      83.36000     -82.17000
       2.53700      95.51000     -94.76000
       2.56800      93.48000     -94.02000
       2.59900      84.33000     -85.83000
       2.62900      78.45000     -79.48000
       2.66000      76.16000     -76.67000
       2.69100      75.42000     -76.63000
       2.72200      75.05000     -76.85000
       2.75300      72.65000     -73.34000
       2.78300      70.63000     -69.98000
       2.81400      70.81000     -70.72000
       2.84500      67.80000     -69.54000
       2.87600      62.61000     -64.08000
       2.90600      62.10000     -60.48000
       2.93700      68.18000     -64.43000
       2.96800      76.20000     -73.31000
       2.99900      83.19000     -82.00000
       3.03000      87.71000     -87.48000
       3.06000      88.37000     -88.45000
       3.09100      86.93000     -87.31000
       3.12200      85.97000     -86.81000
       3.15300      85.31000     -86.25000
       3.18300      83.83000     -84.45000
       3.21400      83.82000     -83.71000
       3.24500      87.89000     -86.84000
       3.27600      93.28000     -91.79000
       3.30600      93.43000     -92.27000
       3.33700      87.37000     -86.23000
       3.36800      79.11000     -77.83000
       3.39900      72.12000     -71.88000
       3.43000      68.69000     -69.14000
       3.46000      69.41000     -69.45000
       3.49100      73.30000     -73.13000
       3.52200      77.11000     -77.43000
       3.55300      77.56000     -78.88000
       3.58300      76.11000     -77.32000
       3.61400      76.07000     -75.53000
       3.64500      76.55000     -74.19000
       3.67600      74.92000     -73.54000
       3.70700      71.41000     -73.48000
       3.73700      68.61000     -72.31000
       3.76800      68.55000     -71.11000
       3.79900      69.59000     -70.83000
       3.83000      69.46000     -70.56000
       3.86000      69.29000     -69.42000
       3.89100      70.30000     -67.61000
       3.92200      70.22000     -66.32000
       3.95300      68.18000     -67.07000
       3.98400      67.14000     -68.81000
       4.01400      68.81000     -70.69000
       4.04500      71.17000     -73.97000
       4.07600      73.26000     -75.92000
       4.10700      75.45000     -74.42000
       4.13700      75.94000     -73.14000
       4.16800      75.48000     -74.27000
       4.19900      75.81000     -75.79000
       4.23000      76.07000     -75.07000
       4.26100      75.04000     -72.47000
       4.29100      72.46000     -70.70000
       4.32200      68.83000     -69.03000
       4.35300      66.39000     -66.60000
       4.38400      66.12000     -65.30000
       4.41400      65.33000     -63.68000
       4.44500      62.96000     -61.19000
       4.47600      59.47000     -60.45000
       4.50700      55.47000     -59.44000
       4.53800      53.51000     -56.46000
       4.56800      54.26000     -54.34000
       4.59900      54.05000     -53.74000
       4.63000      51.74000     -53.24000
       4.66100      50.42000     -53.87000
       4.69100      50.97000     -55.97000
       4.72200      51.65000     -54.98000
       4.75300      51.33000     -49.17000
       4.78400      48.81000     -43.45000
       4.81400      44.06000     -39.89000
       4.84500      39.63000     -37.26000
       4.87600      37.57000     -36.45000
       4.90700      36.95000     -36.76000
       4.93800      36.29000     -35.92000
       4.96800      34.93000     -34.49000
       4.99900      32.92000     -32.95000
       5.03000      31.15000     -30.68000
       5.06100      29.13000     -29.05000
       5.09100      26.01000     -28.63000
       5.12200      23.84000     -28.51000
       5.15300      24.19000     -28.07000
       5.18400      24.69000     -26.94000
       5.21500      23.63000     -24.57000
       5.24500      22.14000     -21.80000
       5.27600      20.87000     -20.31000
       5.30700      19.72000     -19.77000
       5.33800      18.67000     -17.78000
       5.36800      17.23000     -14.52000
       5.39900      14.78000     -13.09000
       5.43000      12.67000     -13.17000
       5.46100      12.05000     -11.82000
       5.49200      11.29000      -9.55400
       5.52200       9.27400      -8.49300
       5.55300       7.39900      -8.23000
       5.58400       6.10800      -7.42800
       5.61500       4.40900      -5.50700
       5.64500       2.59600      -3.09600
       5.67600       1.39100      -1.29800
       5.70700       0.92840      -0.55040
       5.73800       0.75760      -0.40790
       5.76900       0.43690      -0.26990
       5.79900       0.13740      -0.09584
       5.83000       0.02218      -0.01681
       5.86100       0.00180      -0.00144
       5.89200       0.00007      -0.00006
       5.92200       0.00000      -0.00000
       5.95300       0.00000      -0.00000
       5.98400       0.00000      -0.00000
       6.01500       0.00000      -0.00000
       6.04500       0.00000      -0.00000
       6.07600       0.00000       0.00000
       6.10700       0.00000       0.00000
       6.13800       0.00000       0.00000
       6.16900       0.00000       0.00000
       6.19900       0.00000       0.00000
       6.23000       0.00000       0.00000
       6.26100       0.00000       0.00000
       6.29200       0.00000       0.00000
       6.32200       0.00000       0.00000
       6.35300       0.00000       0.00000
       6.38400       0.00000       0.00000
       6.41500       0.00000       0.00000
       6.44600       0.00000       0.00000
       6.47600       0.00000       0.00000
       6.50700       0.00000       0.00000
       6.53800       0.00000       0.00000
       6.56900       0.00000       0.00000
       6.59900       0.00000       0.00000
       6.63000       0.00000       0.00000
       6.66100       0.00000       0.00000
       6.69200       0.00000       0.00000
       6.72300       0.00000       0.00000
       6.75300       0.00000       0.00000
       6.78400       0.00000       0.00000
       6.81500       0.00000       0.00000
       6.84600       0.00000       0.00000
       6.87600       0.00000       0.00000
       6.90700       0.00000       0.00000
       6.93800       0.00000       0.00000
       6.96900       0.00000       0.00000
       7.00000       0.00000       0.00000
       7.03000       0.00000       0.00000
       7.06100       0.00000       0.00000
       7.09200       0.00000       0.00000
       7.12300       0.00000       0.00000
