      #Energy        TDOS-UP        TDOS-DOWN
     -22.13428       0.00000       0.00000
     -22.10128       0.00000       0.00000
     -22.06928       0.00000       0.00000
     -22.03728       0.00000       0.00000
     -22.00528       0.00000       0.00000
     -21.97328       0.00000       0.00000
     -21.94028       0.00000       0.00000
     -21.90828       0.00000       0.00000
     -21.87628       0.00000       0.00000
     -21.84428       0.00000       0.00000
     -21.81228       0.00000       0.00000
     -21.77928       0.00000       0.00000
     -21.74728       0.00000       0.00000
     -21.71528       0.00000       0.00000
     -21.68328       0.00000       0.00000
     -21.65028       0.00000       0.00000
     -21.61828       0.00000       0.00000
     -21.58628       0.00000       0.00000
     -21.55428       0.00000       0.00000
     -21.52228       0.00000       0.00000
     -21.48928       0.00000       0.00000
     -21.45728       0.00000       0.00000
     -21.42528       0.00000       0.00000
     -21.39328       0.00000       0.00000
     -21.36128       0.00000       0.00000
     -21.32828       0.00000       0.00000
     -21.29628       0.00000       0.00000
     -21.26428       0.00000       0.00000
     -21.23228       0.00000       0.00000
     -21.19928       0.00000       0.00000
     -21.16728       0.00000       0.00000
     -21.13528       0.00000       0.00000
     -21.10328       0.00000       0.00000
     -21.07128       0.00000       0.00000
     -21.03828       0.00000       0.00000
     -21.00628       0.00000       0.00000
     -20.97428       0.00000       0.00000
     -20.94228       0.00000      -0.00000
     -20.91028       0.00000      -0.00000
     -20.87728       0.00000      -0.00000
     -20.84528       0.00003      -0.00003
     -20.81328       0.00180      -0.00180
     -20.78128       0.05699      -0.05699
     -20.74828       0.81520      -0.81520
     -20.71628       5.30800      -5.30800
     -20.68428      15.84000     -15.84000
     -20.65228      21.74000     -21.74000
     -20.62028      13.76000     -13.76000
     -20.58728       4.00300      -4.00300
     -20.55528       0.53310      -0.53310
     -20.52328       0.03228      -0.03228
     -20.49128       0.00088      -0.00088
     -20.45928       0.00001      -0.00001
     -20.42628       0.00000      -0.00000
     -20.39428       0.00000      -0.00000
     -20.36228       0.00000      -0.00000
     -20.33028       0.00000       0.00000
     -20.29728       0.00000       0.00000
     -20.26528       0.00000       0.00000
     -20.23328       0.00000       0.00000
     -20.20128       0.00000       0.00000
     -20.16928       0.00000       0.00000
     -20.13628       0.00000       0.00000
     -20.10428       0.00000       0.00000
     -20.07228       0.00000       0.00000
     -20.04028       0.00000       0.00000
     -20.00828       0.00000       0.00000
     -19.97528       0.00000       0.00000
     -19.94328       0.00000       0.00000
     -19.91128       0.00000       0.00000
     -19.87928       0.00000       0.00000
     -19.84628       0.00000       0.00000
     -19.81428       0.00000       0.00000
     -19.78228       0.00000       0.00000
     -19.75028       0.00000       0.00000
     -19.71828       0.00000       0.00000
     -19.68528       0.00000       0.00000
     -19.65328       0.00000       0.00000
     -19.62128       0.00000       0.00000
     -19.58928       0.00000       0.00000
     -19.55728       0.00000       0.00000
     -19.52428       0.00000       0.00000
     -19.49228       0.00000       0.00000
     -19.46028       0.00000       0.00000
     -19.42828       0.00000       0.00000
     -19.39528       0.00000       0.00000
     -19.36328       0.00000       0.00000
     -19.33128       0.00000       0.00000
     -19.29928       0.00000       0.00000
     -19.26728       0.00000       0.00000
     -19.23428       0.00000       0.00000
     -19.20228       0.00000       0.00000
     -19.17028       0.00000       0.00000
     -19.13828       0.00000       0.00000
     -19.10628       0.00000       0.00000
     -19.07328       0.00000       0.00000
     -19.04128       0.00000       0.00000
     -19.00928       0.00000       0.00000
     -18.97728       0.00000       0.00000
     -18.94428       0.00000       0.00000
     -18.91228       0.00000       0.00000
     -18.88028       0.00000       0.00000
     -18.84828       0.00000       0.00000
     -18.81628       0.00000       0.00000
     -18.78328       0.00000       0.00000
     -18.75128       0.00000      -0.00000
     -18.71928       0.00000      -0.00000
     -18.68728       0.00000      -0.00000
     -18.65528       0.00000      -0.00000
     -18.62228       0.00012      -0.00012
     -18.59028       0.00607      -0.00607
     -18.55828       0.14030      -0.14030
     -18.52628       1.59700      -1.59700
     -18.49328       9.34000      -9.34000
     -18.46128      29.60000     -29.60000
     -18.42928      54.90000     -54.90000
     -18.39728      67.46000     -67.46000
     -18.36528      64.22000     -64.22000
     -18.33228      55.90000     -55.90000
     -18.30028      45.95000     -45.95000
     -18.26828      31.78000     -31.78000
     -18.23628      24.13000     -24.13000
     -18.20428      30.86000     -30.86000
     -18.17128      42.63000     -42.63000
     -18.13928      45.68000     -45.68000
     -18.10728      37.53000     -37.53000
     -18.07528      29.21000     -29.21000
     -18.04228      25.61000     -25.61000
     -18.01028      17.69000     -17.69000
     -17.97828      11.49000     -11.49000
     -17.94628      21.40000     -21.40000
     -17.91428      37.81000     -37.81000
     -17.88128      35.75000     -35.75000
     -17.84928      18.21000     -18.21000
     -17.81728       5.20200      -5.20200
     -17.78528       0.84830      -0.84830
     -17.75328       0.34170      -0.34170
     -17.72028       3.08000      -3.08000
     -17.68828      16.93000     -16.93000
     -17.65628      46.91000     -46.91000
     -17.62428      70.94000     -70.94000
     -17.59228      65.89000     -65.89000
     -17.55928      45.22000     -45.22000
     -17.52728      32.88000     -32.88000
     -17.49528      30.45000     -30.45000
     -17.46328      31.44000     -31.44000
     -17.43028      36.89000     -36.89000
     -17.39828      36.17000     -36.17000
     -17.36628      26.07000     -26.07000
     -17.33428      21.16000     -21.16000
     -17.30228      24.57000     -24.57000
     -17.26928      31.62000     -31.62000
     -17.23728      36.95000     -36.95000
     -17.20528      31.76000     -31.76000
     -17.17328      19.71000     -19.71000
     -17.14128       8.87700      -8.87700
     -17.10828       2.58500      -2.58500
     -17.07628       0.42930      -0.42930
     -17.04428       0.03745      -0.03745
     -17.01228       0.00162      -0.00162
     -16.97928       0.00003      -0.00003
     -16.94728       0.00000      -0.00000
     -16.91528       0.00000      -0.00000
     -16.88328       0.00000      -0.00000
     -16.85128       0.00000      -0.00000
     -16.81828       0.00029      -0.00029
     -16.78628       0.01008      -0.01008
     -16.75428       0.16610      -0.16610
     -16.72228       1.32200      -1.32200
     -16.69028       5.41300      -5.41300
     -16.65728      12.59000     -12.59000
     -16.62528      18.20000     -18.20000
     -16.59328      17.23000     -17.23000
     -16.56128      14.11000     -14.11000
     -16.52828      15.10000     -15.10000
     -16.49628      15.37000     -15.37000
     -16.46428      14.48000     -14.48000
     -16.43228      16.86000     -16.86000
     -16.40028      20.90000     -20.90000
     -16.36728      24.53000     -24.53000
     -16.33528      28.14000     -28.14000
     -16.30328      26.94000     -26.94000
     -16.27128      19.50000     -19.50000
     -16.23928      12.28000     -12.28000
     -16.20628       8.10200      -8.10200
     -16.17428       7.68800      -7.68800
     -16.14228      11.49000     -11.49000
     -16.11028      16.57000     -16.57000
     -16.07728      23.99000     -23.99000
     -16.04528      36.24000     -36.24000
     -16.01328      41.28000     -41.28000
     -15.98128      37.34000     -37.34000
     -15.94928      31.28000     -31.28000
     -15.91628      25.12000     -25.12000
     -15.88428      32.70000     -32.70000
     -15.85228      43.14000     -43.14000
     -15.82028      34.39000     -34.39000
     -15.78828      22.52000     -22.52000
     -15.75528      20.33000     -20.33000
     -15.72328      21.22000     -21.22000
     -15.69128      25.73000     -25.73000
     -15.65928      30.18000     -30.18000
     -15.62628      26.38000     -26.38000
     -15.59428      22.03000     -22.03000
     -15.56228      27.76000     -27.76000
     -15.53028      35.39000     -35.39000
     -15.49828      35.20000     -35.20000
     -15.46528      28.73000     -28.73000
     -15.43328      20.39000     -20.39000
     -15.40128      21.39000     -21.39000
     -15.36928      34.80000     -34.80000
     -15.33728      41.11000     -41.11000
     -15.30428      30.31000     -30.31000
     -15.27228      20.80000     -20.80000
     -15.24028      20.43000     -20.43000
     -15.20828      20.02000     -20.02000
     -15.17528      15.73000     -15.73000
     -15.14328      12.18000     -12.18000
     -15.11128      14.74000     -14.74000
     -15.07928      26.19000     -26.19000
     -15.04728      46.36000     -46.36000
     -15.01428      63.38000     -63.38000
     -14.98228      57.95000     -57.95000
     -14.95028      46.57000     -46.57000
     -14.91828      48.77000     -48.77000
     -14.88628      48.57000     -48.57000
     -14.85328      38.37000     -38.37000
     -14.82128      33.58000     -33.58000
     -14.78928      37.25000     -37.25000
     -14.75728      41.61000     -41.61000
     -14.72428      46.85000     -46.85000
     -14.69228      48.14000     -48.14000
     -14.66028      39.40000     -39.40000
     -14.62828      27.88000     -27.88000
     -14.59628      20.89000     -20.89000
     -14.56328      17.40000     -17.40000
     -14.53128      13.17000     -13.17000
     -14.49928      12.76000     -12.76000
     -14.46728      20.52000     -20.52000
     -14.43528      32.36000     -32.36000
     -14.40228      42.84000     -42.84000
     -14.37028      47.37000     -47.37000
     -14.33828      46.94000     -46.94000
     -14.30628      49.12000     -49.12000
     -14.27328      50.25000     -50.25000
     -14.24128      42.27000     -42.27000
     -14.20928      26.57000     -26.57000
     -14.17728      12.30000     -12.30000
     -14.14528       8.24800      -8.24800
     -14.11228      13.14000     -13.14000
     -14.08028      22.05000     -22.05000
     -14.04828      34.62000     -34.62000
     -14.01628      46.53000     -46.53000
     -13.98428      44.01000     -44.01000
     -13.95128      34.92000     -34.92000
     -13.91928      37.38000     -37.38000
     -13.88728      44.26000     -44.26000
     -13.85528      41.81000     -41.81000
     -13.82228      33.11000     -33.11000
     -13.79028      21.86000     -21.86000
     -13.75828      10.87000     -10.87000
     -13.72628       5.31500      -5.31500
     -13.69428       4.43100      -4.43100
     -13.66128       5.44500      -5.44500
     -13.62928       6.63600      -6.63600
     -13.59728       5.76700      -5.76700
     -13.56528       2.88400      -2.88400
     -13.53328       0.80490      -0.80490
     -13.50028       0.89570      -0.89570
     -13.46828       4.97000      -4.97000
     -13.43628      14.37000     -14.37000
     -13.40428      20.00000     -20.00000
     -13.37128      14.24000     -14.24000
     -13.33928       5.83600      -5.83600
     -13.30728       1.53500      -1.53500
     -13.27528       0.25800      -0.25800
     -13.24328       0.20350      -0.20350
     -13.21028       1.90000      -1.90000
     -13.17828       9.29800      -9.29800
     -13.14628      22.20000     -22.20000
     -13.11428      29.37000     -29.37000
     -13.08228      30.44000     -30.44000
     -13.04928      33.44000     -33.44000
     -13.01728      34.40000     -34.40000
     -12.98528      33.97000     -33.97000
     -12.95328      32.55000     -32.55000
     -12.92028      28.19000     -28.19000
     -12.88828      24.72000     -24.72000
     -12.85628      21.64000     -21.64000
     -12.82428      24.18000     -24.18000
     -12.79228      34.71000     -34.71000
     -12.75928      38.80000     -38.80000
     -12.72728      33.18000     -33.18000
     -12.69528      30.64000     -30.64000
     -12.66328      33.16000     -33.16000
     -12.63128      32.04000     -32.04000
     -12.59828      28.54000     -28.54000
     -12.56628      25.23000     -25.23000
     -12.53428      24.54000     -24.54000
     -12.50228      25.48000     -25.48000
     -12.46928      21.33000     -21.33000
     -12.43728      18.98000     -18.98000
     -12.40528      25.03000     -25.03000
     -12.37328      34.44000     -34.44000
     -12.34128      38.65000     -38.65000
     -12.30828      34.53000     -34.53000
     -12.27628      29.84000     -29.84000
     -12.24428      28.82000     -28.82000
     -12.21228      28.11000     -28.11000
     -12.18028      33.93000     -33.93000
     -12.14728      43.52000     -43.52000
     -12.11528      40.15000     -40.15000
     -12.08328      25.78000     -25.78000
     -12.05128      17.45000     -17.45000
     -12.01828      22.03000     -22.03000
     -11.98628      33.12000     -33.12000
     -11.95428      37.54000     -37.54000
     -11.92228      34.58000     -34.58000
     -11.89028      33.15000     -33.15000
     -11.85728      32.07000     -32.07000
     -11.82528      26.84000     -26.84000
     -11.79328      20.13000     -20.13000
     -11.76128      17.21000     -17.21000
     -11.72928      15.26000     -15.26000
     -11.69628      10.20000     -10.20000
     -11.66428       5.71100      -5.71100
     -11.63228       4.95100      -4.95100
     -11.60028       8.40600      -8.40600
     -11.56728      14.65000     -14.65000
     -11.53528      18.34000     -18.34000
     -11.50328      16.22000     -16.22000
     -11.47128      12.56000     -12.56000
     -11.43928      13.18000     -13.18000
     -11.40628      18.58000     -18.58000
     -11.37428      27.37000     -27.37000
     -11.34228      34.75000     -34.75000
     -11.31028      33.49000     -33.49000
     -11.27828      28.13000     -28.13000
     -11.24528      23.37000     -23.37000
     -11.21328      21.79000     -21.79000
     -11.18128      27.49000     -27.49000
     -11.14928      31.89000     -31.89000
     -11.11628      28.29000     -28.29000
     -11.08428      25.89000     -25.89000
     -11.05228      28.42000     -28.42000
     -11.02028      32.07000     -32.07000
     -10.98828      33.03000     -33.03000
     -10.95528      31.23000     -31.23000
     -10.92328      27.44000     -27.44000
     -10.89128      22.42000     -22.42000
     -10.85928      22.19000     -22.19000
     -10.82728      29.50000     -29.50000
     -10.79428      36.94000     -36.94000
     -10.76228      38.81000     -38.81000
     -10.73028      38.60000     -38.60000
     -10.69828      40.37000     -40.37000
     -10.66528      39.00000     -39.00000
     -10.63328      38.17000     -38.17000
     -10.60128      44.24000     -44.24000
     -10.56928      46.40000     -46.40000
     -10.53728      38.51000     -38.51000
     -10.50428      31.17000     -31.17000
     -10.47228      26.36000     -26.36000
     -10.44028      19.12000     -19.12000
     -10.40828      12.00000     -12.00000
     -10.37628       8.57000      -8.57000
     -10.34328       9.89800      -9.89800
     -10.31128      17.94000     -17.94000
     -10.27928      26.80000     -26.80000
     -10.24728      26.60000     -26.60000
     -10.21428      26.19000     -26.19000
     -10.18228      34.32000     -34.32000
     -10.15028      38.34000     -38.34000
     -10.11828      32.20000     -32.20000
     -10.08628      26.85000     -26.85000
     -10.05328      26.18000     -26.18000
     -10.02128      24.49000     -24.49000
      -9.98928      17.74000     -17.74000
      -9.95728      10.26000     -10.26000
      -9.92528      13.92000     -13.92000
      -9.89228      28.02000     -28.02000
      -9.86028      36.90000     -36.90000
      -9.82828      39.09000     -39.09000
      -9.79628      40.14000     -40.14000
      -9.76328      33.16000     -33.16000
      -9.73128      23.07000     -23.07000
      -9.69928      22.98000     -22.98000
      -9.66728      35.24000     -35.24000
      -9.63528      47.74000     -47.74000
      -9.60228      50.47000     -50.47000
      -9.57028      51.70000     -51.70000
      -9.53828      52.42000     -52.42000
      -9.50628      43.93000     -43.93000
      -9.47428      33.77000     -33.77000
      -9.44128      29.78000     -29.78000
      -9.40928      28.11000     -28.11000
      -9.37728      29.11000     -29.11000
      -9.34528      32.79000     -32.79000
      -9.31228      35.36000     -35.36000
      -9.28028      38.21000     -38.21000
      -9.24828      43.67000     -43.67000
      -9.21628      45.17000     -45.17000
      -9.18428      42.11000     -42.11000
      -9.15128      42.62000     -42.62000
      -9.11928      45.66000     -45.66000
      -9.08728      41.35000     -41.35000
      -9.05528      28.54000     -28.54000
      -9.02328      14.62000     -14.62000
      -8.99028       5.96600      -5.96600
      -8.95828       3.54700      -3.54700
      -8.92628       4.88400      -4.88400
      -8.89428      10.90000     -10.90000
      -8.86128      20.20000     -20.20000
      -8.82928      25.63000     -25.63000
      -8.79728      24.52000     -24.52000
      -8.76528      19.97000     -19.97000
      -8.73328      17.64000     -17.64000
      -8.70028      19.67000     -19.67000
      -8.66828      24.00000     -24.00000
      -8.63628      29.37000     -29.37000
      -8.60428      31.97000     -31.97000
      -8.57228      34.49000     -34.49000
      -8.53928      45.84000     -45.84000
      -8.50728      55.27000     -55.27000
      -8.47528      51.24000     -51.24000
      -8.44328      39.92000     -39.92000
      -8.41028      32.41000     -32.41000
      -8.37828      35.88000     -35.88000
      -8.34628      41.38000     -41.38000
      -8.31428      38.80000     -38.80000
      -8.28228      35.34000     -35.34000
      -8.24928      37.78000     -37.78000
      -8.21728      41.94000     -41.94000
      -8.18528      44.42000     -44.42000
      -8.15328      44.21000     -44.21000
      -8.12128      38.48000     -38.48000
      -8.08828      32.94000     -32.94000
      -8.05628      35.62000     -35.62000
      -8.02428      43.95000     -43.95000
      -7.99228      57.25000     -57.25000
      -7.95928      73.15000     -73.15000
      -7.92728      83.19000     -83.19000
      -7.89528      82.95000     -82.95000
      -7.86328      70.36000     -70.36000
      -7.83128      51.94000     -51.94000
      -7.79828      40.72000     -40.72000
      -7.76628      38.75000     -38.75000
      -7.73428      40.07000     -40.07000
      -7.70228      38.52000     -38.52000
      -7.67028      32.55000     -32.55000
      -7.63728      29.88000     -29.88000
      -7.60528      33.76000     -33.76000
      -7.57328      38.36000     -38.36000
      -7.54128      44.50000     -44.50000
      -7.50828      52.80000     -52.80000
      -7.47628      50.69000     -50.69000
      -7.44428      38.03000     -38.03000
      -7.41228      36.54000     -36.54000
      -7.38028      42.71000     -42.71000
      -7.34728      32.22000     -32.22000
      -7.31528      16.13000     -16.13000
      -7.28328      15.84000     -15.84000
      -7.25128      23.32000     -23.32000
      -7.21928      22.97000     -22.97000
      -7.18628      21.73000     -21.73000
      -7.15428      30.24000     -30.24000
      -7.12228      43.15000     -43.15000
      -7.09028      52.21000     -52.21000
      -7.05728      57.59000     -57.59000
      -7.02528      57.35000     -57.35000
      -6.99328      46.35000     -46.35000
      -6.96128      33.79000     -33.79000
      -6.92928      23.76000     -23.76000
      -6.89628      16.97000     -16.97000
      -6.86428      18.89000     -18.89000
      -6.83228      27.21000     -27.21000
      -6.80028      36.66000     -36.66000
      -6.76828      43.82000     -43.82000
      -6.73528      44.57000     -44.57000
      -6.70328      37.82000     -37.82000
      -6.67128      30.61000     -30.61000
      -6.63928      32.98000     -32.98000
      -6.60628      40.50000     -40.50000
      -6.57428      46.70000     -46.70000
      -6.54228      52.56000     -52.56000
      -6.51028      66.15000     -66.15000
      -6.47828      89.26000     -89.26000
      -6.44528      99.90000     -99.90000
      -6.41328      97.83000     -97.83000
      -6.38128      94.01000     -94.01000
      -6.34928      90.21000     -90.21000
      -6.31728      93.19000     -93.19000
      -6.28428      94.25000     -94.25000
      -6.25228      85.92000     -85.92000
      -6.22028      72.65000     -72.65000
      -6.18828      59.18000     -59.18000
      -6.15528      52.81000     -52.81000
      -6.12328      59.05000     -59.05000
      -6.09128      72.03000     -72.03000
      -6.05928      78.83000     -78.83000
      -6.02728      77.00000     -77.00000
      -5.99428      68.94000     -68.94000
      -5.96228      65.78000     -65.78000
      -5.93028      80.93000     -80.93000
      -5.89828     105.40000    -105.40000
      -5.86628     114.40000    -114.40000
      -5.83328     100.40000    -100.40000
      -5.80128      82.36000     -82.36000
      -5.76928      88.36000     -88.36000
      -5.73728      98.47000     -98.47000
      -5.70428      82.66000     -82.66000
      -5.67228      63.95000     -63.95000
      -5.64028      60.74000     -60.74000
      -5.60828      65.33000     -65.33000
      -5.57628      72.35000     -72.35000
      -5.54328      80.90000     -80.90000
      -5.51128      84.63000     -84.63000
      -5.47928      85.47000     -85.47000
      -5.44728      89.31000     -89.31000
      -5.41528      92.15000     -92.15000
      -5.38228      86.22000     -86.22000
      -5.35028      86.66000     -86.66000
      -5.31828     110.20000    -110.20000
      -5.28628     118.00000    -118.00000
      -5.25328      84.84000     -84.84000
      -5.22128      46.86000     -46.86000
      -5.18928      44.80000     -44.80000
      -5.15728      89.65000     -89.65000
      -5.12528     145.30000    -145.30000
      -5.09228     143.90000    -143.90000
      -5.06028      87.94000     -87.94000
      -5.02828      48.31000     -48.31000
      -4.99628      45.84000     -45.84000
      -4.96428      48.43000     -48.43000
      -4.93128      41.89000     -41.89000
      -4.89928      38.19000     -38.19000
      -4.86728      40.08000     -40.08000
      -4.83528      47.40000     -47.40000
      -4.80228      59.82000     -59.82000
      -4.77028      63.41000     -63.41000
      -4.73828      50.78000     -50.78000
      -4.70628      37.05000     -37.05000
      -4.67428      37.06000     -37.06000
      -4.64128      40.33000     -40.33000
      -4.60928      42.54000     -42.54000
      -4.57728      47.99000     -47.99000
      -4.54528      51.34000     -51.34000
      -4.51328      45.17000     -45.17000
      -4.48028      36.06000     -36.06000
      -4.44828      38.86000     -38.86000
      -4.41628      47.47000     -47.47000
      -4.38428      49.82000     -49.82000
      -4.35128      45.62000     -45.62000
      -4.31928      41.30000     -41.30000
      -4.28728      39.57000     -39.57000
      -4.25528      42.41000     -42.41000
      -4.22328      47.42000     -47.42000
      -4.19028      45.62000     -45.62000
      -4.15828      46.72000     -46.72000
      -4.12628      56.20000     -56.20000
      -4.09428      62.75000     -62.75000
      -4.06228      60.51000     -60.51000
      -4.02928      52.18000     -52.18000
      -3.99728      50.69000     -50.69000
      -3.96528      55.45000     -55.45000
      -3.93328      58.43000     -58.43000
      -3.90028      68.81000     -68.81000
      -3.86828      98.12000     -98.12000
      -3.83628     135.70000    -135.70000
      -3.80428     150.00000    -150.00000
      -3.77228     128.60000    -128.60000
      -3.73928      99.11000     -99.11000
      -3.70728      90.93000     -90.93000
      -3.67528      96.92000     -96.92000
      -3.64328     100.50000    -100.50000
      -3.61128      97.44000     -97.44000
      -3.57828      94.43000     -94.43000
      -3.54628     101.70000    -101.70000
      -3.51428     104.50000    -104.50000
      -3.48228      91.57000     -91.57000
      -3.44928      69.86000     -69.86000
      -3.41728      46.21000     -46.21000
      -3.38528      33.43000     -33.43000
      -3.35328      32.19000     -32.19000
      -3.32128      37.33000     -37.33000
      -3.28828      40.96000     -40.96000
      -3.25628      32.50000     -32.50000
      -3.22428      22.18000     -22.18000
      -3.19228      23.65000     -23.65000
      -3.16028      32.17000     -32.17000
      -3.12728      39.97000     -39.97000
      -3.09528      48.24000     -48.24000
      -3.06328      56.36000     -56.36000
      -3.03128      57.96000     -57.96000
      -2.99828      44.68000     -44.68000
      -2.96628      24.96000     -24.96000
      -2.93428      17.04000     -17.04000
      -2.90228      21.30000     -21.30000
      -2.87028      27.61000     -27.61000
      -2.83728      34.66000     -34.66000
      -2.80528      38.98000     -38.98000
      -2.77328      35.26000     -35.26000
      -2.74128      32.61000     -32.61000
      -2.70928      33.31000     -33.31000
      -2.67628      32.50000     -32.50000
      -2.64428      32.04000     -32.04000
      -2.61228      33.59000     -33.59000
      -2.58028      37.53000     -37.53000
      -2.54728      43.36000     -43.36000
      -2.51528      45.57000     -45.57000
      -2.48328      39.71000     -39.71000
      -2.45128      27.19000     -27.19000
      -2.41928      15.25000     -15.25000
      -2.38628       8.66500      -8.66500
      -2.35428       6.57100      -6.57100
      -2.32228       7.90500      -7.90500
      -2.29028      13.17000     -13.17000
      -2.25828      21.01000     -21.01000
      -2.22528      28.37000     -28.37000
      -2.19328      35.41000     -35.41000
      -2.16128      39.44000     -39.44000
      -2.12928      34.43000     -34.43000
      -2.09628      26.37000     -26.37000
      -2.06428      25.73000     -25.73000
      -2.03228      25.63000     -25.63000
      -2.00028      17.77000     -17.77000
      -1.96828      10.64000     -10.64000
      -1.93528      12.50000     -12.50000
      -1.90328      24.08000     -24.08000
      -1.87128      35.88000     -35.88000
      -1.83928      35.44000     -35.44000
      -1.80728      27.06000     -27.06000
      -1.77428      22.49000     -22.49000
      -1.74228      21.45000     -21.45000
      -1.71028      19.74000     -19.74000
      -1.67828      16.15000     -16.15000
      -1.64528      11.93000     -11.93000
      -1.61328      12.03000     -12.03000
      -1.58128      17.65000     -17.65000
      -1.54928      21.80000     -21.80000
      -1.51728      18.15000     -18.15000
      -1.48428      12.88000     -12.88000
      -1.45228      14.02000     -14.02000
      -1.42028      20.35000     -20.35000
      -1.38828      26.12000     -26.12000
      -1.35628      24.80000     -24.80000
      -1.32328      19.21000     -19.21000
      -1.29128      16.95000     -16.95000
      -1.25928      19.76000     -19.76000
      -1.22728      21.69000     -21.69000
      -1.19428      18.76000     -18.76000
      -1.16228      17.10000     -17.10000
      -1.13028      20.51000     -20.51000
      -1.09828      22.99000     -22.99000
      -1.06628      18.33000     -18.33000
      -1.03328      10.04000     -10.04000
      -1.00128       5.08400      -5.08400
      -0.96928       6.12300      -6.12300
      -0.93728      17.89000     -17.89000
      -0.90528      43.95000     -43.95000
      -0.87228      63.69000     -63.69000
      -0.84028      57.10000     -57.10000
      -0.80828      42.44000     -42.44000
      -0.77628      38.14000     -38.14000
      -0.74328      39.81000     -39.81000
      -0.71128      43.04000     -43.04000
      -0.67928      47.65000     -47.65000
      -0.64728      44.97000     -44.97000
      -0.61528      34.81000     -34.81000
      -0.58228      24.39000     -24.39000
      -0.55028      21.00000     -21.00000
      -0.51828      25.28000     -25.28000
      -0.48628      29.08000     -29.08000
      -0.45428      28.09000     -28.09000
      -0.42128      21.99000     -21.99000
      -0.38928      15.31000     -15.31000
      -0.35728      11.83000     -11.83000
      -0.32528      10.80000     -10.80000
      -0.29228      11.33000     -11.33000
      -0.26028      13.93000     -13.93000
      -0.22828      16.91000     -16.91000
      -0.19628      16.39000     -16.39000
      -0.16428      15.15000     -15.15000
      -0.13128      17.01000     -17.01000
      -0.09928      16.15000     -16.15000
      -0.06728      10.33000     -10.33000
      -0.03528       7.01000      -7.01000
      -0.00328      12.39000     -12.39000
       0.02972      25.40000     -25.40000
       0.06172      37.05000     -37.05000
       0.09372      38.12000     -38.12000
       0.12572      31.54000     -31.54000
       0.15772      23.17000     -23.17000
       0.19072      15.25000     -15.25000
       0.22272      13.06000     -13.06000
       0.25472      16.01000     -16.01000
       0.28672      18.66000     -18.66000
       0.31972      22.66000     -22.66000
       0.35172      31.09000     -31.09000
       0.38372      39.25000     -39.25000
       0.41572      40.05000     -40.05000
       0.44772      29.74000     -29.74000
       0.48072      15.75000     -15.75000
       0.51272       6.31600      -6.31600
       0.54472       1.78200      -1.78200
       0.57672       0.29130      -0.29130
       0.60872       0.02404      -0.02404
       0.64172       0.00094      -0.00094
       0.67372       0.00002      -0.00002
       0.70572       0.00000      -0.00000
       0.73772       0.00000      -0.00000
       0.77072       0.00000      -0.00000
       0.80272       0.00000      -0.00000
       0.83472       0.00000       0.00000
       0.86672       0.00000       0.00000
       0.89872       0.00000       0.00000
       0.93172       0.00000       0.00000
       0.96372       0.00000       0.00000
       0.99572       0.00000       0.00000
       1.02772       0.00000       0.00000
       1.05972       0.00000       0.00000
       1.09272       0.00000       0.00000
       1.12472       0.00000      -0.00000
       1.15672       0.00000      -0.00000
       1.18872       0.00000      -0.00000
       1.22172       0.00000      -0.00000
       1.25372       0.00024      -0.00024
       1.28572       0.00704      -0.00704
       1.31772       0.09476      -0.09476
       1.34972       0.60990      -0.60990
       1.38272       1.99400      -1.99400
       1.41472       3.81400      -3.81400
       1.44672       5.42800      -5.42800
       1.47872       7.00000      -7.00000
       1.51072       9.60800      -9.60800
       1.54372      13.93000     -13.93000
       1.57572      15.86000     -15.86000
       1.60772      13.84000     -13.84000
       1.63972      12.64000     -12.64000
       1.67272      13.62000     -13.62000
       1.70472      13.80000     -13.80000
       1.73672      14.67000     -14.67000
       1.76872      19.27000     -19.27000
       1.80072      24.53000     -24.53000
       1.83372      28.52000     -28.52000
       1.86572      29.79000     -29.79000
       1.89772      29.20000     -29.20000
       1.92972      33.66000     -33.66000
       1.96172      43.13000     -43.13000
       1.99472      47.33000     -47.33000
       2.02672      41.97000     -41.97000
       2.05872      33.29000     -33.29000
       2.09072      29.71000     -29.71000
       2.12372      28.05000     -28.05000
       2.15572      21.05000     -21.05000
       2.18772      13.13000     -13.13000
       2.21972      11.79000     -11.79000
       2.25172      14.96000     -14.96000
       2.28472      17.24000     -17.24000
       2.31672      18.83000     -18.83000
       2.34872      23.06000     -23.06000
       2.38072      32.72000     -32.72000
       2.41272      37.34000     -37.34000
       2.44572      30.35000     -30.35000
       2.47772      24.36000     -24.36000
       2.50972      25.82000     -25.82000
       2.54172      28.57000     -28.57000
       2.57472      25.91000     -25.91000
       2.60672      24.00000     -24.00000
       2.63872      27.49000     -27.49000
       2.67072      28.99000     -28.99000
       2.70272      30.74000     -30.74000
       2.73572      36.78000     -36.78000
       2.76772      37.41000     -37.41000
       2.79972      30.91000     -30.91000
       2.83172      25.99000     -25.99000
       2.86372      21.06000     -21.06000
       2.89672      15.86000     -15.86000
       2.92872      15.14000     -15.14000
       2.96072      17.81000     -17.81000
       2.99272      20.52000     -20.52000
       3.02572      22.62000     -22.62000
       3.05772      26.10000     -26.10000
       3.08972      30.80000     -30.80000
       3.12172      30.48000     -30.48000
       3.15372      21.42000     -21.42000
       3.18672      12.56000     -12.56000
       3.21872       9.66300      -9.66300
       3.25072      10.09000     -10.09000
       3.28272      10.44000     -10.44000
       3.31472       9.62400      -9.62400
       3.34772      11.18000     -11.18000
       3.37972      21.59000     -21.60000
       3.41172      37.65000     -37.66000
       3.44372      41.47000     -41.47000
       3.47672      32.98000     -32.96000
       3.50872      33.73000     -33.70000
       3.54072      39.45000     -39.45000
       3.57272      27.85000     -27.87000
       3.60472       9.63800      -9.65400
       3.63772       1.76800      -1.77200
       3.66972       2.74000      -2.74200
       3.70172      15.42000     -15.42000
       3.73372      43.72000     -43.72000
       3.76572      66.42000     -66.40000
       3.79872      72.41000     -72.38000
       3.83072      82.00000     -82.00000
       3.86272      92.42000     -92.45000
       3.89472      88.12000     -88.14000
       3.92772      73.03000     -73.03000
       3.95972      55.68000     -55.68000
       3.99172      40.61000     -40.61000
       4.02372      36.43000     -36.43000
       4.05572      36.40000     -36.40000
       4.08872      31.99000     -31.99000
       4.12072      27.84000     -27.83000
       4.15272      28.66000     -28.65000
       4.18472      28.55000     -28.54000
       4.21672      26.55000     -26.56000
       4.24972      29.04000     -29.07000
       4.28172      38.29000     -38.30000
       4.31372      50.63000     -50.63000
       4.34572      53.17000     -53.15000
       4.37872      48.05000     -48.03000
       4.41072      45.28000     -45.27000
       4.44272      43.59000     -43.59000
       4.47472      47.50000     -47.50000
       4.50672      60.28000     -60.27000
       4.53972      72.36000     -72.36000
       4.57172      78.45000     -78.48000
       4.60372      84.24000     -84.23000
       4.63572      93.31000     -93.19000
       4.66772      86.69000     -86.62000
       4.70072      62.74000     -62.84000
       4.73272      56.67000     -56.62000
       4.76472      78.16000     -77.70000
       4.79672      96.24000     -95.74000
       4.82972      96.88000     -96.94000
       4.86172      93.21000     -93.61000
       4.89372      87.16000     -87.26000
       4.92572      79.45000     -79.80000
       4.95772      73.22000     -74.76000
       4.99072      68.98000     -71.75000
       5.02272      66.42000     -68.81000
       5.05472      66.93000     -67.00000
       5.08672      73.66000     -71.25000
       5.11872      79.99000     -77.53000
       5.15172      78.26000     -76.58000
       5.18372      77.01000     -74.47000
       5.21572      83.92000     -81.45000
       5.24772      90.56000     -89.78000
       5.28072      89.16000     -89.30000
       5.31272      82.58000     -82.24000
       5.34472      81.70000     -80.56000
       5.37672      88.93000     -88.62000
       5.40872      95.19000     -95.57000
       5.44172      98.22000     -97.08000
       5.47372      96.00000     -94.33000
       5.50572      85.05000     -85.19000
       5.53772      72.94000     -75.55000
       5.56972      73.28000     -75.17000
       5.60272      83.14000     -81.30000
       5.63472      83.12000     -80.38000
       5.66672      73.02000     -71.80000
       5.69872      65.14000     -65.33000
       5.73172      60.43000     -61.82000
       5.76372      59.82000     -62.30000
       5.79572      65.56000     -69.08000
       5.82772      73.54000     -76.54000
       5.85972      78.31000     -79.24000
       5.89272      79.88000     -80.68000
       5.92472      83.55000     -84.99000
       5.95672      88.98000     -88.44000
       5.98872      91.07000     -89.07000
       6.02072      92.56000     -90.22000
       6.05372      93.35000     -90.85000
       6.08572      86.94000     -86.93000
       6.11772      78.34000     -80.63000
       6.14972      77.26000     -77.08000
       6.18272      80.30000     -77.67000
       6.21472      79.01000     -78.52000
       6.24672      72.80000     -76.12000
       6.27872      68.58000     -72.49000
       6.31072      68.10000     -71.15000
       6.34372      70.03000     -72.57000
       6.37572      75.09000     -75.16000
       6.40772      79.73000     -76.96000
       6.43972      81.43000     -78.00000
       6.47172      81.67000     -79.60000
       6.50472      81.07000     -79.28000
       6.53672      77.62000     -75.82000
       6.56872      72.46000     -72.81000
       6.60072      68.47000     -70.57000
       6.63372      66.50000     -68.49000
       6.66572      66.91000     -68.06000
       6.69772      68.84000     -68.29000
       6.72972      70.58000     -68.08000
       6.76172      71.33000     -68.54000
       6.79472      71.11000     -70.07000
       6.82672      69.84000     -70.98000
       6.85872      69.45000     -70.48000
       6.89072      69.95000     -70.41000
       6.92272      69.88000     -71.99000
       6.95572      71.59000     -73.70000
       6.98772      75.25000     -74.31000
       7.01972      77.62000     -74.89000
       7.05172      77.78000     -75.74000
       7.08472      77.10000     -75.71000
       7.11672      75.51000     -74.80000
       7.14872      73.22000     -72.75000
       7.18072      70.18000     -70.99000
       7.21272      64.85000     -67.98000
       7.24572      59.72000     -62.43000
       7.27772      58.20000     -58.24000
       7.30972      58.98000     -57.78000
       7.34172      58.72000     -57.83000
       7.37372      57.15000     -57.12000
       7.40672      56.27000     -57.60000
       7.43872      55.49000     -57.05000
       7.47072      53.77000     -54.30000
       7.50272      52.65000     -51.96000
       7.53572      52.53000     -49.32000
       7.56772      51.75000     -45.83000
       7.59972      47.41000     -43.54000
       7.63172      40.66000     -42.74000
       7.66372      35.63000     -41.90000
       7.69672      33.95000     -39.92000
       7.72872      34.74000     -38.01000
       7.76072      35.99000     -37.72000
       7.79272      36.61000     -36.80000
       7.82472      36.36000     -33.30000
       7.85772      32.84000     -29.68000
       7.88972      26.88000     -28.02000
       7.92172      24.08000     -27.74000
       7.95372      24.97000     -27.57000
       7.98672      26.12000     -25.93000
       8.01872      25.92000     -23.25000
       8.05072      24.22000     -21.06000
       8.08272      21.71000     -20.17000
       8.11472      19.52000     -20.35000
       8.14772      18.25000     -20.80000
       8.17972      16.91000     -19.99000
       8.21172      15.38000     -17.08000
       8.24372      14.25000     -13.71000
       8.27572      13.11000     -11.88000
       8.30872      12.07000     -11.38000
       8.34072      11.61000     -10.55000
       8.37272      11.13000      -9.30400
       8.40472       9.48200      -7.98700
       8.43772       6.78500      -6.22000
       8.46972       4.12300      -4.06400
       8.50172       2.57800      -2.71000
       8.53372       2.12200      -2.06600
       8.56572       1.78700      -1.33600
       8.59872       1.08400      -0.72130
       8.63072       0.40640      -0.32720
       8.66272       0.08524      -0.09425
       8.69472       0.00920      -0.01385
       8.72672       0.00048      -0.00096
       8.75972       0.00001      -0.00003
       8.79172       0.00000      -0.00000
       8.82372       0.00000      -0.00000
       8.85572       0.00000      -0.00000
       8.88872       0.00000      -0.00000
       8.92072       0.00000       0.00000
       8.95272       0.00000       0.00000
       8.98472       0.00000       0.00000
       9.01672       0.00000       0.00000
       9.04972       0.00000       0.00000
       9.08172       0.00000       0.00000
       9.11372       0.00000       0.00000
       9.14572       0.00000       0.00000
       9.17772       0.00000       0.00000
       9.21072       0.00000       0.00000
       9.24272       0.00000       0.00000
       9.27472       0.00000       0.00000
       9.30672       0.00000       0.00000
       9.33972       0.00000       0.00000
       9.37172       0.00000       0.00000
       9.40372       0.00000       0.00000
       9.43572       0.00000       0.00000
       9.46772       0.00000       0.00000
       9.50072       0.00000       0.00000
       9.53272       0.00000       0.00000
       9.56472       0.00000       0.00000
       9.59672       0.00000       0.00000
       9.62872       0.00000       0.00000
       9.66172       0.00000       0.00000
       9.69372       0.00000       0.00000
       9.72572       0.00000       0.00000
       9.75772       0.00000       0.00000
       9.79072       0.00000       0.00000
       9.82272       0.00000       0.00000
       9.85472       0.00000       0.00000
       9.88672       0.00000       0.00000
       9.91872       0.00000       0.00000
       9.95172       0.00000       0.00000
       9.98372       0.00000       0.00000
      10.01572       0.00000       0.00000
      10.04772       0.00000       0.00000
