      #Energy        TDOS-UP        TDOS-DOWN
     -22.99708       0.00000       0.00000
     -22.96408       0.00000       0.00000
     -22.93108       0.00000       0.00000
     -22.89808       0.00000       0.00000
     -22.86508       0.00000       0.00000
     -22.83208       0.00000       0.00000
     -22.79908       0.00000       0.00000
     -22.76608       0.00000       0.00000
     -22.73308       0.00000       0.00000
     -22.70008       0.00000       0.00000
     -22.66708       0.00000       0.00000
     -22.63408       0.00000       0.00000
     -22.60108       0.00000       0.00000
     -22.56808       0.00000       0.00000
     -22.53608       0.00000       0.00000
     -22.50308       0.00000       0.00000
     -22.47008       0.00000       0.00000
     -22.43708       0.00000       0.00000
     -22.40408       0.00000       0.00000
     -22.37108       0.00000       0.00000
     -22.33808       0.00000       0.00000
     -22.30508       0.00000       0.00000
     -22.27208       0.00000       0.00000
     -22.23908       0.00000       0.00000
     -22.20608       0.00000       0.00000
     -22.17308       0.00000       0.00000
     -22.14008       0.00000       0.00000
     -22.10708       0.00000       0.00000
     -22.07408       0.00000       0.00000
     -22.04108       0.00000       0.00000
     -22.00808       0.00000       0.00000
     -21.97508       0.00000       0.00000
     -21.94208       0.00000       0.00000
     -21.90908       0.00000       0.00000
     -21.87608       0.00000       0.00000
     -21.84308       0.00000       0.00000
     -21.81008       0.00000       0.00000
     -21.77708       0.00000      -0.00000
     -21.74508       0.00000      -0.00000
     -21.71208       0.00000      -0.00000
     -21.67908       0.00000      -0.00000
     -21.64608       0.00005      -0.00001
     -21.61308       0.00188      -0.00070
     -21.58008       0.03487      -0.01628
     -21.54708       0.31097      -0.17819
     -21.51408       1.42465      -0.97993
     -21.48108       3.69897      -2.96109
     -21.44808       6.14402      -5.51572
     -21.41508       7.53439      -7.26337
     -21.38208       7.93891      -7.88261
     -21.34908       7.99627      -7.99107
     -21.31608       8.00007      -8.00004
     -21.28308       8.00019      -8.00038
     -21.25008       8.00019      -8.00039
     -21.21708       8.00019      -8.00039
     -21.18408       8.00019      -8.00039
     -21.15108       8.00019      -8.00039
     -21.11808       8.00019      -8.00039
     -21.08508       8.00019      -8.00039
     -21.05208       8.00019      -8.00039
     -21.01908       8.00019      -8.00039
     -20.98608       8.00019      -8.00039
     -20.95308       8.00019      -8.00039
     -20.92108       8.00019      -8.00039
     -20.88808       8.00019      -8.00039
     -20.85508       8.00019      -8.00039
     -20.82208       8.00019      -8.00039
     -20.78908       8.00019      -8.00039
     -20.75608       8.00019      -8.00039
     -20.72308       8.00019      -8.00039
     -20.69008       8.00019      -8.00039
     -20.65708       8.00019      -8.00039
     -20.62408       8.00019      -8.00039
     -20.59108       8.00019      -8.00039
     -20.55808       8.00019      -8.00039
     -20.52508       8.00019      -8.00039
     -20.49208       8.00019      -8.00039
     -20.45908       8.00019      -8.00039
     -20.42608       8.00019      -8.00039
     -20.39308       8.00019      -8.00039
     -20.36008       8.00019      -8.00039
     -20.32708       8.00019      -8.00039
     -20.29408       8.00019      -8.00039
     -20.26108       8.00019      -8.00039
     -20.22808       8.00019      -8.00039
     -20.19508       8.00019      -8.00039
     -20.16208       8.00019      -8.00039
     -20.13008       8.00019      -8.00039
     -20.09708       8.00019      -8.00039
     -20.06408       8.00019      -8.00039
     -20.03108       8.00019      -8.00039
     -19.99808       8.00019      -8.00039
     -19.96508       8.00019      -8.00039
     -19.93208       8.00019      -8.00039
     -19.89908       8.00019      -8.00039
     -19.86608       8.00019      -8.00039
     -19.83308       8.00019      -8.00039
     -19.80008       8.00019      -8.00039
     -19.76708       8.00019      -8.00039
     -19.73408       8.00019      -8.00039
     -19.70108       8.00019      -8.00039
     -19.66808       8.00019      -8.00039
     -19.63508       8.00019      -8.00039
     -19.60208       8.00019      -8.00039
     -19.56908       8.00019      -8.00039
     -19.53608       8.00019      -8.00039
     -19.50308       8.00019      -8.00039
     -19.47008       8.00019      -8.00039
     -19.43708       8.00019      -8.00039
     -19.40408       8.00019      -8.00039
     -19.37108       8.00019      -8.00039
     -19.33908       8.00019      -8.00039
     -19.30608       8.00019      -8.00039
     -19.27308       8.00019      -8.00039
     -19.24008       8.00019      -8.00039
     -19.20708       8.00019      -8.00039
     -19.17408       8.00019      -8.00039
     -19.14108       8.00019      -8.00039
     -19.10808       8.00019      -8.00039
     -19.07508       8.00019      -8.00039
     -19.04208       8.00019      -8.00039
     -19.00908       8.00019      -8.00039
     -18.97608       8.00019      -8.00039
     -18.94308       8.00019      -8.00039
     -18.91008       8.00019      -8.00039
     -18.87708       8.00019      -8.00039
     -18.84408       8.00019      -8.00039
     -18.81108       8.00019      -8.00039
     -18.77808       8.00019      -8.00039
     -18.74508       8.00019      -8.00039
     -18.71208       8.00019      -8.00039
     -18.67908       8.00019      -8.00039
     -18.64608       8.00019      -8.00039
     -18.61308       8.00019      -8.00039
     -18.58008       8.00019      -8.00039
     -18.54708       8.00022      -8.00040
     -18.51508       8.00122      -8.00067
     -18.48208       8.01589      -8.00598
     -18.44908       8.12685      -8.05821
     -18.41608       8.59819      -8.33693
     -18.38308       9.80548      -9.20984
     -18.35008      11.76570     -10.91052
     -18.31708      13.86798     -13.05334
     -18.28408      15.51246     -14.90134
     -18.25108      16.78862     -16.24540
     -18.21808      18.12049     -17.49025
     -18.18508      19.63165     -18.94027
     -18.15208      21.11974     -20.48340
     -18.11908      22.37613     -21.85976
     -18.08608      23.34841     -22.94642
     -18.05308      24.12278     -23.78703
     -18.02008      24.83914     -24.51888
     -17.98708      25.51842     -25.22337
     -17.95408      26.16853     -25.87134
     -17.92108      27.06996     -26.61473
     -17.88808      28.49592     -27.81262
     -17.85508      30.14172     -29.44902
     -17.82208      31.33845     -30.91108
     -17.78908      31.85521     -31.70390
     -17.75608      31.98176     -31.95287
     -17.72408      32.00073     -31.99684
     -17.69108      32.03532     -32.00986
     -17.65808      32.29107     -32.10982
     -17.62508      33.23896     -32.64072
     -17.59208      35.02632     -34.04279
     -17.55908      36.82125     -35.97286
     -17.52608      37.87758     -37.43145
     -17.49308      38.51336     -38.20466
     -17.46008      39.21373     -38.85098
     -17.42708      39.98151     -39.60623
     -17.39408      40.78158     -40.39329
     -17.36108      41.66785     -41.25236
     -17.32808      42.49528     -42.14209
     -17.29508      43.09364     -42.85235
     -17.26208      43.54848     -43.34129
     -17.22908      44.09477     -43.80370
     -17.19608      44.83057     -44.44212
     -17.16308      45.56770     -45.20610
     -17.13008      46.15947     -45.86544
     -17.09708      46.76608     -46.42821
     -17.06408      47.54786     -47.10947
     -17.03108      48.52608     -47.99656
     -16.99808      49.70683     -49.10348
     -16.96508      50.85940     -50.33070
     -16.93308      51.60575     -51.30875
     -16.90008      51.90754     -51.80412
     -16.86708      51.98565     -51.96282
     -16.83408      51.99844     -51.99566
     -16.80108      51.99962     -51.99977
     -16.76808      51.99968     -52.00004
     -16.73508      51.99971     -52.00005
     -16.70208      52.00072     -52.00045
     -16.66908      52.01614     -52.00796
     -16.63608      52.12652     -52.07450
     -16.60308      52.52091     -52.36280
     -16.57008      53.29280     -53.02725
     -16.53708      54.25306     -53.95686
     -16.50408      55.19123     -54.91925
     -16.47108      56.00762     -55.78706
     -16.43808      56.62708     -56.46024
     -16.40508      57.16810     -56.97967
     -16.37208      57.94543     -57.62105
     -16.33908      59.17760     -58.65925
     -16.30608      60.72188     -60.11521
     -16.27308      62.09478     -61.61302
     -16.24008      63.02587     -62.72258
     -16.20708      63.69295     -63.46778
     -16.17408      64.26001     -64.06400
     -16.14208      64.73429     -64.56663
     -16.10908      65.10890     -64.97449
     -16.07608      65.37827     -65.28065
     -16.04308      65.59512     -65.50167
     -16.01008      65.92248     -65.75400
     -15.97708      66.53189     -66.23286
     -15.94408      67.34944     -66.99223
     -15.91108      68.16681     -67.82806
     -15.87808      69.08834     -68.67857
     -15.84508      70.39417     -69.80806
     -15.81208      71.96977     -71.32038
     -15.77908      73.28383     -72.80946
     -15.74608      74.11489     -73.84436
     -15.71308      74.81543     -74.57341
     -15.68008      75.70350     -75.37448
     -15.64708      76.74715     -76.33490
     -15.61408      77.78996     -77.33684
     -15.58108      78.76538     -78.31012
     -15.54808      79.62873     -79.22407
     -15.51508      80.40442     -80.01705
     -15.48208      81.34210     -80.82273
     -15.44908      82.55449     -81.90164
     -15.41608      83.73771     -83.15325
     -15.38308      84.60040     -84.19705
     -15.35008      85.21591     -84.90550
     -15.31808      85.86355     -85.48690
     -15.28508      86.80650     -86.23605
     -15.25208      88.06800     -87.34034
     -15.21908      89.26210     -88.63298
     -15.18608      90.01867     -89.65157
     -15.15308      90.51486     -90.24549
     -15.12008      91.30324     -90.82309
     -15.08708      92.80056     -91.93578
     -15.05408      94.86872     -93.76928
     -15.02108      96.79170     -95.86892
     -14.98808      97.95399     -97.45787
     -14.95508      98.48859     -98.25448
     -14.92208      98.98214     -98.69514
     -14.88908      99.89659     -99.36074
     -14.85608     101.30179    -100.54825
     -14.82308     102.77653    -102.06831
     -14.79008     103.83368    -103.37265
     -14.75708     104.50818    -104.18904
     -14.72408     105.29326    -104.83503
     -14.69108     106.59596    -105.84374
     -14.65808     108.29548    -107.39593
     -14.62508     109.85954    -109.10435
     -14.59208     110.92592    -110.43638
     -14.55908     111.64475    -111.28985
     -14.52708     112.35864    -111.98594
     -14.49408     113.13185    -112.75108
     -14.46108     113.85513    -113.50897
     -14.42808     114.57496    -114.21626
     -14.39508     115.40008    -114.98717
     -14.36208     116.34781    -115.89090
     -14.32908     117.35140    -116.89367
     -14.29608     118.33160    -117.88788
     -14.26308     119.41957    -118.89180
     -14.23008     120.82312    -120.15182
     -14.19708     122.39542    -121.71126
     -14.16408     123.79485    -123.23857
     -14.13108     124.86519    -124.46942
     -14.09808     125.55436    -125.32701
     -14.06508     125.87938    -125.78952
     -14.03208     126.00657    -125.96878
     -13.99908     126.18918    -126.09421
     -13.96608     126.74694    -126.46514
     -13.93308     127.88484    -127.37925
     -13.90008     129.32811    -128.77242
     -13.86708     130.52155    -130.11483
     -13.83408     131.28817    -131.02318
     -13.80108     131.91752    -131.64956
     -13.76808     132.73341    -132.36493
     -13.73608     133.73042    -133.31579
     -13.70308     134.65557    -134.30340
     -13.67008     135.39187    -135.11584
     -13.63708     136.01611    -135.76694
     -13.60408     136.61184    -136.36053
     -13.57108     137.21614    -136.96005
     -13.53808     137.84120    -137.58890
     -13.50508     138.41765    -138.19979
     -13.47208     138.88468    -138.69863
     -13.43908     139.30968    -139.11819
     -13.40608     139.68900    -139.52622
     -13.37308     139.91278    -139.83274
     -13.34008     139.98483    -139.96635
     -13.30708     139.99641    -139.99647
     -13.27408     139.99759    -139.99980
     -13.24108     140.00266    -140.00130
     -13.20808     140.04302    -140.01661
     -13.17508     140.20709    -140.10257
     -13.14208     140.58340    -140.35958
     -13.10908     141.17138    -140.82776
     -13.07608     141.98019    -141.49057
     -13.04308     143.01345    -142.39364
     -13.01008     144.11114    -143.47897
     -12.97708     145.23043    -144.58029
     -12.94508     146.56476    -145.78510
     -12.91208     148.09932    -147.23924
     -12.87908     149.57159    -148.77726
     -12.84608     150.81843    -150.15675
     -12.81308     151.81774    -151.28576
     -12.78008     152.59474    -152.16345
     -12.74708     153.19838    -152.84570
     -12.71408     153.68568    -153.40517
     -12.68108     154.16309    -153.91604
     -12.64808     154.74448    -154.47699
     -12.61508     155.49363    -155.14721
     -12.58208     156.49344    -155.98222
     -12.54908     157.73549    -157.06096
     -12.51608     159.01676    -158.30747
     -12.48308     160.23954    -159.55529
     -12.45008     161.50153    -160.80327
     -12.41708     162.76797    -162.07383
     -12.38408     163.96075    -163.26925
     -12.35108     165.20593    -164.41490
     -12.31808     166.60734    -165.66074
     -12.28508     168.00068    -167.03397
     -12.25208     169.06673    -168.34639
     -12.21908     169.74518    -169.32395
     -12.18608     170.43748    -170.01575
     -12.15308     171.53402    -170.88422
     -12.12108     172.78086    -172.11671
     -12.08808     173.62361    -173.23665
     -12.05508     174.02128    -173.85611
     -12.02208     174.29533    -174.17115
     -11.98908     174.60391    -174.47119
     -11.95608     174.92862    -174.80753
     -11.92308     175.27399    -175.15706
     -11.89008     175.74217    -175.59162
     -11.85708     176.40168    -176.20828
     -11.82408     177.12034    -176.93173
     -11.79108     177.70058    -177.55383
     -11.75808     178.14750    -178.00800
     -11.72508     178.65243    -178.45410
     -11.69208     179.39252    -179.09317
     -11.65908     180.46138    -180.03727
     -11.62608     181.77528    -181.27092
     -11.59308     183.04897    -182.57148
     -11.56008     184.13909    -183.71201
     -11.52708     185.15207    -184.72451
     -11.49408     186.15864    -185.72679
     -11.46108     187.11807    -186.71291
     -11.42808     188.02246    -187.64103
     -11.39508     188.98222    -188.59519
     -11.36208     190.08881    -189.70656
     -11.33008     191.17497    -190.86210
     -11.29708     192.02102    -191.79417
     -11.26408     192.72947    -192.51119
     -11.23108     193.57503    -193.28177
     -11.19808     194.67981    -194.29542
     -11.16508     195.91082    -195.50056
     -11.13208     197.02664    -196.66680
     -11.09908     197.95756    -197.64354
     -11.06608     198.83196    -198.50310
     -11.03308     199.77722    -199.40370
     -11.00008     200.78081    -200.40944
     -10.96708     201.65076    -201.37184
     -10.93408     202.23166    -202.05853
     -10.90108     202.68731    -202.50183
     -10.86808     203.36528    -203.02291
     -10.83508     204.44402    -203.89879
     -10.80208     205.77951    -205.13540
     -10.76908     207.03969    -206.47040
     -10.73608     208.01873    -207.60303
     -10.70308     208.73245    -208.44002
     -10.67008     209.30264    -209.06442
     -10.63708     209.97203    -209.66246
     -10.60408     211.07994    -210.53587
     -10.57108     212.79380    -211.95952
     -10.53908     214.83362    -213.88119
     -10.50608     216.69975    -215.87486
     -10.47308     218.22343    -217.58658
     -10.44008     219.57326    -219.04534
     -10.40708     220.81812    -220.36764
     -10.37408     221.87791    -221.51395
     -10.34108     222.74060    -222.44092
     -10.30808     223.52585    -223.23111
     -10.27508     224.39349    -224.05277
     -10.24208     225.36165    -224.99341
     -10.20908     226.26225    -225.94427
     -10.17608     226.92489    -226.70744
     -10.14308     227.36357    -227.21566
     -10.11008     227.71936    -227.57346
     -10.07708     228.13102    -227.93242
     -10.04408     228.71093    -228.42894
     -10.01108     229.49436    -229.14497
      -9.97808     230.42182    -230.04046
      -9.94508     231.52001    -231.07932
      -9.91208     232.79897    -232.31297
      -9.87908     233.97643    -233.57711
      -9.84608     234.81572    -234.55796
      -9.81308     235.44227    -235.25108
      -9.78008     236.01542    -235.84319
      -9.74708     236.55858    -236.38734
      -9.71508     237.21908    -236.97203
      -9.68208     238.23569    -237.84165
      -9.64908     239.62589    -239.10726
      -9.61608     241.22291    -240.63985
      -9.58308     242.88898    -242.28977
      -9.55008     244.47562    -243.92353
      -9.51708     245.82545    -245.36680
      -9.48408     246.87864    -246.52678
      -9.45108     247.64230    -247.39855
      -9.41808     248.25286    -248.05789
      -9.38508     249.00300    -248.76057
      -9.35208     250.05406    -249.74093
      -9.31908     251.25574    -250.91278
      -9.28608     252.42264    -252.06370
      -9.25308     253.53253    -253.16617
      -9.22008     254.55409    -254.22596
      -9.18708     255.45535    -255.16727
      -9.15408     256.42038    -256.07775
      -9.12108     257.66260    -257.21549
      -9.08808     258.99908    -258.55065
      -9.05508     260.09430    -259.74013
      -9.02208     260.96590    -260.66957
      -8.98908     261.84969    -261.54133
      -8.95608     262.85592    -262.52070
      -8.92408     263.93845    -263.60324
      -8.89108     264.92870    -264.65083
      -8.85808     265.63583    -265.45602
      -8.82508     266.08028    -265.96160
      -8.79208     266.49589    -266.35365
      -8.75908     267.08651    -266.87670
      -8.72608     267.80089    -267.57181
      -8.69308     268.49764    -268.28734
      -8.66008     269.31552    -269.06467
      -8.62708     270.50731    -270.16418
      -8.59408     272.06642    -271.64502
      -8.56108     273.85295    -273.37289
      -8.52808     275.66536    -275.19040
      -8.49508     277.13829    -276.78132
      -8.46208     278.05866    -277.85462
      -8.42908     278.58403    -278.46617
      -8.39608     279.05962    -278.93106
      -8.36308     279.82295    -279.60886
      -8.33008     281.05544    -280.72764
      -8.29708     282.74227    -282.31263
      -8.26408     284.72063    -284.23133
      -8.23108     286.82554    -286.30477
      -8.19808     288.99357    -288.45450
      -8.16508     291.04872    -290.55612
      -8.13308     292.73027    -292.33837
      -8.10008     294.03413    -293.71490
      -8.06708     295.13775    -294.85131
      -8.03408     296.12042    -295.86002
      -8.00108     297.03090    -296.76540
      -7.96808     298.10536    -297.74329
      -7.93508     299.70650    -299.16216
      -7.90208     301.92776    -301.24499
      -7.86908     304.31513    -303.66433
      -7.83608     306.45383    -305.89334
      -7.80308     308.52100    -307.96925
      -7.77008     310.62476    -310.10102
      -7.73708     312.53011    -312.09750
      -7.70408     314.24315    -313.87003
      -7.67108     315.83226    -315.51022
      -7.63808     317.14187    -316.86170
      -7.60508     318.40156    -317.91671
      -7.57208     320.31581    -319.28186
      -7.53908     323.04974    -321.62507
      -7.50608     326.24312    -324.83971
      -7.47308     329.95922    -328.47506
      -7.44008     334.01151    -332.43177
      -7.40708     337.43593    -336.26817
      -7.37408     339.63148    -339.07610
      -7.34208     340.82904    -340.60786
      -7.30908     341.60538    -341.45836
      -7.27608     342.43298    -342.26322
      -7.24308     343.41581    -343.22924
      -7.21008     344.39040    -344.21471
      -7.17708     345.30748    -345.12420
      -7.14408     346.30234    -346.07919
      -7.11108     347.44305    -347.17638
      -7.07808     348.80655    -348.47628
      -7.04508     350.48877    -350.09934
      -7.01208     352.31452    -351.93695
      -6.97908     353.99311    -353.68476
      -6.94608     355.31031    -355.08716
      -6.91308     356.29133    -356.09075
      -6.88008     357.35260    -357.06518
      -6.84708     358.76324    -358.39111
      -6.81408     360.26089    -359.91793
      -6.78108     361.47938    -361.23084
      -6.74808     362.45479    -362.24482
      -6.71508     363.50865    -363.25715
      -6.68208     364.74708    -364.45240
      -6.64908     365.96672    -365.68506
      -6.61608     366.95070    -366.72887
      -6.58308     367.64729    -367.48939
      -6.55008     368.17562    -368.04425
      -6.51808     368.75948    -368.60307
      -6.48508     369.56236    -369.36475
      -6.45208     370.59858    -370.36109
      -6.41908     371.99538    -371.64352
      -6.38608     373.98263    -373.39792
      -6.35308     376.43757    -375.52953
      -6.32008     379.09668    -377.79446
      -6.28708     381.97349    -380.35321
      -6.25408     384.98329    -383.27237
      -6.22108     387.77605    -386.08590
      -6.18808     390.24796    -388.55584
      -6.15508     392.72927    -390.97649
      -6.12208     395.44062    -393.65209
      -6.08908     398.17637    -396.50649
      -6.05608     400.77682    -399.25410
      -6.02308     403.37513    -401.98226
      -5.99008     406.18734    -404.90357
      -5.95708     409.32798    -407.95275
      -5.92408     412.56981    -411.11020
      -5.89108     415.51666    -414.28084
      -5.85808     418.30810    -417.34667
      -5.82508     421.50494    -420.60284
      -5.79208     425.02989    -424.06681
      -5.75908     428.11648    -427.10347
      -5.72708     430.36921    -429.39229
      -5.69408     432.18508    -431.24078
      -5.66108     434.16870    -433.09702
      -5.62808     436.53416    -435.38733
      -5.59508     439.08072    -438.16444
      -5.56208     441.46595    -440.83443
      -5.52908     443.54285    -442.83174
      -5.49608     445.40403    -444.28242
      -5.46308     446.98918    -445.70558
      -5.43008     448.33605    -447.20883
      -5.39708     450.20102    -448.72560
      -5.36408     453.22911    -450.82919
      -5.33108     456.83151    -454.09689
      -5.29808     459.93804    -457.94154
      -5.26508     462.26592    -461.18732
      -5.23208     464.24609    -463.53992
      -5.19908     466.33073    -465.58172
      -5.16608     468.60901    -467.71069
      -5.13308     471.07861    -469.97908
      -5.10008     473.95641    -472.64182
      -5.06708     477.41923    -475.91991
      -5.03408     481.31990    -479.66238
      -5.00108     485.00634    -483.44275
      -4.96808     487.76813    -486.64651
      -4.93608     489.53126    -488.88161
      -4.90308     490.63604    -490.24660
      -4.87008     491.32537    -491.03794
      -4.83708     491.71906    -491.49014
      -4.80408     491.99333    -491.80084
      -4.77108     492.53835    -492.25838
      -4.73808     493.92262    -493.32097
      -4.70508     496.30653    -495.32931
      -4.67208     499.12237    -498.07066
      -4.63908     501.76039    -500.90248
      -4.60608     504.07393    -503.32891
      -4.57308     506.16797    -505.32671
      -4.54008     508.09277    -507.14406
      -4.50708     509.84898    -508.87884
      -4.47408     511.69170    -510.50520
      -4.44108     513.94032    -512.33754
      -4.40808     516.45277    -514.78275
      -4.37508     518.82646    -517.55294
      -4.34208     520.88375    -519.94690
      -4.30908     522.61079    -521.77332
      -4.27608     524.03807    -523.33062
      -4.24308     525.32923    -524.82596
      -4.21008     526.57096    -526.17793
      -4.17708     527.77642    -527.28469
      -4.14408     529.22546    -528.40133
      -4.11208     531.08335    -529.89272
      -4.07908     532.99265    -531.61910
      -4.04608     534.65756    -533.21118
      -4.01308     536.16988    -534.73272
      -3.98008     537.69933    -536.42186
      -3.94708     539.37776    -538.29771
      -3.91408     541.25147    -540.34297
      -3.88108     543.36264    -542.60427
      -3.84808     545.81840    -545.10288
      -3.81508     548.54278    -547.79100
      -3.78208     551.10219    -550.39375
      -3.74908     553.11318    -552.46505
      -3.71608     554.85175    -554.00241
      -3.68308     556.95881    -555.70095
      -3.65008     559.57376    -558.08832
      -3.61708     562.48386    -560.91058
      -3.58408     565.88307    -564.07397
      -3.55108     570.00456    -568.04715
      -3.51808     574.39962    -572.70917
      -3.48508     578.08771    -576.92790
      -3.45208     580.34341    -579.63893
      -3.41908     581.43567    -580.88460
      -3.38608     582.27546    -581.45512
      -3.35308     583.49493    -582.05431
      -3.32108     585.06970    -583.11624
      -3.28808     586.55335    -584.64801
      -3.25508     587.58397    -586.18949
      -3.22208     588.26325    -587.31009
      -3.18908     588.97400    -587.99464
      -3.15608     589.87263    -588.59004
      -3.12308     590.97015    -589.38484
      -3.09008     592.41210    -590.41036
      -3.05708     594.15661    -591.74354
      -3.02408     595.80472    -593.44306
      -2.99108     597.09258    -595.20422
      -2.95808     598.10343    -596.65391
      -2.92508     599.00749    -597.76182
      -2.89208     599.89573    -598.69373
      -2.85908     600.78232    -599.58444
      -2.82608     601.71934    -600.48537
      -2.79308     602.77105    -601.43392
      -2.76008     603.86100    -602.48828
      -2.72708     604.93134    -603.59833
      -2.69408     606.12297    -604.66982
      -2.66108     607.46818    -605.80080
      -2.62808     608.68996    -607.10498
      -2.59508     609.55447    -608.38922
      -2.56208     610.13224    -609.36315
      -2.53008     610.66205    -610.00387
      -2.49708     611.36737    -610.52841
      -2.46408     612.32927    -611.18742
      -2.43108     613.36665    -612.11225
      -2.39808     614.17530    -613.17385
      -2.36508     614.69044    -614.05962
      -2.33208     615.12286    -614.64381
      -2.29908     615.72518    -615.11051
      -2.26608     616.64490    -615.71860
      -2.23308     617.76385    -616.59020
      -2.20008     618.75294    -617.60516
      -2.16708     619.48430    -618.52850
      -2.13408     620.14150    -619.27041
      -2.10108     620.88933    -619.94375
      -2.06808     621.72270    -620.69736
      -2.03508     622.59429    -621.55346
      -2.00208     623.44562    -622.45456
      -1.96908     624.20763    -623.32747
      -1.93608     624.94327    -624.08898
      -1.90308     625.76806    -624.78969
      -1.87008     626.65894    -625.58301
      -1.83708     627.54273    -626.48459
      -1.80408     628.37609    -627.40662
      -1.77108     629.09970    -628.28316
      -1.73908     629.62193    -629.04549
      -1.70608     629.89381    -629.59656
      -1.67308     629.99729    -629.88392
      -1.64008     630.07403    -629.98688
      -1.60708     630.20171    -630.04859
      -1.57408     630.37288    -630.16014
      -1.54108     630.58249    -630.32792
      -1.50808     630.94279    -630.52951
      -1.47508     631.67942    -630.83565
      -1.44208     632.88934    -631.47571
      -1.40908     634.30690    -632.64130
      -1.37608     635.59213    -634.10714
      -1.34308     636.71272    -635.41248
      -1.31008     637.74302    -636.47045
      -1.27708     638.68383    -637.47042
      -1.24408     639.64111    -638.46512
      -1.21108     640.72167    -639.47794
      -1.17808     641.77816    -640.57663
      -1.14508     642.58516    -641.64911
      -1.11208     643.09091    -642.47917
      -1.07908     643.38594    -643.00272
      -1.04608     643.60553    -643.30156
      -1.01308     643.84753    -643.50803
      -0.98008     644.13136    -643.74247
      -0.94708     644.46770    -644.05180
      -0.91508     644.89501    -644.42836
      -0.88208     645.39351    -644.87561
      -0.84908     645.92053    -645.37724
      -0.81608     646.54081    -645.91365
      -0.78308     647.37780    -646.53459
      -0.75008     648.46610    -647.30105
      -0.71708     649.71309    -648.24812
      -0.68408     650.98283    -649.39129
      -0.65108     652.16671    -650.68147
      -0.61808     653.20310    -651.95944
      -0.58508     654.11639    -652.99616
      -0.55208     654.96590    -653.71846
      -0.51908     655.71423    -654.31517
      -0.48608     656.29184    -655.00319
      -0.45308     656.72211    -655.76091
      -0.42008     657.10361    -656.38993
      -0.38708     657.54196    -656.83174
      -0.35408     658.06799    -657.23120
      -0.32108     658.66339    -657.70136
      -0.28808     659.33525    -658.20448
      -0.25508     660.02805    -658.71353
      -0.22208     660.64668    -659.28470
      -0.18908     661.25477    -659.86297
      -0.15608     661.96586    -660.31500
      -0.12408     662.74979    -660.69188
      -0.09108     663.56865    -661.21082
      -0.05808     664.42838    -661.97579
      -0.02508     665.26224    -662.87079
       0.00792     666.03874    -663.77122
       0.04092     666.89749    -664.65616
       0.07392     667.98018    -665.48195
       0.10692     669.24234    -666.25269
       0.13992     670.51274    -667.13582
       0.17292     671.64207    -668.23829
       0.20592     672.53723    -669.45596
       0.23892     673.14005    -670.63638
       0.27192     673.50382    -671.70276
       0.30492     673.74570    -672.57946
       0.33792     673.90290    -673.18508
       0.37092     673.97412    -673.55600
       0.40392     673.99279    -673.79066
       0.43692     673.99536    -673.92636
       0.46992     673.99554    -673.98003
       0.50292     673.99555    -673.99217
       0.53592     673.99559    -673.99359
       0.56892     673.99682    -673.99368
       0.60192     674.01375    -673.99394
       0.63492     674.12576    -673.99889
       0.66692     674.50367    -674.04477
       0.69992     675.20042    -674.25767
       0.73292     675.97198    -674.78451
       0.76592     676.58996    -675.53350
       0.79892     677.08863    -676.21839
       0.83192     677.52418    -676.73633
       0.86492     677.82638    -677.18474
       0.89792     677.95874    -677.58601
       0.93092     677.99116    -677.85397
       0.96392     677.99525    -677.96484
       0.99692     677.99550    -677.99042
       1.02992     677.99551    -677.99347
       1.06292     677.99552    -677.99365
       1.09592     677.99566    -677.99369
       1.12892     677.99758    -677.99444
       1.16192     678.00963    -678.00059
       1.19492     678.05027    -678.02632
       1.22792     678.13521    -678.08883
       1.26092     678.26429    -678.19334
       1.29392     678.42360    -678.33179
       1.32692     678.60083    -678.48724
       1.35992     678.80314    -678.65373
       1.39292     679.04181    -678.84731
       1.42592     679.33837    -679.07784
       1.45792     679.76684    -679.36478
       1.49092     680.39272    -679.78039
       1.52392     681.11024    -680.38552
       1.55692     681.66180    -681.08424
       1.58992     681.92895    -681.63713
       1.62292     682.05879    -681.92243
       1.65592     682.26882    -682.07952
       1.68892     682.64582    -682.32147
       1.72192     683.18618    -682.71570
       1.75492     683.95494    -683.25919
       1.78792     685.02149    -684.02417
       1.82092     686.38450    -685.07045
       1.85392     687.96142    -686.41830
       1.88692     689.46121    -687.99274
       1.91992     690.54687    -689.46781
       1.95292     691.19896    -690.51194
       1.98592     691.60302    -691.14014
       2.01892     691.88880    -691.54718
       2.05192     692.21350    -691.84992
       2.08492     692.79835    -692.18332
       2.11792     693.76783    -692.75565
       2.15092     695.05026    -693.70470
       2.18392     696.38691    -694.98284
       2.21692     697.48740    -696.33036
       2.24992     698.33411    -697.42723
       2.28192     699.19516    -698.22022
       2.31492     700.21375    -698.99673
       2.34792     701.24619    -699.98417
       2.38092     702.15618    -701.06440
       2.41392     702.99053    -702.03240
       2.44692     703.81467    -702.88405
       2.47992     704.63781    -703.69698
       2.51292     705.48139    -704.49541
       2.54592     706.33288    -705.29417
       2.57892     707.14384    -706.09408
       2.61192     707.92891    -706.87685
       2.64492     708.78700    -707.62979
       2.67792     709.77395    -708.41289
       2.71092     710.81446    -709.33755
       2.74392     711.79268    -710.39602
       2.77692     712.65339    -711.45104
       2.80992     713.44490    -712.39152
       2.84292     714.31304    -713.22043
       2.87592     715.26241    -714.06665
       2.90892     716.08012    -715.00531
       2.94192     716.70601    -715.88152
       2.97492     717.27340    -716.57646
       3.00792     717.80601    -717.17631
       3.04092     718.29743    -717.72491
       3.07292     718.82971    -718.24994
       3.10592     719.49317    -718.93285
       3.13892     720.33214    -719.88223
       3.17192     721.19236    -720.88006
       3.20492     721.94959    -721.72743
       3.23792     722.89683    -722.71372
       3.27092     724.31373    -724.16555
       3.30392     725.91371    -725.80789
       3.33692     727.13747    -727.07318
       3.36992     727.75660    -727.72741
       3.40292     727.96652    -727.95283
       3.43592     728.09326    -728.06180
       3.46892     728.42669    -728.33919
       3.50192     729.06378    -728.90905
       3.53492     729.81442    -729.54334
       3.56792     730.58582    -730.01713
       3.60092     731.52943    -730.59984
       3.63392     732.73902    -731.66441
       3.66692     734.25891    -733.07883
       3.69992     736.10312    -734.66003
       3.73292     738.20721    -736.64086
       3.76592     740.64584    -739.05146
       3.79892     743.68250    -741.73069
       3.83192     747.35575    -744.83738
       3.86392     751.14107    -748.40517
       3.89692     754.45294    -751.99439
       3.92992     757.28608    -755.08889
       3.96292     759.65763    -757.54877
       3.99592     761.23635    -759.54607
       4.02892     762.12262    -761.17407
       4.06192     762.95862    -762.53824
       4.09492     764.14810    -763.90026
       4.12792     765.59582    -765.37401
       4.16092     767.06430    -766.84628
       4.19392     768.50410    -768.26763
       4.22692     770.02894    -769.75902
       4.25992     771.64540    -771.36049
       4.29292     773.24671    -772.96921
       4.32592     774.70200    -774.45219
       4.35892     775.94307    -775.69210
       4.39192     777.28713    -776.88801
       4.42492     779.28690    -778.60269
       4.45792     781.91356    -780.98347
       4.49092     784.45600    -783.41204
       4.52392     786.39299    -785.39781
       4.55692     787.85817    -787.00570
       4.58992     789.38911    -788.45523
       4.62292     791.32593    -790.06856
       4.65592     793.41766    -792.03077
       4.68792     795.31131    -794.02032
       4.72092     797.24863    -795.80307
       4.75392     799.79569    -797.83630
       4.78692     803.01164    -800.60698
       4.81992     806.44265    -803.93549
       4.85292     809.77083    -807.42418
       4.88592     812.96553    -810.94088
       4.91892     816.11738    -814.45759
       4.95192     819.44721    -818.01714
       4.98492     822.99028    -821.66568
       5.01792     826.23540    -825.09174
       5.05092     828.69726    -827.82617
       5.08392     830.66161    -829.94542
       5.11692     832.78102    -832.01359
       5.14992     835.28622    -834.37179
       5.18292     838.08558    -837.04673
       5.21592     841.12916    -840.01170
       5.24892     844.28018    -843.11939
       5.28192     847.32031    -846.18554
       5.31492     850.27490    -849.21561
       5.34792     853.45311    -852.42448
       5.38092     856.87259    -855.85549
       5.41392     860.04603    -859.07623
       5.44692     862.64318    -861.69415
       5.47892     864.73145    -863.76313
       5.51192     866.52540    -865.56549
       5.54492     868.25409    -867.32565
       5.57792     870.06963    -869.12158
       5.61092     872.08324    -871.07093
       5.64392     874.34504    -873.32893
       5.67692     876.79438    -875.83364
       5.70992     879.40455    -878.42618
       5.74292     882.22236    -881.15237
       5.77592     885.26100    -884.12344
       5.80892     888.49030    -887.28682
       5.84192     891.78981    -890.50772
       5.87492     894.93836    -893.65858
       5.90792     897.83445    -896.64960
       5.94092     900.53708    -899.45802
       5.97392     903.09320    -902.10263
       6.00692     905.55736    -904.65496
       6.03992     908.04756    -907.24008
       6.07292     910.65263    -909.93677
       6.10592     913.38228    -912.74107
       6.13892     916.18740    -915.61904
       6.17192     918.99664    -918.47409
       6.20492     921.77227    -921.18578
       6.23792     924.47670    -923.75442
       6.26992     927.06809    -926.25254
       6.30292     929.56736    -928.71571
       6.33592     932.02757    -931.16537
       6.36892     934.45993    -933.60301
       6.40192     936.85158    -936.00257
       6.43492     939.23829    -938.39242
       6.46792     941.65731    -940.83401
       6.50092     944.07384    -943.30707
       6.53392     946.43567    -945.74734
       6.56692     948.73471    -948.14691
       6.59992     950.99256    -950.51401
       6.63292     953.23689    -952.80448
       6.66592     955.49176    -954.98240
       6.69892     957.74565    -957.09621
       6.73192     959.97812    -959.24776
       6.76492     962.22953    -961.49654
       6.79792     964.55313    -963.82887
       6.83092     966.93523    -966.20751
       6.86392     969.33232    -968.60592
       6.89692     971.72628    -971.01389
       6.92992     974.12437    -973.42993
       6.96292     976.50861    -975.84038
       6.99592     978.79529    -978.20665
       7.02892     980.94766    -980.47801
       7.06092     983.04467    -982.62445
       7.09392     985.14546    -984.67548
       7.12692     987.25861    -986.68003
       7.15992     989.39270    -988.67684
       7.19292     991.49102    -990.70018
       7.22592     993.45388    -992.72336
       7.25892     995.24074    -994.68803
       7.29192     996.90154    -996.56125
       7.32492     998.53300    -998.31433
       7.35792    1000.17599    -999.95123
       7.39092    1001.79806   -1001.53753
       7.42392    1003.37761   -1003.11395
       7.45692    1004.89174   -1004.61424
       7.48992    1006.28754   -1005.97527
       7.52292    1007.56322   -1007.25737
       7.55592    1008.75369   -1008.53502
       7.58892    1009.88203   -1009.77180
       7.62192    1010.97182   -1010.89207
       7.65492    1012.02353   -1011.90720
       7.68792    1013.04888   -1012.90140
       7.72092    1014.06961   -1013.91851
       7.75392    1015.04206   -1014.91700
       7.78692    1015.91662   -1015.82897
       7.81992    1016.70302   -1016.65129
       7.85292    1017.43668   -1017.42730
       7.88492    1018.14662   -1018.15849
       7.91792    1018.82886   -1018.83184
       7.95092    1019.48244   -1019.46613
       7.98392    1020.14046   -1020.08362
       8.01692    1020.79848   -1020.70291
       8.04992    1021.40130   -1021.31562
       8.08292    1021.91743   -1021.85384
       8.11592    1022.36172   -1022.27505
       8.14892    1022.75722   -1022.62622
       8.18192    1023.09548   -1022.95529
       8.21492    1023.35478   -1023.24926
       8.24792    1023.53461   -1023.48497
       8.28092    1023.65842   -1023.66224
       8.31392    1023.75591   -1023.78773
       8.34692    1023.83999   -1023.86719
       8.37992    1023.90953   -1023.91425
       8.41292    1023.95931   -1023.94522
       8.44592    1023.98571   -1023.96710
       8.47892    1023.99453   -1023.98079
       8.51192    1023.99615   -1023.98694
       8.54492    1023.99630   -1023.98854
       8.57792    1023.99630   -1023.98875
       8.61092    1023.99630   -1023.98876
       8.64392    1023.99630   -1023.98876
       8.67592    1023.99630   -1023.98876
       8.70892    1023.99630   -1023.98876
       8.74192    1023.99630   -1023.98876
       8.77492    1023.99630   -1023.98876
       8.80792    1023.99630   -1023.98876
       8.84092    1023.99630   -1023.98876
       8.87392    1023.99630   -1023.98876
       8.90692    1023.99630   -1023.98876
       8.93992    1023.99630   -1023.98876
       8.97292    1023.99630   -1023.98876
       9.00592    1023.99630   -1023.98876
       9.03892    1023.99630   -1023.98876
       9.07192    1023.99630   -1023.98876
       9.10492    1023.99630   -1023.98876
       9.13792    1023.99630   -1023.98876
       9.17092    1023.99630   -1023.98876
       9.20392    1023.99630   -1023.98876
       9.23692    1023.99630   -1023.98876
       9.26992    1023.99630   -1023.98876
       9.30292    1023.99630   -1023.98876
       9.33592    1023.99630   -1023.98876
       9.36892    1023.99630   -1023.98876
       9.40192    1023.99630   -1023.98876
       9.43492    1023.99630   -1023.98876
       9.46692    1023.99630   -1023.98876
       9.49992    1023.99630   -1023.98876
       9.53292    1023.99630   -1023.98876
       9.56592    1023.99630   -1023.98876
       9.59892    1023.99630   -1023.98876
       9.63192    1023.99630   -1023.98876
       9.66492    1023.99630   -1023.98876
       9.69792    1023.99630   -1023.98876
       9.73092    1023.99630   -1023.98876
       9.76392    1023.99630   -1023.98876
       9.79692    1023.99630   -1023.98876
       9.82992    1023.99630   -1023.98876
       9.86292    1023.99630   -1023.98876
       9.89592    1023.99630   -1023.98876
       9.92892    1023.99630   -1023.98876
