      #Energy        TDOS-UP        TDOS-DOWN
     -19.69859       0.00000       0.00000
     -19.66859       0.00000       0.00000
     -19.63859       0.00000       0.00000
     -19.60859       0.00000       0.00000
     -19.57959       0.00000       0.00000
     -19.54959       0.00000       0.00000
     -19.51959       0.00000       0.00000
     -19.48959       0.00000       0.00000
     -19.45959       0.00000       0.00000
     -19.43059       0.00000       0.00000
     -19.40059       0.00000       0.00000
     -19.37059       0.00000       0.00000
     -19.34059       0.00000       0.00000
     -19.31059       0.00000       0.00000
     -19.28159       0.00000       0.00000
     -19.25159       0.00000       0.00000
     -19.22159       0.00000       0.00000
     -19.19159       0.00000       0.00000
     -19.16159       0.00000       0.00000
     -19.13259       0.00000       0.00000
     -19.10259       0.00000       0.00000
     -19.07259       0.00000       0.00000
     -19.04259       0.00000       0.00000
     -19.01259       0.00000       0.00000
     -18.98359       0.00000       0.00000
     -18.95359       0.00000       0.00000
     -18.92359       0.00000       0.00000
     -18.89359       0.00000       0.00000
     -18.86359       0.00000       0.00000
     -18.83459       0.00000       0.00000
     -18.80459       0.00000       0.00000
     -18.77459       0.00000       0.00000
     -18.74459       0.00000       0.00000
     -18.71459       0.00000       0.00000
     -18.68559       0.00000       0.00000
     -18.65559       0.00000       0.00000
     -18.62559       0.00000      -0.00000
     -18.59559       0.00000      -0.00000
     -18.56559       0.00000      -0.00000
     -18.53559       0.00000      -0.00000
     -18.50659       0.00000      -0.00000
     -18.47659       0.00005      -0.00001
     -18.44659       0.00119      -0.00029
     -18.41659       0.01484      -0.00479
     -18.38659       0.10411      -0.04406
     -18.35759       0.43967      -0.23526
     -18.32759       1.23264      -0.79395
     -18.29759       2.56135      -1.88185
     -18.26759       4.32329      -3.46868
     -18.23759       6.25765      -5.34670
     -18.20859       8.00006      -7.19358
     -18.17859       9.26723      -8.69174
     -18.14859      10.06795      -9.70080
     -18.11859      10.69461     -10.38200
     -18.08859      11.42662     -11.05292
     -18.05959      12.31705     -11.87837
     -18.02959      13.26844     -12.80144
     -17.99959      14.22757     -13.72957
     -17.96959      15.22604     -14.68930
     -17.93959      16.21796     -15.70983
     -17.91059      17.09751     -16.68357
     -17.88059      17.86172     -17.51901
     -17.85059      18.56393     -18.24522
     -17.82059      19.27777     -18.93476
     -17.79059      20.09458     -19.69539
     -17.76159      20.94388     -20.55303
     -17.73159      21.64579     -21.34049
     -17.70159      22.20181     -21.94136
     -17.67159      22.75455     -22.45923
     -17.64159      23.31951     -23.01003
     -17.61259      23.77389     -23.53371
     -17.58259      24.12827     -23.93429
     -17.55259      24.59755     -24.32235
     -17.52259      25.33330     -24.90117
     -17.49259      26.38602     -25.73631
     -17.46359      27.86108     -26.90229
     -17.43359      29.61839     -28.49821
     -17.40359      31.12386     -30.22915
     -17.37359      32.09938     -31.56145
     -17.34359      32.83915     -32.42967
     -17.31359      33.67608     -33.20372
     -17.28459      34.59706     -34.08431
     -17.25459      35.44651     -34.97161
     -17.22459      36.21608     -35.76905
     -17.19459      37.02023     -36.53430
     -17.16459      37.86997     -37.35335
     -17.13559      38.61317     -38.16807
     -17.10559      39.14802     -38.82573
     -17.07559      39.52223     -39.28637
     -17.04559      39.78524     -39.61774
     -17.01559      39.93412     -39.84451
     -16.98659      39.99942     -39.96338
     -16.95659      40.06329     -40.02806
     -16.92659      40.21140     -40.13370
     -16.89659      40.48684     -40.35201
     -16.86659      40.87953     -40.69648
     -16.83759      41.32809     -41.13149
     -16.80759      41.70677     -41.55800
     -16.77759      41.91654     -41.84671
     -16.74759      41.98817     -41.96860
     -16.71759      42.01951     -42.00487
     -16.68859      42.10811     -42.05251
     -16.65859      42.34360     -42.20732
     -16.62859      42.72883     -42.52666
     -16.59859      43.15371     -42.94617
     -16.56859      43.52195     -43.34661
     -16.53959      43.81282     -43.67422
     -16.50959      44.07424     -43.94419
     -16.47959      44.41304     -44.24151
     -16.44959      44.85475     -44.64760
     -16.41959      45.28663     -45.10198
     -16.39059      45.62830     -45.48722
     -16.36059      45.92446     -45.79125
     -16.33059      46.30218     -46.11107
     -16.30059      46.85760     -46.58050
     -16.27059      47.49394     -47.20433
     -16.24059      48.01941     -47.79954
     -16.21159      48.40479     -48.23976
     -16.18159      48.77542     -48.59876
     -16.15159      49.23278     -49.01067
     -16.12159      49.76361     -49.51498
     -16.09159      50.32082     -50.06175
     -16.06259      50.92587     -50.63983
     -16.03259      51.59544     -51.28630
     -16.00259      52.25891     -51.96601
     -15.97259      52.86336     -52.59222
     -15.94259      53.47898     -53.17715
     -15.91359      54.22218     -53.83778
     -15.88359      55.11142     -54.66010
     -15.85359      56.00200     -55.57647
     -15.82359      56.75711     -56.40803
     -15.79359      57.47542     -57.12664
     -15.76459      58.33306     -57.91409
     -15.73459      59.30665     -58.85355
     -15.70459      60.29976     -59.85009
     -15.67459      61.30748     -60.85706
     -15.64459      62.33471     -61.88668
     -15.61559      63.36240     -62.91884
     -15.58559      64.34120     -63.91195
     -15.55559      65.16338     -64.79820
     -15.52559      65.74697     -65.48030
     -15.49559      66.19971     -65.94898
     -15.46659      66.75393     -66.39740
     -15.43659      67.45257     -67.01258
     -15.40659      68.12423     -67.71181
     -15.37659      68.71065     -68.32401
     -15.34659      69.39110     -68.90179
     -15.31759      70.39166     -69.69207
     -15.28759      71.78178     -70.89129
     -15.25759      73.41123     -72.45204
     -15.22759      74.97347     -74.10578
     -15.19759      76.15540     -75.52868
     -15.16859      76.84643     -76.49706
     -15.13859      77.19934     -77.02163
     -15.10859      77.44901     -77.31081
     -15.07859      77.78047     -77.58718
     -15.04859      78.32397     -78.01966
     -15.01859      79.06105     -78.68163
     -14.98959      79.81289     -79.44748
     -14.95959      80.55042     -80.16608
     -14.92959      81.48228     -80.96054
     -14.89959      82.69371     -82.03174
     -14.86959      84.07995     -83.34645
     -14.84059      85.58095     -84.79632
     -14.81059      87.12694     -86.33233
     -14.78059      88.53956     -87.82617
     -14.75059      89.69839     -89.11063
     -14.72059      90.66587     -90.15411
     -14.69159      91.64333     -91.08806
     -14.66159      92.83435     -92.13869
     -14.63159      94.24771     -93.44953
     -14.60159      95.66853     -94.91117
     -14.57159      96.89740     -96.27298
     -14.54259      97.96070     -97.43091
     -14.51259      98.97303     -98.47916
     -14.48259      99.93351     -99.47540
     -14.45259     100.81619    -100.39057
     -14.42259     101.64850    -101.23674
     -14.39359     102.42835    -102.04044
     -14.36359     103.10135    -102.76813
     -14.33359     103.67376    -103.37750
     -14.30359     104.29148    -103.94782
     -14.27359     105.13705    -104.67254
     -14.24459     106.25639    -105.68219
     -14.21459     107.50999    -106.90554
     -14.18459     108.71487    -108.14947
     -14.15459     109.75880    -109.26850
     -14.12459     110.63761    -110.21378
     -14.09559     111.46232    -111.05279
     -14.06559     112.30491    -111.89285
     -14.03559     113.10280    -112.72129
     -14.00559     113.80098    -113.46091
     -13.97559     114.44895    -114.12079
     -13.94559     115.16487    -114.79558
     -13.91659     116.06946    -115.60942
     -13.88659     117.18030    -116.63740
     -13.85659     118.35612    -117.81113
     -13.82659     119.38857    -118.92927
     -13.79659     120.23280    -119.83461
     -13.76759     121.07480    -120.61878
     -13.73759     122.03691    -121.49416
     -13.70759     123.02734    -122.48384
     -13.67759     123.96084    -123.46458
     -13.64759     124.85977    -124.39391
     -13.61859     125.73723    -125.29731
     -13.58859     126.57670    -126.17820
     -13.55859     127.30410    -126.99069
     -13.52859     127.80661    -127.60841
     -13.49859     128.17754    -128.00318
     -13.46959     128.71120    -128.41941
     -13.43959     129.50283    -129.10478
     -13.40959     130.29535    -129.94841
     -13.37959     130.83318    -130.62708
     -13.34959     131.13174    -131.02093
     -13.32059     131.33269    -131.24898
     -13.29059     131.51538    -131.43431
     -13.26059     131.68233    -131.60816
     -13.23059     131.81753    -131.75658
     -13.20059     131.91443    -131.87051
     -13.17159     131.97067    -131.94709
     -13.14159     131.99328    -131.98582
     -13.11159     132.00066    -131.99877
     -13.08159     132.02032    -132.00643
     -13.05159     132.12346    -132.04732
     -13.02259     132.44461    -132.22212
     -12.99259     133.04191    -132.66001
     -12.96259     133.74308    -133.32943
     -12.93259     134.32398    -133.99722
     -12.90259     134.78879    -134.50242
     -12.87359     135.34168    -134.92297
     -12.84359     136.12064    -135.46051
     -12.81359     136.97411    -136.22471
     -12.78359     137.66068    -137.07297
     -12.75359     138.24352    -137.81855
     -12.72359     138.97345    -138.54669
     -12.69459     139.89726    -139.42311
     -12.66459     140.84268    -140.39357
     -12.63459     141.67172    -141.29011
     -12.60459     142.46781    -142.09307
     -12.57459     143.44900    -143.00093
     -12.54559     144.64777    -144.14530
     -12.51559     145.86382    -145.36613
     -12.48559     146.93219    -146.44597
     -12.45559     147.79446    -147.34087
     -12.42559     148.41589    -148.06022
     -12.39659     148.85388    -148.58628
     -12.36659     149.27861    -148.99596
     -12.33659     149.84163    -149.45242
     -12.30659     150.60136    -150.06790
     -12.27659     151.54753    -150.85551
     -12.24759     152.59489    -151.77649
     -12.21759     153.58397    -152.76319
     -12.18759     154.46427    -153.72173
     -12.15759     155.36871    -154.63406
     -12.12759     156.37478    -155.59126
     -12.09859     157.41275    -156.63116
     -12.06859     158.42106    -157.68537
     -12.03859     159.38809    -158.70456
     -12.00859     160.29045    -159.68754
     -11.97859     161.11933    -160.60450
     -11.94959     161.95134    -161.44053
     -11.91959     162.89051    -162.29282
     -11.88959     163.93667    -163.25269
     -11.85959     165.04662    -164.30437
     -11.82959     166.23212    -165.45441
     -11.80059     167.49363    -166.74140
     -11.77059     168.76869    -168.12078
     -11.74059     169.88594    -169.42089
     -11.71059     170.64225    -170.38866
     -11.68059     171.05306    -170.93320
     -11.65059     171.36252    -171.25577
     -11.62159     171.79187    -171.63214
     -11.59159     172.36160    -172.16461
     -11.56159     172.95874    -172.76622
     -11.53159     173.50731    -173.33491
     -11.50159     173.99269    -173.83638
     -11.47259     174.44289    -174.28450
     -11.44259     174.91039    -174.73739
     -11.41259     175.39949    -175.22575
     -11.38259     175.86788    -175.71188
     -11.35259     176.28352    -176.14822
     -11.32359     176.65936    -176.53063
     -11.29359     177.03729    -176.90140
     -11.26359     177.42118    -177.28365
     -11.23359     177.80641    -177.65816
     -11.20359     178.26661    -178.06425
     -11.17459     178.84081    -178.58763
     -11.14459     179.41217    -179.17748
     -11.11459     179.93063    -179.71576
     -11.08459     180.57905    -180.29279
     -11.05459     181.49407    -181.10618
     -11.02559     182.50804    -182.11374
     -10.99559     183.34080    -183.03770
     -10.96559     183.97043    -183.72635
     -10.93559     184.65133    -184.35301
     -10.90559     185.54758    -185.15864
     -10.87659     186.52191    -186.12225
     -10.84659     187.33381    -187.01387
     -10.81659     187.92171    -187.67972
     -10.78659     188.46506    -188.20191
     -10.75659     189.21198    -188.82260
     -10.72759     190.25129    -189.72033
     -10.69759     191.45751    -190.86173
     -10.66759     192.63854    -192.06675
     -10.63759     193.71451    -193.18370
     -10.60759     194.73951    -194.19008
     -10.57759     195.78746    -195.15651
     -10.54859     196.91201    -196.18255
     -10.51859     198.14148    -197.35807
     -10.48859     199.39717    -198.67099
     -10.45859     200.59073    -199.98451
     -10.42859     201.76714    -201.23067
     -10.39959     202.91792    -202.43033
     -10.36959     203.92653    -203.51717
     -10.33959     204.79535    -204.44412
     -10.30959     205.62766    -205.29118
     -10.27959     206.47920    -206.13944
     -10.25059     207.33177    -206.99410
     -10.22059     208.13815    -207.81345
     -10.19059     208.86227    -208.56976
     -10.16059     209.45301    -209.22607
     -10.13059     209.92081    -209.74587
     -10.10159     210.42451    -210.22946
     -10.07159     211.07963    -210.83838
     -10.04159     211.79198    -211.54879
     -10.01159     212.48495    -212.24340
      -9.98159     213.27524    -212.98287
      -9.95259     214.22140    -213.88597
      -9.92259     215.12256    -214.83646
      -9.89259     215.76338    -215.57607
      -9.86259     216.22938    -216.07203
      -9.83259     216.76468    -216.55681
      -9.80359     217.41786    -217.17065
      -9.77359     218.11292    -217.84708
      -9.74359     218.95224    -218.61025
      -9.71359     220.12179    -219.64985
      -9.68359     221.62025    -221.04682
      -9.65459     223.23450    -222.65496
      -9.62459     224.66545    -224.18666
      -9.59459     225.74738    -225.40032
      -9.56459     226.54765    -226.28226
      -9.53459     227.21529    -226.97151
      -9.50559     227.87935    -227.60397
      -9.47559     228.66979    -228.30663
      -9.44559     229.65634    -229.19691
      -9.41559     230.74021    -230.26379
      -9.38559     231.79203    -231.36271
      -9.35559     232.83522    -232.43063
      -9.32659     233.91610    -233.50586
      -9.29659     235.02217    -234.59718
      -9.26659     236.15805    -235.70906
      -9.23659     237.35622    -236.86476
      -9.20659     238.64038    -238.09974
      -9.17759     239.92767    -239.38375
      -9.14759     241.08948    -240.59026
      -9.11759     242.09913    -241.65520
      -9.08759     242.99984    -242.60197
      -9.05759     243.88506    -243.48599
      -9.02859     244.84851    -244.40891
      -8.99859     245.83223    -245.39248
      -8.96859     246.70284    -246.31853
      -8.93859     247.42085    -247.10643
      -8.90859     248.00995    -247.76170
      -8.87959     248.55241    -248.32725
      -8.84959     249.19963    -248.92872
      -8.81959     250.02210    -249.69665
      -8.78959     250.88333    -250.57993
      -8.75959     251.55871    -251.35114
      -8.73059     252.01414    -251.87869
      -8.70059     252.46613    -252.31385
      -8.67059     253.10307    -252.89028
      -8.64059     253.87860    -253.63661
      -8.61059     254.65935    -254.42272
      -8.58159     255.43131    -255.19542
      -8.55159     256.21503    -255.98481
      -8.52159     256.93722    -256.73814
      -8.49159     257.59219    -257.40637
      -8.46159     258.31213    -258.09651
      -8.43259     259.19735    -258.92823
      -8.40259     260.36079    -259.99466
      -8.37259     261.93108    -261.44573
      -8.34259     263.74071    -263.22376
      -8.31259     265.38983    -264.95246
      -8.28259     266.69321    -266.35420
      -8.25359     267.76799    -267.47726
      -8.22359     268.81430    -268.52015
      -8.19359     269.91277    -269.61072
      -8.16359     270.97816    -270.69742
      -8.13359     271.96769    -271.70066
      -8.10459     273.03383    -272.72671
      -8.07459     274.34988    -273.97301
      -8.04459     275.83910    -275.44346
      -8.01459     277.19717    -276.86591
      -7.98459     278.26956    -278.01013
      -7.95559     279.21663    -278.96524
      -7.92559     280.27069    -279.96640
      -7.89559     281.58167    -281.18677
      -7.86559     283.17655    -282.68180
      -7.83559     284.94445    -284.36207
      -7.80659     286.75541    -286.10613
      -7.77659     288.55475    -287.87253
      -7.74659     290.32548    -289.66726
      -7.71659     292.03436    -291.46004
      -7.68659     293.67708    -293.19575
      -7.65759     295.24871    -294.83504
      -7.62759     296.68294    -296.31874
      -7.59759     297.96784    -297.63464
      -7.56759     299.16631    -298.85368
      -7.53759     300.30457    -300.01444
      -7.50859     301.38769    -301.11232
      -7.47859     302.46068    -302.17845
      -7.44859     303.59179    -303.28184
      -7.41859     304.80382    -304.47345
      -7.38859     306.01406    -305.69919
      -7.35959     307.17483    -306.87739
      -7.32959     308.39833    -308.08763
      -7.29959     309.76222    -309.44094
      -7.26959     311.21865    -310.90050
      -7.23959     312.77985    -312.44412
      -7.21059     314.46340    -314.11246
      -7.18059     316.04024    -315.73983
      -7.15059     317.20980    -317.00685
      -7.12059     318.00321    -317.85719
      -7.09059     318.75222    -318.58817
      -7.06059     319.65502    -319.45818
      -7.03159     320.60521    -320.40777
      -7.00159     321.52142    -321.31743
      -6.97159     322.55537    -322.29147
      -6.94159     323.89437    -323.53896
      -6.91159     325.44811    -325.06395
      -6.88259     326.79680    -326.50786
      -6.85259     327.59975    -327.45820
      -6.82259     327.92824    -327.87863
      -6.79259     328.10583    -328.05849
      -6.76259     328.48562    -328.35382
      -6.73359     329.34312    -329.07332
      -6.70359     330.66811    -330.29980
      -6.67359     332.09519    -331.74074
      -6.64359     333.24552    -332.97616
      -6.61359     334.09586    -333.88358
      -6.58459     334.86469    -334.65688
      -6.55459     335.64752    -335.43539
      -6.52459     336.45450    -336.22315
      -6.49459     337.41378    -337.13235
      -6.46459     338.60525    -338.29878
      -6.43559     339.90162    -339.62631
      -6.40559     341.15225    -340.90182
      -6.37559     342.45474    -342.12577
      -6.34559     344.18434    -343.58608
      -6.31559     346.64938    -345.57558
      -6.28659     349.67387    -348.09576
      -6.25659     352.77659    -350.86690
      -6.22659     355.77559    -353.65921
      -6.19659     358.71081    -356.46537
      -6.16659     361.42532    -359.23547
      -6.13759     363.68828    -361.80542
      -6.10759     365.43621    -364.05959
      -6.07759     366.91038    -365.95193
      -6.04759     368.49676    -367.62042
      -6.01759     370.27613    -369.29041
      -5.98759     372.14656    -371.05130
      -5.95859     374.23352    -372.98477
      -5.92859     376.72077    -375.23208
      -5.89859     379.59057    -377.87819
      -5.86859     382.67243    -380.90566
      -5.83859     385.69796    -384.12760
      -5.80959     388.42990    -387.14985
      -5.77959     390.91864    -389.76914
      -5.74959     393.46878    -392.32181
      -5.71959     396.25527    -395.17163
      -5.68959     399.19749    -398.21326
      -5.66059     402.15968    -401.14117
      -5.63059     405.07419    -403.86016
      -5.60059     407.83087    -406.50805
      -5.57059     410.26507    -409.07488
      -5.54059     412.45635    -411.36571
      -5.51159     414.64718    -413.48128
      -5.48159     416.90314    -415.77047
      -5.45159     419.22661    -418.34296
      -5.42159     421.55931    -420.95554
      -5.39159     423.53942    -423.15472
      -5.36259     424.84877    -424.59446
      -5.33259     425.73011    -425.39846
      -5.30259     426.76942    -426.05939
      -5.27259     428.33330    -427.07247
      -5.24259     430.52398    -428.73724
      -5.21359     433.48140    -431.14744
      -5.18359     437.15639    -434.30590
      -5.15359     441.04299    -438.10756
      -5.12359     444.65986    -442.15958
      -5.09359     447.81623    -445.92398
      -5.06459     450.46860    -449.09227
      -5.03459     452.95719    -451.78458
      -5.00459     455.81417    -454.49522
      -4.97459     458.96160    -457.48066
      -4.94459     461.83870    -460.39859
      -4.91559     464.15918    -462.88062
      -4.88559     466.04839    -464.88458
      -4.85559     467.85727    -466.64174
      -4.82559     469.88030    -468.52573
      -4.79559     472.02851    -470.63997
      -4.76559     473.90311    -472.71456
      -4.73659     475.17445    -474.39274
      -4.70659     475.86012    -475.44487
      -4.67659     476.33328    -475.99463
      -4.64659     477.03936    -476.51189
      -4.61659     478.18523    -477.42632
      -4.58759     479.72780    -478.84162
      -4.55759     481.53548    -480.62517
      -4.52759     483.47759    -482.58963
      -4.49759     485.42775    -484.56706
      -4.46759     487.19624    -486.41155
      -4.43859     488.61974    -487.95874
      -4.40859     489.78736    -489.18418
      -4.37859     490.96601    -490.34555
      -4.34859     492.30441    -491.69885
      -4.31859     493.74043    -493.18777
      -4.28959     495.17898    -494.59756
      -4.25959     496.63168    -495.92702
      -4.22959     498.04341    -497.29970
      -4.19959     499.18972    -498.57462
      -4.16959     499.97374    -499.53465
      -4.14059     500.61292    -500.26800
      -4.11059     501.46430    -501.05158
      -4.08059     502.79749    -502.14469
      -4.05059     504.64437    -503.71841
      -4.02059     506.71792    -505.69926
      -3.99159     508.63276    -507.70113
      -3.96159     510.30960    -509.41255
      -3.93159     511.90999    -510.95437
      -3.90159     513.49846    -512.54970
      -3.87159     515.14550    -514.19659
      -3.84259     517.02889    -515.88729
      -3.81259     519.09648    -517.66904
      -3.78259     521.07361    -519.52591
      -3.75259     522.97444    -521.49916
      -3.72259     525.06692    -523.67748
      -3.69259     527.43941    -526.09588
      -3.66359     530.13127    -528.76374
      -3.63359     533.23653    -531.64546
      -3.60359     536.61644    -534.72658
      -3.57359     539.91439    -538.00813
      -3.54359     542.88702    -541.34185
      -3.51459     545.57888    -544.45381
      -3.48459     548.23944    -547.23747
      -3.45459     551.14500    -550.02873
      -3.42459     554.38036    -553.25708
      -3.39459     557.65894    -556.72790
      -3.36559     560.40042    -559.62289
      -3.33559     562.25267    -561.40121
      -3.30559     563.38780    -562.38732
      -3.27559     564.26810    -563.19445
      -3.24559     565.43751    -564.11975
      -3.21659     567.07441    -565.31643
      -3.18659     568.67584    -566.80997
      -3.15659     569.75211    -568.28727
      -3.12659     570.47533    -569.37665
      -3.09659     571.24461    -570.09153
      -3.06759     572.17408    -570.77988
      -3.03759     573.21056    -571.67433
      -3.00759     574.28608    -572.73614
      -2.97759     575.33344    -573.85667
      -2.94759     576.40613    -574.94903
      -2.91859     577.70996    -576.00429
      -2.88859     579.36951    -577.21021
      -2.85859     581.26498    -578.84353
      -2.82859     583.18920    -580.91515
      -2.79859     584.98065    -583.06798
      -2.76959     586.55392    -584.97566
      -2.73959     587.97637    -586.63939
      -2.70959     589.34428    -588.10923
      -2.67959     590.65079    -589.32380
      -2.64959     591.87460    -590.36504
      -2.62059     592.99840    -591.39914
      -2.59059     594.01953    -592.43740
      -2.56059     595.01830    -593.42798
      -2.53059     596.08309    -594.40663
      -2.50059     597.21048    -595.46159
      -2.47059     598.31908    -596.62697
      -2.44159     599.30623    -597.82738
      -2.41159     600.11172    -598.92108
      -2.38159     600.76266    -599.81107
      -2.35159     601.36920    -600.51372
      -2.32159     602.06202    -601.16512
      -2.29259     602.99433    -601.99862
      -2.26259     604.35852    -603.27116
      -2.23259     606.11062    -605.00955
      -2.20259     607.76689    -606.79458
      -2.17259     608.87937    -608.12434
      -2.14359     609.52496    -608.89287
      -2.11359     610.06786    -609.32654
      -2.08359     610.75561    -609.72265
      -2.05359     611.67570    -610.32471
      -2.02359     612.81262    -611.25061
      -1.99459     614.03657    -612.43462
      -1.96459     615.18840    -613.68600
      -1.93459     616.17227    -614.82962
      -1.90459     616.93528    -615.78816
      -1.87459     617.47625    -616.56265
      -1.84559     617.90321    -617.17053
      -1.81559     618.38903    -617.65456
      -1.78559     618.99512    -618.13279
      -1.75559     619.59868    -618.71369
      -1.72559     620.07049    -619.34527
      -1.69659     620.44529    -619.87938
      -1.66659     620.87017    -620.27698
      -1.63659     621.43393    -620.65670
      -1.60659     622.07326    -621.15876
      -1.57659     622.69559    -621.78885
      -1.54759     623.36576    -622.44143
      -1.51759     624.23741    -623.10609
      -1.48759     625.31264    -623.92618
      -1.45759     626.39844    -624.97950
      -1.42759     627.32524    -626.11344
      -1.39759     628.09108    -627.10699
      -1.36859     628.76647    -627.90831
      -1.33859     629.35795    -628.59696
      -1.30859     629.80145    -629.21408
      -1.27859     630.11292    -629.70780
      -1.24859     630.46775    -630.05014
      -1.21959     631.07518    -630.35210
      -1.18959     631.98141    -630.80663
      -1.15959     632.96975    -631.55787
      -1.12959     633.79595    -632.53384
      -1.09959     634.45256    -633.46511
      -1.07059     635.02631    -634.20592
      -1.04059     635.50483    -634.81856
      -1.01059     635.83162    -635.34298
      -0.98059     636.04237    -635.73358
      -0.95059     636.28952    -635.99339
      -0.92159     636.70172    -636.24701
      -0.89159     637.26966    -636.62291
      -0.86159     637.88275    -637.13183
      -0.83159     638.43981    -637.70737
      -0.80159     638.97169    -638.26220
      -0.77259     639.61906    -638.76352
      -0.74259     640.40577    -639.31492
      -0.71259     641.16878    -640.02726
      -0.68259     641.81883    -640.82068
      -0.65259     642.49601    -641.52587
      -0.62359     643.37288    -642.13926
      -0.59359     644.42247    -642.82598
      -0.56359     645.50187    -643.73548
      -0.53359     646.56457    -644.86912
      -0.50359     647.60433    -646.11304
      -0.47459     648.52978    -647.34445
      -0.44459     649.22677    -648.41222
      -0.41459     649.72169    -649.16287
      -0.38459     650.22823    -649.60234
      -0.35459     650.89870    -649.92245
      -0.32459     651.60598    -650.35925
      -0.29559     652.16006    -650.99857
      -0.26559     652.58150    -651.68513
      -0.23559     653.00876    -652.24666
      -0.20559     653.55032    -652.71177
      -0.17559     654.26758    -653.19834
      -0.14659     655.14654    -653.77612
      -0.11659     656.10955    -654.46015
      -0.08659     657.04334    -655.24865
      -0.05659     657.79548    -656.13938
      -0.02659     658.31379    -657.04173
       0.00241     658.74731    -657.76033
       0.03241     659.23597    -658.21054
       0.06241     659.73371    -658.54302
       0.09241     660.15397    -658.94688
       0.12241     660.57035    -659.43211
       0.15141     661.16973    -659.86816
       0.18141     662.01963    -660.18502
       0.21141     662.98487    -660.49159
       0.24141     663.90287    -660.99366
       0.27141     664.72669    -661.77784
       0.30041     665.47837    -662.73563
       0.33041     666.16956    -663.73306
       0.36041     666.83660    -664.70650
       0.39041     667.57115    -665.62063
       0.42041     668.41017    -666.48081
       0.44941     669.26274    -667.34397
       0.47941     670.05914    -668.23142
       0.50941     670.85047    -669.11738
       0.53941     671.62764    -670.02256
       0.56941     672.27888    -670.94712
       0.59841     672.74981    -671.78003
       0.62841     673.06434    -672.42024
       0.65841     673.28842    -672.86315
       0.68841     673.49564    -673.15779
       0.71841     673.70593    -673.38254
       0.74741     673.87667    -673.59903
       0.77741     673.96972    -673.79845
       0.80741     674.00076    -673.93253
       0.83741     674.00671    -673.99014
       0.86741     674.00733    -674.00480
       0.89741     674.00737    -674.00689
       0.92641     674.00737    -674.00705
       0.95641     674.00737    -674.00706
       0.98641     674.00737    -674.00706
       1.01641     674.00737    -674.00706
       1.04641     674.00737    -674.00706
       1.07541     674.00737    -674.00706
       1.10541     674.00737    -674.00706
       1.13541     674.00737    -674.00706
       1.16541     674.00737    -674.00706
       1.19541     674.00737    -674.00706
       1.22441     674.00737    -674.00706
       1.25441     674.00737    -674.00706
       1.28441     674.00737    -674.00706
       1.31441     674.00737    -674.00706
       1.34441     674.00737    -674.00706
       1.37341     674.00737    -674.00706
       1.40341     674.00737    -674.00706
       1.43341     674.00737    -674.00706
       1.46341     674.00737    -674.00706
       1.49341     674.00737    -674.00706
       1.52241     674.00739    -674.00706
       1.55241     674.00783    -674.00709
       1.58241     674.01288    -674.00773
       1.61241     674.04687    -674.01451
       1.64241     674.18367    -674.05651
       1.67141     674.52093    -674.21348
       1.70141     675.03954    -674.57545
       1.73141     675.54668    -675.09973
       1.76141     675.87887    -675.58630
       1.79141     676.06793    -675.89128
       1.82041     676.23511    -676.06133
       1.85041     676.46635    -676.21732
       1.88041     676.83018    -676.43852
       1.91041     677.35982    -676.78623
       1.94041     678.02075    -677.29321
       1.97041     678.80284    -677.92643
       1.99941     679.72889    -678.67737
       2.02941     680.78489    -679.57734
       2.05941     681.96235    -680.60890
       2.08941     683.24621    -681.75312
       2.11941     684.55778    -683.01179
       2.14841     685.77965    -684.33157
       2.17841     686.84131    -685.58831
       2.20841     687.78107    -686.68112
       2.23841     688.63797    -687.64293
       2.26841     689.40426    -688.52189
       2.29741     690.11944    -689.28207
       2.32741     690.80615    -689.95149
       2.35741     691.42387    -690.60810
       2.38741     692.01595    -691.24251
       2.41741     692.68776    -691.85769
       2.44641     693.40934    -692.53486
       2.47641     694.10529    -693.25853
       2.50641     694.84864    -693.93914
       2.53641     695.73892    -694.63419
       2.56641     696.72413    -695.47768
       2.59541     697.62470    -696.46230
       2.62541     698.33540    -697.41323
       2.65541     698.98754    -698.16000
       2.68541     699.76069    -698.75969
       2.71541     700.62102    -699.44073
       2.74441     701.44155    -700.28676
       2.77441     702.19235    -701.16974
       2.80441     702.90454    -701.97671
       2.83441     703.68112    -702.69308
       2.86441     704.64204    -703.39738
       2.89341     705.72963    -704.24027
       2.92341     706.76656    -705.25231
       2.95341     707.67308    -706.28595
       2.98341     708.48572    -707.20917
       3.01341     709.22072    -708.02241
       3.04241     709.85408    -708.79377
       3.07241     710.43588    -709.54009
       3.10241     711.03154    -710.24439
       3.13241     711.60231    -710.90964
       3.16241     712.12166    -711.50187
       3.19241     712.64966    -712.00543
       3.22141     713.19465    -712.50034
       3.25141     713.67362    -713.03535
       3.28141     714.08031    -713.53220
       3.31141     714.55600    -713.92950
       3.34141     715.21455    -714.33143
       3.37041     716.00767    -714.89758
       3.40041     716.81703    -715.64942
       3.43041     717.58809    -716.46891
       3.46041     718.30386    -717.25115
       3.49041     718.92515    -717.99151
       3.51941     719.48773    -718.73977
       3.54941     720.19187    -719.62201
       3.57941     721.22463    -720.80378
       3.60941     722.45633    -722.18511
       3.63941     723.57194    -723.42634
       3.66841     724.56415    -724.47668
       3.69841     725.65383    -725.57858
       3.72841     726.74798    -726.68868
       3.75841     727.51815    -727.48582
       3.78841     727.88116    -727.86458
       3.81741     728.04396    -727.99830
       3.84741     728.32942    -728.12773
       3.87741     729.10361    -728.52277
       3.90741     730.57897    -729.44033
       3.93741     732.62256    -730.94758
       3.96641     734.89178    -732.88104
       3.99641     737.05147    -734.97873
       4.02641     738.94798    -737.04990
       4.05641     740.79382    -739.13954
       4.08641     742.90358    -741.39982
       4.11541     745.14508    -743.78692
       4.14541     747.09032    -746.08029
       4.17541     748.57179    -748.02597
       4.20541     749.70335    -749.47168
       4.23541     750.66203    -750.54198
       4.26541     751.56662    -751.46997
       4.29441     752.46048    -752.36561
       4.32441     753.38325    -753.27721
       4.35441     754.30006    -754.18299
       4.38441     755.14608    -755.01828
       4.41441     756.02727    -755.86713
       4.44341     757.11889    -756.91121
       4.47341     758.39649    -758.16482
       4.50341     759.70464    -759.47461
       4.53341     761.06018    -760.81629
       4.56341     762.60335    -762.32354
       4.59241     764.31297    -763.98146
       4.62241     766.12483    -765.64161
       4.65241     768.14965    -767.34781
       4.68241     770.41753    -769.33597
       4.71241     772.67066    -771.62128
       4.74141     774.71157    -773.86219
       4.77141     776.71180    -775.82710
       4.80141     778.93423    -777.66727
       4.83141     781.30628    -779.61102
       4.86141     783.62840    -781.68159
       4.89041     786.03741    -783.82489
       4.92041     788.75282    -786.14194
       4.95041     791.69146    -788.76615
       4.98041     794.61059    -791.62655
       5.01041     797.26445    -794.47370
       5.03941     799.45915    -797.03680
       5.06941     801.21722    -799.21973
       5.09941     802.78229    -801.15544
       5.12941     804.37016    -803.00828
       5.15941     806.06906    -804.83847
       5.18841     807.90536    -806.66180
       5.21841     809.85209    -808.54415
       5.24841     811.97556    -810.66032
       5.27841     814.49530    -813.19660
       5.30841     817.47686    -816.11528
       5.33741     820.73010    -819.21800
       5.36741     823.94758    -822.31476
       5.39741     826.85642    -825.20349
       5.42741     829.45693    -827.84229
       5.45741     831.90259    -830.37216
       5.48741     834.25855    -832.85866
       5.51641     836.65906    -835.35306
       5.54641     839.32678    -838.01497
       5.57641     842.26736    -840.91889
       5.60641     845.23611    -843.91149
       5.63641     848.03780    -846.78039
       5.66541     850.66424    -849.44423
       5.69541     853.17638    -851.94623
       5.72541     855.61072    -854.36597
       5.75541     857.97129    -856.73757
       5.78541     860.25631    -859.05448
       5.81441     862.46652    -861.30850
       5.84441     864.56153    -863.45045
       5.87441     866.50513    -865.41238
       5.90441     868.36214    -867.22931
       5.93441     870.26848    -869.07396
       5.96341     872.32743    -871.13007
       5.99341     874.53227    -873.41196
       6.02341     876.84158    -875.79831
       6.05341     879.29768    -878.25263
       6.08341     881.90713    -880.81289
       6.11241     884.56873    -883.44678
       6.14241     887.24062    -886.12031
       6.17241     889.93174    -888.83661
       6.20241     892.55520    -891.52325
       6.23241     895.00697    -894.06832
       6.26141     897.28871    -896.44291
       6.29141     899.47508    -898.68620
       6.32141     901.65086    -900.86958
       6.35141     903.87448    -903.08575
       6.38141     906.16426    -905.36868
       6.41041     908.49935    -907.67069
       6.44041     910.82461    -909.95436
       6.47041     913.08489    -912.21971
       6.50041     915.27632    -914.46211
       6.53041     917.44063    -916.68751
       6.56041     919.61641    -918.93036
       6.58941     921.82959    -921.21239
       6.61941     924.08958    -923.51366
       6.64941     926.37102    -925.79912
       6.67941     928.63309    -928.04822
       6.70941     930.86207    -930.26305
       6.73841     933.07302    -932.45403
       6.76841     935.26654    -934.60523
       6.79841     937.41296    -936.70083
       6.82841     939.50872    -938.76917
       6.85841     941.60238    -940.83959
       6.88741     943.70723    -942.91850
       6.91741     945.77705    -945.01604
       6.94741     947.78920    -947.13534
       6.97741     949.75814    -949.24019
       7.00741     951.71709    -951.27380
       7.03641     953.71910    -953.24437
       7.06641     955.79355    -955.24237
       7.09641     957.94593    -957.34557
       7.12641     960.18550    -959.54758
       7.15641     962.47365    -961.78402
       7.18541     964.73169    -963.99706
       7.21541     966.93102    -966.16107
       7.24541     969.09607    -968.28201
       7.27541     971.24115    -970.37538
       7.30541     973.34972    -972.42717
       7.33441     975.38095    -974.41339
       7.36441     977.29221    -976.34328
       7.39441     979.08857    -978.23218
       7.42441     980.81683    -980.07862
       7.45441     982.50261    -981.88437
       7.48341     984.14861    -983.64720
       7.51341     985.77657    -985.35906
       7.54341     987.41586    -987.03665
       7.57341     989.05976    -988.71230
       7.60341     990.66001    -990.36917
       7.63241     992.17366    -991.94587
       7.66241     993.60670    -993.42719
       7.69241     994.97878    -994.83862
       7.72241     996.26995    -996.18700
       7.75241     997.47810    -997.45715
       7.78241     998.66956    -998.62477
       7.81141     999.88219    -999.69910
       7.84141    1001.05965   -1000.74214
       7.87141    1002.12936   -1001.80946
       7.90141    1003.08506   -1002.89467
       7.93141    1003.96640   -1003.95156
       7.96041    1004.80974   -1004.94035
       7.99041    1005.65263   -1005.84196
       8.02041    1006.51788   -1006.66682
       8.05041    1007.37806   -1007.43833
       8.08041    1008.18533   -1008.16498
       8.10941    1008.92704   -1008.85363
       8.13941    1009.63506   -1009.51829
       8.16941    1010.34889   -1010.16894
       8.19941    1011.07048   -1010.81526
       8.22941    1011.75853   -1011.46233
       8.25841    1012.37043   -1012.10031
       8.28841    1012.90231   -1012.70998
       8.31841    1013.37547   -1013.26257
       8.34841    1013.79691   -1013.73230
       8.37841    1014.17052   -1014.12543
       8.40741    1014.52267   -1014.46774
       8.43741    1014.86588   -1014.77417
       8.46741    1015.16958   -1015.05082
       8.49741    1015.40331   -1015.29576
       8.52741    1015.57263   -1015.50094
       8.55641    1015.70014   -1015.66603
       8.58641    1015.79726   -1015.79056
       8.61641    1015.86516   -1015.87276
       8.64641    1015.91006   -1015.92544
       8.67641    1015.94144   -1015.96397
       8.70541    1015.96538   -1015.98937
       8.73541    1015.98438   -1016.00045
       8.76541    1015.99756   -1016.00323
       8.79541    1016.00411   -1016.00361
       8.82541    1016.00613   -1016.00364
       8.85541    1016.00649   -1016.00364
       8.88441    1016.00653   -1016.00364
       8.91441    1016.00653   -1016.00364
       8.94441    1016.00653   -1016.00364
       8.97441    1016.00653   -1016.00364
       9.00441    1016.00653   -1016.00364
       9.03341    1016.00653   -1016.00364
       9.06341    1016.00653   -1016.00364
       9.09341    1016.00653   -1016.00364
       9.12341    1016.00653   -1016.00364
       9.15341    1016.00653   -1016.00364
       9.18241    1016.00653   -1016.00364
       9.21241    1016.00653   -1016.00364
       9.24241    1016.00653   -1016.00364
       9.27241    1016.00653   -1016.00364
       9.30241    1016.00653   -1016.00364
       9.33141    1016.00653   -1016.00364
       9.36141    1016.00653   -1016.00364
       9.39141    1016.00653   -1016.00364
       9.42141    1016.00653   -1016.00364
       9.45141    1016.00653   -1016.00364
       9.48041    1016.00653   -1016.00364
       9.51041    1016.00653   -1016.00364
       9.54041    1016.00653   -1016.00364
       9.57041    1016.00653   -1016.00364
       9.60041    1016.00653   -1016.00364
       9.62941    1016.00653   -1016.00364
       9.65941    1016.00653   -1016.00364
       9.68941    1016.00653   -1016.00364
       9.71941    1016.00653   -1016.00364
       9.74941    1016.00653   -1016.00364
       9.77841    1016.00653   -1016.00364
       9.80841    1016.00653   -1016.00364
       9.83841    1016.00653   -1016.00364
       9.86841    1016.00653   -1016.00364
       9.89841    1016.00653   -1016.00364
       9.92841    1016.00653   -1016.00364
       9.95741    1016.00653   -1016.00364
       9.98741    1016.00653   -1016.00364
      10.01741    1016.00653   -1016.00364
      10.04741    1016.00653   -1016.00364
      10.07741    1016.00653   -1016.00364
