      #Energy        TDOS-UP        TDOS-DOWN
     -22.62600       0.00000       0.00000
     -22.59600       0.00000       0.00000
     -22.56600       0.00000       0.00000
     -22.53600       0.00000       0.00000
     -22.50700       0.00000       0.00000
     -22.47700       0.00000       0.00000
     -22.44700       0.00000       0.00000
     -22.41700       0.00000       0.00000
     -22.38700       0.00000       0.00000
     -22.35800       0.00000       0.00000
     -22.32800       0.00000       0.00000
     -22.29800       0.00000       0.00000
     -22.26800       0.00000       0.00000
     -22.23800       0.00000       0.00000
     -22.20900       0.00000       0.00000
     -22.17900       0.00000       0.00000
     -22.14900       0.00000       0.00000
     -22.11900       0.00000       0.00000
     -22.08900       0.00000       0.00000
     -22.06000       0.00000       0.00000
     -22.03000       0.00000       0.00000
     -22.00000       0.00000       0.00000
     -21.97000       0.00000       0.00000
     -21.94000       0.00000       0.00000
     -21.91100       0.00000       0.00000
     -21.88100       0.00000       0.00000
     -21.85100       0.00000       0.00000
     -21.82100       0.00000       0.00000
     -21.79100       0.00000       0.00000
     -21.76200       0.00000       0.00000
     -21.73200       0.00000       0.00000
     -21.70200       0.00000       0.00000
     -21.67200       0.00000       0.00000
     -21.64200       0.00000       0.00000
     -21.61300       0.00000       0.00000
     -21.58300       0.00000       0.00000
     -21.55300       0.00000      -0.00000
     -21.52300       0.00000      -0.00000
     -21.49300       0.00000      -0.00000
     -21.46300       0.00000      -0.00000
     -21.43400       0.00007      -0.00001
     -21.40400       0.00327      -0.00059
     -21.37400       0.07298      -0.01801
     -21.34400       0.84310      -0.28450
     -21.31400       5.14700      -2.35000
     -21.28500      17.37000     -10.48000
     -21.25500      35.84000     -27.01000
     -21.22500      53.32000     -45.99000
     -21.19500      64.91000     -60.49000
     -21.16500      64.89000     -65.53000
     -21.13600      52.03000     -58.40000
     -21.10600      33.00000     -42.13000
     -21.07600      20.73000     -25.58000
     -21.04600      21.32000     -20.13000
     -21.01600      27.80000     -24.89000
     -20.98700      31.95000     -30.50000
     -20.95700      31.89000     -31.44000
     -20.92700      32.47000     -30.84000
     -20.89700      34.53000     -33.56000
     -20.86700      32.03000     -34.92000
     -20.83800      26.99000     -30.42000
     -20.80800      24.29000     -25.64000
     -20.77800      22.83000     -23.09000
     -20.74800      25.07000     -23.18000
     -20.71800      29.74000     -27.86000
     -20.68900      27.25000     -29.69000
     -20.65900      19.85000     -23.15000
     -20.62900      17.46000     -17.17000
     -20.59900      19.63000     -17.58000
     -20.56900      18.28000     -19.38000
     -20.54000      12.21000     -15.76000
     -20.51000      11.57000     -11.12000
     -20.48000      19.92000     -14.92000
     -20.45000      29.45000     -23.92000
     -20.42000      41.19000     -32.12000
     -20.39100      57.79000     -46.12000
     -20.36100      60.13000     -60.97000
     -20.33100      40.89000     -55.18000
     -20.30100      24.57000     -34.22000
     -20.27100      25.07000     -24.04000
     -20.24100      31.09000     -27.90000
     -20.21200      30.71000     -31.19000
     -20.18200      26.29000     -28.35000
     -20.15200      25.35000     -25.16000
     -20.12200      28.61000     -26.19000
     -20.09200      28.41000     -28.77000
     -20.06300      21.46000     -25.90000
     -20.03300      14.43000     -18.23000
     -20.00300      10.68000     -12.68000
     -19.97300       6.96900      -9.55600
     -19.94300       3.02100      -5.66100
     -19.91400       1.36100      -2.31500
     -19.88400       2.92500      -2.02500
     -19.85400       7.01300      -5.06400
     -19.82400      11.47000      -9.58500
     -19.79400      14.88000     -13.53000
     -19.76500      15.22000     -15.66000
     -19.73500      10.19000     -12.96000
     -19.70500       3.88600      -6.41300
     -19.67500       0.92040      -1.76600
     -19.64500       1.18300      -0.66770
     -19.61600       4.76200      -2.52900
     -19.58600      11.04000      -7.85900
     -19.55600      14.81000     -13.57000
     -19.52600      13.70000     -14.58000
     -19.49600      11.01000     -12.29000
     -19.46700       8.50800      -9.69400
     -19.43700       9.03400      -8.42100
     -19.40700      13.70000     -11.53000
     -19.37700      15.94000     -15.72000
     -19.34700      13.04000     -14.77000
     -19.31800       9.88700     -11.08000
     -19.28800       9.98600      -9.32100
     -19.25800      15.36000     -12.14000
     -19.22800      21.91000     -19.36000
     -19.19800      20.79000     -22.50000
     -19.16800      14.47000     -17.44000
     -19.13900      11.39000     -12.10000
     -19.10900      13.48000     -11.99000
     -19.07900      17.21000     -15.65000
     -19.04900      18.41000     -18.19000
     -19.01900      18.98000     -18.50000
     -18.99000      21.62000     -20.29000
     -18.96000      23.31000     -23.09000
     -18.93000      21.21000     -22.52000
     -18.90000      19.35000     -19.50000
     -18.87000      21.96000     -19.75000
     -18.84100      27.91000     -24.58000
     -18.81100      31.76000     -30.60000
     -18.78100      28.00000     -30.89000
     -18.75100      22.67000     -24.91000
     -18.72100      25.53000     -23.31000
     -18.69200      32.02000     -29.53000
     -18.66200      33.31000     -33.51000
     -18.63200      33.33000     -33.36000
     -18.60200      34.29000     -34.21000
     -18.57200      34.64000     -34.88000
     -18.54300      34.32000     -34.38000
     -18.51300      31.36000     -32.26000
     -18.48300      23.81000     -27.21000
     -18.45300      15.35000     -18.56000
     -18.42300      15.03000     -12.89000
     -18.39400      22.16000     -17.20000
     -18.36400      24.72000     -24.08000
     -18.33400      20.35000     -22.84000
     -18.30400      19.00000     -18.24000
     -18.27400      26.66000     -20.53000
     -18.24500      40.48000     -32.50000
     -18.21500      52.80000     -47.97000
     -18.18500      56.54000     -56.76000
     -18.15500      48.29000     -54.21000
     -18.12500      31.02000     -41.27000
     -18.09600      15.35000     -23.71000
     -18.06600       8.33100     -11.49000
     -18.03600       8.42200      -7.91500
     -18.00600      13.82000     -10.63000
     -17.97600      22.65000     -18.39000
     -17.94600      26.81000     -26.03000
     -17.91700      23.64000     -25.36000
     -17.88700      25.85000     -22.86000
     -17.85700      36.68000     -30.45000
     -17.82700      44.61000     -41.43000
     -17.79700      48.41000     -46.79000
     -17.76800      52.31000     -50.50000
     -17.73800      51.43000     -52.57000
     -17.70800      43.36000     -47.67000
     -17.67800      34.40000     -38.52000
     -17.64800      30.52000     -31.50000
     -17.61900      35.07000     -31.17000
     -17.58900      44.85000     -39.33000
     -17.55900      49.99000     -48.63000
     -17.52900      45.35000     -49.45000
     -17.49900      37.11000     -41.93000
     -17.47000      34.24000     -35.77000
     -17.44000      33.69000     -34.57000
     -17.41000      30.76000     -32.28000
     -17.38000      28.47000     -29.13000
     -17.35000      27.38000     -27.65000
     -17.32100      24.95000     -26.28000
     -17.29100      20.21000     -22.55000
     -17.26100      18.20000     -18.34000
     -17.23100      23.25000     -19.93000
     -17.20100      33.49000     -28.70000
     -17.17200      41.62000     -39.05000
     -17.14200      42.50000     -43.04000
     -17.11200      38.35000     -40.43000
     -17.08200      31.70000     -34.66000
     -17.05200      27.27000     -28.77000
     -17.02300      28.07000     -27.53000
     -16.99300      28.47000     -28.84000
     -16.96300      25.07000     -26.75000
     -16.93300      21.78000     -22.88000
     -16.90300      21.70000     -21.40000
     -16.87300      26.34000     -23.88000
     -16.84400      34.36000     -30.73000
     -16.81400      40.18000     -38.25000
     -16.78400      38.72000     -40.51000
     -16.75400      30.56000     -34.52000
     -16.72400      26.09000     -26.23000
     -16.69500      30.41000     -26.39000
     -16.66500      34.15000     -32.35000
     -16.63500      32.31000     -34.06000
     -16.60500      30.33000     -31.75000
     -16.57500      29.99000     -30.61000
     -16.54600      28.89000     -30.01000
     -16.51600      27.44000     -29.10000
     -16.48600      21.37000     -25.42000
     -16.45600      12.35000     -16.03000
     -16.42600      12.54000     -10.46000
     -16.39700      23.27000     -17.47000
     -16.36700      29.85000     -28.52000
     -16.33700      23.33000     -28.09000
     -16.30700      12.76000     -17.45000
     -16.27700       7.27400      -8.97800
     -16.24800       6.21000      -6.32500
     -16.21800       6.04900      -6.11100
     -16.18800       5.15400      -5.55500
     -16.15800       3.91800      -4.40400
     -16.12800       2.58400      -3.24100
     -16.09900       1.19000      -1.89800
     -16.06900       0.32710      -0.70090
     -16.03900       0.16820      -0.16790
     -16.00900       1.15100      -0.34630
     -15.97900       5.77000      -2.39700
     -15.95000      15.78000      -9.33300
     -15.92000      24.30000     -20.05000
     -15.89000      22.75000     -24.87000
     -15.86000      16.23000     -19.94000
     -15.83000      14.96000     -13.96000
     -15.80100      22.14000     -14.26000
     -15.77100      30.13000     -21.81000
     -15.74100      27.14000     -29.47000
     -15.71100      18.93000     -27.45000
     -15.68100      20.18000     -22.58000
     -15.65100      28.80000     -26.28000
     -15.62200      33.19000     -32.53000
     -15.59200      30.25000     -32.59000
     -15.56200      25.38000     -27.57000
     -15.53200      28.04000     -26.31000
     -15.50200      37.80000     -34.61000
     -15.47300      42.64000     -42.18000
     -15.44300      38.96000     -39.74000
     -15.41300      32.73000     -32.72000
     -15.38300      25.13000     -27.33000
     -15.35300      16.57000     -20.94000
     -15.32400      12.82000     -14.36000
     -15.29400      15.68000     -13.13000
     -15.26400      22.10000     -17.50000
     -15.23400      28.88000     -23.80000
     -15.20400      34.61000     -29.05000
     -15.17500      35.67000     -32.75000
     -15.14500      30.70000     -33.46000
     -15.11500      28.37000     -30.86000
     -15.08500      32.32000     -30.36000
     -15.05500      35.19000     -33.87000
     -15.02600      34.46000     -35.91000
     -14.99600      33.20000     -34.83000
     -14.96600      31.69000     -33.56000
     -14.93600      28.86000     -32.40000
     -14.90600      26.76000     -29.13000
     -14.87700      29.07000     -26.97000
     -14.84700      33.95000     -30.22000
     -14.81700      36.25000     -34.19000
     -14.78700      38.23000     -36.38000
     -14.75700      41.32000     -40.79000
     -14.72800      43.33000     -45.57000
     -14.69800      42.23000     -46.99000
     -14.66800      32.74000     -40.25000
     -14.63800      18.01000     -24.69000
     -14.60800       9.55600     -11.85000
     -14.57800      11.21000      -9.79500
     -14.54900      17.60000     -15.46000
     -14.51900      20.63000     -20.27000
     -14.48900      19.44000     -20.10000
     -14.45900      17.37000     -18.06000
     -14.42900      15.20000     -15.59000
     -14.40000      15.01000     -14.48000
     -14.37000      16.36000     -15.91000
     -14.34000      16.46000     -16.86000
     -14.31000      14.97000     -15.76000
     -14.28000      12.92000     -13.52000
     -14.25100      12.30000     -12.14000
     -14.22100      13.06000     -12.74000
     -14.19100      12.70000     -12.91000
     -14.16100      13.15000     -12.22000
     -14.13100      17.73000     -15.03000
     -14.10200      20.80000     -20.09000
     -14.07200      17.54000     -19.49000
     -14.04200      17.25000     -16.63000
     -14.01200      26.26000     -22.09000
     -13.98200      35.14000     -32.49000
     -13.95300      32.90000     -35.12000
     -13.92300      22.98000     -26.88000
     -13.89300      19.27000     -19.33000
     -13.86300      26.42000     -22.72000
     -13.83300      33.72000     -31.34000
     -13.80400      31.66000     -33.32000
     -13.77400      22.82000     -26.51000
     -13.74400      16.63000     -18.17000
     -13.71400      19.83000     -16.87000
     -13.68400      30.29000     -24.78000
     -13.65500      39.45000     -35.46000
     -13.62500      41.49000     -41.13000
     -13.59500      37.76000     -39.73000
     -13.56500      34.44000     -35.22000
     -13.53500      34.34000     -32.31000
     -13.50500      35.98000     -32.54000
     -13.47600      39.48000     -36.31000
     -13.44600      43.02000     -42.57000
     -13.41600      41.24000     -45.53000
     -13.38600      38.85000     -42.61000
     -13.35600      40.09000     -41.01000
     -13.32700      37.13000     -39.49000
     -13.29700      30.55000     -33.44000
     -13.26700      27.75000     -28.76000
     -13.23700      28.10000     -28.08000
     -13.20700      29.04000     -28.84000
     -13.17800      28.17000     -28.51000
     -13.14800      25.94000     -26.47000
     -13.11800      22.65000     -24.28000
     -13.08800      16.99000     -19.76000
     -13.05800      14.40000     -15.12000
     -13.02900      19.40000     -17.33000
     -12.99900      24.56000     -23.53000
     -12.96900      23.24000     -24.14000
     -12.93900      23.26000     -22.47000
     -12.90900      29.77000     -27.15000
     -12.88000      33.72000     -33.45000
     -12.85000      26.75000     -30.33000
     -12.82000      16.25000     -19.30000
     -12.79000      15.02000     -13.98000
     -12.76000      20.90000     -18.55000
     -12.73100      22.93000     -22.64000
     -12.70100      23.71000     -22.75000
     -12.67100      32.61000     -28.46000
     -12.64100      45.87000     -41.30000
     -12.61100      54.68000     -52.44000
     -12.58200      53.64000     -55.47000
     -12.55200      42.38000     -47.31000
     -12.52200      30.22000     -34.13000
     -12.49200      23.48000     -25.05000
     -12.46200      21.32000     -21.20000
     -12.43300      23.24000     -21.24000
     -12.40300      29.80000     -25.91000
     -12.37300      36.40000     -33.83000
     -12.34300      36.33000     -37.76000
     -12.31300      34.25000     -35.98000
     -12.28300      35.75000     -35.68000
     -12.25400      36.78000     -36.47000
     -12.22400      37.44000     -36.76000
     -12.19400      38.78000     -37.85000
     -12.16400      41.62000     -39.70000
     -12.13400      44.55000     -43.17000
     -12.10500      41.83000     -42.99000
     -12.07500      36.13000     -37.97000
     -12.04500      31.62000     -33.49000
     -12.01500      28.82000     -30.04000
     -11.98500      30.58000     -29.28000
     -11.95600      34.07000     -32.65000
     -11.92600      31.94000     -33.35000
     -11.89600      26.48000     -28.79000
     -11.86600      21.70000     -24.08000
     -11.83600      17.83000     -19.89000
     -11.80700      18.57000     -18.06000
     -11.77700      24.86000     -22.30000
     -11.74700      30.33000     -29.23000
     -11.71700      27.46000     -30.04000
     -11.68700      17.86000     -21.71000
     -11.65800      12.70000     -13.69000
     -11.62800      17.63000     -15.51000
     -11.59800      25.11000     -23.17000
     -11.56800      26.93000     -26.91000
     -11.53800      25.46000     -25.84000
     -11.50900      26.34000     -26.01000
     -11.47900      26.25000     -26.96000
     -11.44900      22.21000     -23.59000
     -11.41900      21.74000     -21.25000
     -11.38900      26.57000     -25.06000
     -11.36000      32.83000     -30.75000
     -11.33000      45.24000     -40.81000
     -11.30000      60.13000     -56.56000
     -11.27000      61.30000     -62.75000
     -11.24000      49.36000     -53.25000
     -11.21000      38.10000     -40.81000
     -11.18100      34.02000     -34.55000
     -11.15100      36.19000     -35.43000
     -11.12100      37.52000     -37.75000
     -11.09100      33.97000     -35.17000
     -11.06100      32.43000     -32.15000
     -11.03200      39.11000     -36.70000
     -11.00200      49.20000     -46.93000
     -10.97200      50.73000     -51.74000
     -10.94200      40.40000     -43.71000
     -10.91200      31.56000     -33.07000
     -10.88300      31.99000     -31.02000
     -10.85300      38.74000     -36.16000
     -10.82300      49.23000     -45.73000
     -10.79300      57.79000     -54.59000
     -10.76300      60.84000     -58.16000
     -10.73400      60.68000     -58.87000
     -10.70400      60.06000     -59.66000
     -10.67400      58.76000     -60.77000
     -10.64400      55.91000     -59.53000
     -10.61400      54.32000     -56.94000
     -10.58500      51.14000     -53.06000
     -10.55500      45.10000     -46.50000
     -10.52500      41.12000     -41.80000
     -10.49500      39.30000     -40.00000
     -10.46500      37.08000     -37.89000
     -10.43600      35.60000     -35.78000
     -10.40600      36.40000     -35.76000
     -10.37600      39.50000     -38.28000
     -10.34600      41.83000     -41.68000
     -10.31600      39.38000     -40.57000
     -10.28700      38.51000     -38.49000
     -10.25700      43.59000     -42.72000
     -10.22700      47.93000     -48.09000
     -10.19700      49.80000     -49.85000
     -10.16700      54.96000     -53.73000
     -10.13800      58.01000     -58.22000
     -10.10800      47.80000     -50.98000
     -10.07800      30.68000     -34.04000
     -10.04800      22.56000     -23.02000
     -10.01800      27.70000     -26.03000
      -9.98800      32.88000     -32.35000
      -9.95900      30.88000     -31.37000
      -9.92900      30.60000     -29.67000
      -9.89900      38.78000     -35.69000
      -9.86900      51.07000     -48.02000
      -9.83900      53.19000     -54.31000
      -9.81000      37.31000     -42.58000
      -9.78000      16.57000     -21.19000
      -9.75000       5.47200      -7.02200
      -9.72000       6.44500      -5.04700
      -9.69000      19.04000     -14.77000
      -9.66100      38.50000     -33.51000
      -9.63100      50.41000     -48.79000
      -9.60100      45.35000     -47.90000
      -9.57100      31.84000     -35.00000
      -9.54100      25.22000     -25.89000
      -9.51200      26.37000     -26.00000
      -9.48200      26.16000     -26.24000
      -9.45200      27.99000     -26.62000
      -9.42200      36.38000     -34.39000
      -9.39200      43.57000     -43.88000
      -9.36300      43.42000     -45.20000
      -9.33300      40.50000     -40.39000
      -9.30300      46.90000     -41.74000
      -9.27300      69.16000     -56.25000
      -9.24300      96.25000     -77.25000
      -9.21400     106.70000     -91.86000
      -9.18400     101.50000     -94.09000
      -9.15400      99.74000     -93.28000
      -9.12400      97.22000     -95.02000
      -9.09400      84.93000     -90.86000
      -9.06500      66.92000     -81.59000
      -9.03500      50.37000     -69.67000
      -9.00500      48.55000     -57.31000
      -8.97500      57.90000     -54.65000
      -8.94500      61.50000     -57.41000
      -8.91500      64.01000     -60.75000
      -8.88600      76.03000     -68.99000
      -8.85600      90.87000     -81.81000
      -8.82600     101.70000     -95.75000
      -8.79600     105.10000    -107.40000
      -8.76600      97.92000    -108.80000
      -8.73700      85.40000     -94.00000
      -8.70700      81.60000     -81.76000
      -8.67700      89.52000     -89.53000
      -8.64700      97.46000    -101.70000
      -8.61700      99.97000    -102.40000
      -8.58800      98.80000     -94.07000
      -8.55800      96.77000     -88.38000
      -8.52800      88.21000     -89.30000
      -8.49800      75.13000     -82.94000
      -8.46800      71.91000     -70.78000
      -8.43900      75.10000     -71.18000
      -8.40900      76.28000     -82.43000
      -8.37900      79.63000     -90.19000
      -8.34900      76.90000     -85.12000
      -8.31900      55.97000     -62.45000
      -8.29000      31.89000     -34.16000
      -8.26000      27.25000     -19.79000
      -8.23000      42.49000     -24.56000
      -8.20000      62.45000     -43.42000
      -8.17000      84.55000     -68.29000
      -8.14100     113.90000     -93.44000
      -8.11100     132.70000    -118.50000
      -8.08100     128.10000    -136.60000
      -8.05100     114.60000    -135.30000
      -8.02100      97.20000    -117.30000
      -7.99200      80.78000     -95.30000
      -7.96200      86.21000     -85.36000
      -7.93200     105.50000     -96.53000
      -7.90200     105.70000    -103.80000
      -7.87200      87.36000     -92.00000
      -7.84300      68.35000     -74.55000
      -7.81300      58.42000     -59.92000
      -7.78300      62.96000     -57.99000
      -7.75300      72.79000     -68.43000
      -7.72300      71.36000     -73.44000
      -7.69300      54.43000     -65.77000
      -7.66400      30.88000     -46.84000
      -7.63400      15.13000     -23.76000
      -7.60400      16.62000     -13.13000
      -7.57400      30.76000     -21.58000
      -7.54400      46.13000     -39.78000
      -7.51500      57.38000     -55.19000
      -7.48500      63.92000     -64.49000
      -7.45500      66.40000     -67.33000
      -7.42500      64.46000     -65.36000
      -7.39500      54.21000     -58.41000
      -7.36600      41.31000     -45.41000
      -7.33600      37.04000     -36.82000
      -7.30600      42.05000     -41.11000
      -7.27600      47.76000     -49.70000
      -7.24600      48.60000     -50.21000
      -7.21700      47.93000     -44.39000
      -7.18700      49.55000     -44.82000
      -7.15700      45.18000     -47.29000
      -7.12700      31.74000     -38.26000
      -7.09700      20.87000     -26.16000
      -7.06800      22.02000     -23.05000
      -7.03800      35.11000     -29.53000
      -7.00800      54.35000     -43.82000
      -6.97800      69.58000     -61.78000
      -6.94800      69.56000     -71.14000
      -6.91900      58.93000     -63.19000
      -6.88900      53.59000     -51.65000
      -6.85900      53.80000     -51.81000
      -6.82900      52.79000     -55.24000
      -6.79900      57.73000     -55.27000
      -6.77000      68.65000     -58.18000
      -6.74000      70.09000     -61.38000
      -6.71000      62.58000     -63.22000
      -6.68000      64.97000     -69.19000
      -6.65000      75.44000     -76.98000
      -6.62000      83.76000     -85.30000
      -6.59100      96.87000     -93.72000
      -6.56100     111.50000     -99.65000
      -6.53100     115.30000    -107.10000
      -6.50100     106.00000    -113.10000
      -6.47100      93.47000    -110.60000
      -6.44200      87.16000     -98.22000
      -6.41200      91.37000     -88.57000
      -6.38200     103.60000     -98.73000
      -6.35200     113.50000    -117.90000
      -6.32200     106.50000    -115.00000
      -6.29300      77.46000     -79.26000
      -6.26300      46.83000     -40.07000
      -6.23300      29.34000     -26.10000
      -6.20300      29.73000     -28.06000
      -6.17300      48.74000     -34.03000
      -6.14400      61.10000     -46.27000
      -6.11400      46.36000     -53.95000
      -6.08400      25.86000     -45.18000
      -6.05400      22.67000     -27.92000
      -6.02400      28.95000     -20.05000
      -5.99500      33.42000     -26.14000
      -5.96500      36.13000     -33.88000
      -5.93500      36.04000     -37.37000
      -5.90500      34.24000     -37.82000
      -5.87500      37.74000     -35.48000
      -5.84600      49.75000     -35.33000
      -5.81600      61.61000     -45.59000
      -5.78600      65.58000     -64.01000
      -5.75600      63.54000     -75.00000
      -5.72600      56.67000     -69.46000
      -5.69700      48.90000     -58.55000
      -5.66700      46.55000     -53.09000
      -5.63700      45.24000     -45.54000
      -5.60700      42.43000     -35.96000
      -5.57700      39.69000     -33.91000
      -5.54800      35.72000     -35.48000
      -5.51800      32.80000     -34.19000
      -5.48800      34.22000     -32.28000
      -5.45800      37.23000     -33.39000
      -5.42800      38.42000     -37.40000
      -5.39800      35.97000     -40.80000
      -5.36900      30.27000     -39.75000
      -5.33900      23.78000     -33.64000
      -5.30900      19.90000     -26.08000
      -5.27900      20.80000     -21.07000
      -5.24900      25.69000     -22.64000
      -5.22000      36.87000     -33.29000
      -5.19000      54.67000     -52.10000
      -5.16000      62.90000     -64.55000
      -5.13000      48.24000     -55.23000
      -5.10000      26.41000     -34.00000
      -5.07100      16.91000     -17.57000
      -5.04100      19.52000     -11.53000
      -5.01100      26.63000     -15.05000
      -4.98100      35.11000     -25.35000
      -4.95100      41.18000     -36.78000
      -4.92200      40.95000     -42.67000
      -4.89200      36.34000     -41.30000
      -4.86200      29.68000     -35.44000
      -4.83200      21.52000     -28.88000
      -4.80200      14.78000     -23.09000
      -4.77300      13.87000     -17.70000
      -4.74300      18.73000     -14.78000
      -4.71300      21.94000     -17.31000
      -4.68300      18.56000     -21.67000
      -4.65300      13.10000     -20.71000
      -4.62400      12.05000     -15.13000
      -4.59400      16.46000     -11.55000
      -4.56400      21.37000     -13.93000
      -4.53400      21.53000     -19.76000
      -4.50400      20.23000     -22.52000
      -4.47500      24.74000     -21.27000
      -4.44500      33.75000     -23.33000
      -4.41500      38.40000     -31.70000
      -4.38500      34.46000     -38.98000
      -4.35500      27.73000     -37.11000
      -4.32500      23.66000     -29.56000
      -4.29600      21.66000     -24.21000
      -4.26600      18.03000     -22.00000
      -4.23600      11.73000     -19.41000
      -4.20600       9.17000     -13.72000
      -4.17600      14.64000      -9.25200
      -4.14700      26.12000     -11.01000
      -4.11700      34.69000     -19.49000
      -4.08700      31.63000     -30.92000
      -4.05700      23.81000     -34.57000
      -4.02700      20.25000     -27.92000
      -3.99800      18.25000     -21.79000
      -3.96800      13.86000     -19.32000
      -3.93800       8.06800     -15.87000
      -3.90800       6.07400     -10.34000
      -3.87800      10.51000      -7.09400
      -3.84900      17.15000      -9.92400
      -3.81900      20.96000     -15.30000
      -3.78900      20.18000     -18.85000
      -3.75900      17.20000     -19.77000
      -3.72900      18.49000     -17.46000
      -3.70000      24.95000     -16.18000
      -3.67000      27.84000     -20.82000
      -3.64000      23.36000     -26.98000
      -3.61000      20.26000     -26.26000
      -3.58000      25.18000     -21.06000
      -3.55100      33.66000     -20.10000
      -3.52100      36.77000     -25.98000
      -3.49100      35.66000     -35.05000
      -3.46100      35.65000     -41.02000
      -3.43100      34.12000     -42.45000
      -3.40200      27.98000     -40.18000
      -3.37200      18.79000     -31.47000
      -3.34200      14.42000     -18.90000
      -3.31200      19.57000     -10.59000
      -3.28200      25.42000     -10.89000
      -3.25200      22.04000     -18.42000
      -3.22300      15.14000     -24.48000
      -3.19300      13.14000     -21.59000
      -3.16300      15.53000     -16.09000
      -3.13300      20.81000     -15.12000
      -3.10300      27.32000     -17.53000
      -3.07400      31.66000     -21.24000
      -3.04400      32.96000     -24.66000
      -3.01400      29.70000     -28.25000
      -2.98400      20.77000     -31.52000
      -2.95400      14.01000     -29.03000
      -2.92500      15.08000     -19.19000
      -2.89500      17.71000     -11.02000
      -2.86500      15.69000     -11.29000
      -2.83500      12.51000     -15.81000
      -2.80500      15.43000     -16.75000
      -2.77600      24.79000     -12.51000
      -2.74600      32.24000      -8.75200
      -2.71600      32.53000     -11.82000
      -2.68600      29.07000     -21.87000
      -2.65600      26.21000     -30.75000
      -2.62700      24.23000     -33.52000
      -2.59700      22.15000     -33.41000
      -2.56700      22.61000     -31.91000
      -2.53700      26.68000     -29.43000
      -2.50700      29.62000     -28.29000
      -2.47800      27.59000     -29.63000
      -2.44800      25.85000     -29.92000
      -2.41800      27.25000     -29.53000
      -2.38800      24.90000     -31.21000
      -2.35800      18.80000     -30.83000
      -2.32900      12.80000     -25.06000
      -2.29900       8.30600     -17.90000
      -2.26900       6.73000     -11.82000
      -2.23900       7.17500      -7.95100
      -2.20900       6.93600      -7.13000
      -2.18000       4.52100      -7.39700
      -2.15000       1.72300      -5.98500
      -2.12000       0.35960      -3.01200
      -2.09000       0.03974      -0.85360
      -2.06000       0.00228      -0.13000
      -2.03000       0.00007      -0.01038
      -2.00100       0.00000      -0.00043
      -1.97100       0.00000      -0.00001
      -1.94100       0.00000      -0.00000
      -1.91100       0.00000      -0.00000
      -1.88100       0.00000      -0.00000
      -1.85200       0.00000      -0.00000
      -1.82200       0.00000       0.00000
      -1.79200       0.00000       0.00000
      -1.76200       0.00000       0.00000
      -1.73200       0.00000       0.00000
      -1.70300       0.00000       0.00000
      -1.67300       0.00000       0.00000
      -1.64300       0.00000       0.00000
      -1.61300       0.00000       0.00000
      -1.58300       0.00000       0.00000
      -1.55400       0.00000       0.00000
      -1.52400       0.00000      -0.00000
      -1.49400       0.00000      -0.00000
      -1.46400       0.00000      -0.00000
      -1.43400       0.00004      -0.00000
      -1.40500       0.00138      -0.00006
      -1.37500       0.02791      -0.00222
      -1.34500       0.31130      -0.04075
      -1.31500       1.96900      -0.41430
      -1.28500       7.21100      -2.40400
      -1.25600      15.42000      -8.12900
      -1.22600      19.38000     -16.16000
      -1.19600      14.65000     -19.02000
      -1.16600       7.64100     -13.63000
      -1.13600       5.04500      -6.83500
      -1.10700       6.17300      -4.57600
      -1.07700       9.34400      -5.89100
      -1.04700      15.07000      -8.95200
      -1.01700      20.47000     -14.38000
      -0.98700      23.88000     -19.64000
      -0.95700      28.60000     -22.85000
      -0.92800      33.54000     -27.54000
      -0.89800      37.32000     -32.85000
      -0.86800      41.69000     -36.37000
      -0.83800      44.46000     -40.41000
      -0.80800      43.55000     -44.05000
      -0.77900      38.44000     -44.51000
      -0.74900      32.80000     -39.82000
      -0.71900      30.26000     -33.51000
      -0.68900      27.24000     -31.03000
      -0.65900      24.18000     -27.95000
      -0.63000      23.81000     -23.06000
      -0.60000      22.27000     -21.86000
      -0.57000      19.18000     -22.20000
      -0.54000      20.55000     -20.37000
      -0.51000      24.53000     -20.91000
      -0.48100      23.89000     -24.53000
      -0.45100      22.81000     -24.03000
      -0.42100      27.07000     -21.64000
      -0.39100      32.67000     -25.00000
      -0.36100      33.44000     -31.60000
      -0.33200      26.99000     -34.47000
      -0.30200      20.70000     -29.34000
      -0.27200      23.06000     -20.77000
      -0.24200      28.82000     -19.47000
      -0.21200      28.91000     -26.23000
      -0.18300      26.15000     -30.54000
      -0.15300      24.23000     -28.71000
      -0.12300      23.56000     -25.44000
      -0.09300      28.55000     -22.63000
      -0.06300      35.93000     -24.63000
      -0.03400      37.05000     -31.93000
      -0.00400      32.53000     -35.98000
       0.02600      28.30000     -33.38000
       0.05600      26.23000     -28.57000
       0.08600      23.09000     -26.00000
       0.11500      19.41000     -25.76000
       0.14500      19.63000     -24.32000
       0.17500      20.34000     -22.94000
       0.20500      17.96000     -21.70000
       0.23500      16.89000     -18.04000
       0.26500      18.54000     -15.75000
       0.29400      18.03000     -17.46000
       0.32400      14.11000     -18.44000
       0.35400      13.18000     -14.90000
       0.38400      18.74000     -11.76000
       0.41400      25.45000     -15.21000
       0.44300      27.77000     -22.78000
       0.47300      26.54000     -27.67000
       0.50300      25.20000     -27.32000
       0.53300      22.83000     -25.17000
       0.56300      18.86000     -24.51000
       0.59200      18.89000     -25.70000
       0.62200      28.36000     -33.50000
       0.65200      40.94000     -45.80000
       0.68200      41.71000     -46.89000
       0.71200      33.15000     -36.40000
       0.74100      33.43000     -34.08000
       0.77100      39.69000     -39.86000
       0.80100      33.73000     -34.63000
       0.83100      17.95000     -18.86000
       0.86100       6.40900      -6.55600
       0.89000       4.51500      -2.41700
       0.92000      14.64000      -6.26800
       0.95000      37.31000     -20.24000
       0.98000      61.69000     -41.33000
       1.01000      75.44000     -59.81000
       1.03900      76.83000     -69.93000
       1.06900      68.09000     -70.83000
       1.09900      59.17000     -68.15000
       1.12900      64.69000     -72.07000
       1.15900      76.88000     -79.60000
       1.18800      73.53000     -80.58000
       1.21800      57.00000     -73.31000
       1.24800      42.41000     -57.25000
       1.27800      33.52000     -39.76000
       1.30800      30.81000     -32.06000
       1.33800      29.89000     -30.21000
       1.36700      30.09000     -29.89000
       1.39700      31.83000     -31.28000
       1.42700      29.69000     -29.50000
       1.45700      27.08000     -26.55000
       1.48700      32.05000     -30.41000
       1.51600      41.20000     -39.65000
       1.54600      44.53000     -44.47000
       1.57600      43.25000     -43.42000
       1.60600      47.71000     -46.61000
       1.63600      55.84000     -54.53000
       1.66500      58.88000     -56.72000
       1.69500      62.70000     -54.68000
       1.72500      73.17000     -59.81000
       1.75500      79.01000     -73.60000
       1.78500      72.18000     -79.75000
       1.81400      64.77000     -70.62000
       1.84400      69.45000     -61.23000
       1.87400      79.68000     -62.25000
       1.90400      79.49000     -68.18000
       1.93400      76.33000     -70.76000
       1.96300      85.32000     -73.06000
       1.99300      96.89000     -82.42000
       2.02300     100.30000     -93.67000
       2.05300      95.58000     -98.27000
       2.08300      82.50000     -92.78000
       2.11200      64.77000     -79.21000
       2.14200      53.20000     -67.27000
       2.17200      51.82000     -62.62000
       2.20200      54.73000     -61.71000
       2.23200      59.27000     -61.10000
       2.26100      63.95000     -61.25000
       2.29100      66.68000     -65.06000
       2.32100      75.81000     -76.94000
       2.35100      93.27000     -93.25000
       2.38100     106.80000    -102.60000
       2.41000     111.50000    -105.60000
       2.44000     104.40000    -102.20000
       2.47000      90.79000     -91.64000
       2.50000      83.71000     -85.43000
       2.53000      80.40000     -84.33000
       2.56000      77.69000     -82.52000
       2.58900      83.39000     -84.86000
       2.61900      95.62000     -93.76000
       2.64900     101.70000    -101.10000
       2.67900      97.51000     -99.71000
       2.70900      90.49000     -92.80000
       2.73800      85.75000     -85.95000
       2.76800      82.82000     -81.94000
       2.79800      80.53000     -80.43000
       2.82800      77.87000     -78.71000
       2.85800      75.46000     -76.76000
       2.88700      72.85000     -74.49000
       2.91700      67.73000     -69.24000
       2.94700      62.69000     -62.41000
       2.97700      61.92000     -59.51000
       3.00700      66.00000     -64.27000
       3.03600      72.16000     -73.70000
       3.06600      75.79000     -79.42000
       3.09600      79.17000     -80.71000
       3.12600      85.64000     -83.98000
       3.15600      89.46000     -87.82000
       3.18500      89.14000     -88.92000
       3.21500      90.15000     -90.48000
       3.24500      90.43000     -91.79000
       3.27500      85.61000     -88.49000
       3.30500      78.91000     -82.29000
       3.33400      74.20000     -77.05000
       3.36400      72.51000     -73.48000
       3.39400      73.49000     -73.03000
       3.42400      75.72000     -75.68000
       3.45400      77.93000     -77.51000
       3.48300      78.76000     -76.96000
       3.51300      77.27000     -76.28000
       3.54300      74.40000     -75.73000
       3.57300      72.65000     -74.74000
       3.60300      72.58000     -74.59000
       3.63300      73.42000     -75.91000
       3.66200      75.09000     -77.22000
       3.69200      76.56000     -77.20000
       3.72200      76.53000     -76.16000
       3.75200      75.26000     -74.76000
       3.78200      74.31000     -73.86000
       3.81100      74.05000     -73.16000
       3.84100      73.14000     -71.19000
       3.87100      70.89000     -69.43000
       3.90100      69.74000     -69.36000
       3.93100      70.75000     -69.57000
       3.96000      70.49000     -69.93000
       3.99000      68.40000     -70.82000
       4.02000      66.62000     -71.39000
       4.05000      65.50000     -69.85000
       4.08000      65.95000     -66.61000
       4.10900      68.39000     -65.62000
       4.13900      70.81000     -68.45000
       4.16900      73.62000     -72.68000
       4.19900      76.66000     -75.08000
       4.22900      76.88000     -74.99000
       4.25800      74.64000     -73.51000
       4.28800      72.94000     -71.70000
       4.31800      72.34000     -70.62000
       4.34800      71.60000     -69.85000
       4.37800      69.89000     -67.83000
       4.40700      66.41000     -65.45000
       4.43700      61.84000     -64.05000
       4.46700      58.70000     -62.70000
       4.49700      57.27000     -61.20000
       4.52700      55.85000     -59.97000
       4.55600      54.60000     -58.32000
       4.58600      54.64000     -56.55000
       4.61600      55.36000     -56.02000
       4.64600      54.95000     -56.42000
       4.67600      52.43000     -54.76000
       4.70500      49.14000     -51.04000
       4.73500      47.02000     -48.36000
       4.76500      45.05000     -46.35000
       4.79500      41.59000     -44.13000
       4.82500      39.48000     -41.10000
       4.85500      40.47000     -37.25000
       4.88400      40.90000     -34.84000
       4.91400      38.11000     -35.15000
       4.94400      33.67000     -36.47000
       4.97400      30.46000     -36.35000
       5.00400      28.68000     -34.57000
       5.03300      27.91000     -31.78000
       5.06300      28.65000     -28.72000
       5.09300      29.41000     -26.63000
       5.12300      28.31000     -25.14000
       5.15300      25.86000     -23.62000
       5.18200      23.91000     -22.59000
       5.21200      23.60000     -22.01000
       5.24200      24.30000     -21.65000
       5.27200      24.12000     -21.72000
       5.30200      22.05000     -21.70000
       5.33100      19.01000     -21.11000
       5.36100      16.68000     -19.80000
       5.39100      15.07000     -17.28000
       5.42100      13.21000     -14.24000
       5.45100      11.86000     -12.14000
       5.48000      11.77000     -10.83000
       5.51000      11.26000      -9.73200
       5.54000       9.11900      -8.83200
       5.57000       6.56500      -7.60400
       5.60000       4.79700      -6.16400
       5.62900       3.75900      -4.91400
       5.65900       2.75800      -3.44200
       5.68900       1.79800      -2.07400
       5.71900       1.21500      -1.46100
       5.74900       0.89090      -1.12400
       5.77800       0.71530      -0.58050
       5.80800       0.55970      -0.16310
       5.83800       0.32510      -0.02374
       5.86800       0.11410      -0.00177
       5.89800       0.02180      -0.00007
       5.92800       0.00217      -0.00000
       5.95700       0.00011      -0.00000
       5.98700       0.00000      -0.00000
       6.01700       0.00000      -0.00000
       6.04700       0.00000      -0.00000
       6.07700       0.00000       0.00000
       6.10600       0.00000       0.00000
       6.13600       0.00000       0.00000
       6.16600       0.00000       0.00000
       6.19600       0.00000       0.00000
       6.22600       0.00000       0.00000
       6.25500       0.00000       0.00000
       6.28500       0.00000       0.00000
       6.31500       0.00000       0.00000
       6.34500       0.00000       0.00000
       6.37500       0.00000       0.00000
       6.40400       0.00000       0.00000
       6.43400       0.00000       0.00000
       6.46400       0.00000       0.00000
       6.49400       0.00000       0.00000
       6.52400       0.00000       0.00000
       6.55300       0.00000       0.00000
       6.58300       0.00000       0.00000
       6.61300       0.00000       0.00000
       6.64300       0.00000       0.00000
       6.67300       0.00000       0.00000
       6.70200       0.00000       0.00000
       6.73200       0.00000       0.00000
       6.76200       0.00000       0.00000
       6.79200       0.00000       0.00000
       6.82200       0.00000       0.00000
       6.85100       0.00000       0.00000
       6.88100       0.00000       0.00000
       6.91100       0.00000       0.00000
       6.94100       0.00000       0.00000
       6.97100       0.00000       0.00000
       7.00100       0.00000       0.00000
       7.03000       0.00000       0.00000
       7.06000       0.00000       0.00000
       7.09000       0.00000       0.00000
       7.12000       0.00000       0.00000
       7.15000       0.00000       0.00000
