      #Energy        TDOS-UP        TDOS-DOWN
     -24.58350       0.00000       0.00000
     -24.54850       0.00000       0.00000
     -24.51350       0.00000       0.00000
     -24.47850       0.00000       0.00000
     -24.44350       0.00000       0.00000
     -24.40850       0.00000       0.00000
     -24.37250       0.00000       0.00000
     -24.33750       0.00000       0.00000
     -24.30250       0.00000       0.00000
     -24.26750       0.00000       0.00000
     -24.23250       0.00000       0.00000
     -24.19750       0.00000       0.00000
     -24.16250       0.00000       0.00000
     -24.12750       0.00000       0.00000
     -24.09250       0.00000       0.00000
     -24.05750       0.00000       0.00000
     -24.02250       0.00000       0.00000
     -23.98750       0.00000       0.00000
     -23.95250       0.00000       0.00000
     -23.91750       0.00000       0.00000
     -23.88250       0.00000       0.00000
     -23.84650       0.00000       0.00000
     -23.81150       0.00000       0.00000
     -23.77650       0.00000       0.00000
     -23.74150       0.00000       0.00000
     -23.70650       0.00000       0.00000
     -23.67150       0.00000       0.00000
     -23.63650       0.00000       0.00000
     -23.60150       0.00000       0.00000
     -23.56650       0.00000       0.00000
     -23.53150       0.00000       0.00000
     -23.49650       0.00000       0.00000
     -23.46150       0.00000       0.00000
     -23.42650       0.00000       0.00000
     -23.39150       0.00000       0.00000
     -23.35550       0.00000       0.00000
     -23.32050       0.00000       0.00000
     -23.28550       0.00000      -0.00000
     -23.25050       0.00000      -0.00000
     -23.21550       0.00000      -0.00000
     -23.18050       0.00000      -0.00000
     -23.14550       0.00001      -0.00001
     -23.11050       0.00057      -0.00050
     -23.07550       0.01445      -0.01315
     -23.04050       0.15633      -0.14601
     -23.00550       0.80268      -0.76328
     -22.97050       2.34655      -2.23562
     -22.93550       4.92670      -4.62078
     -22.90050       8.74966      -8.11849
     -22.86550      13.43126     -12.64229
     -22.82950      17.36294     -16.80786
     -22.79450      19.36621     -19.16217
     -22.75950      19.92001     -19.88713
     -22.72450      19.99371     -19.99468
     -22.68950      19.99801     -20.00167
     -22.65450      19.99812     -20.00186
     -22.61950      19.99812     -20.00186
     -22.58450      19.99812     -20.00186
     -22.54950      19.99812     -20.00186
     -22.51450      19.99812     -20.00186
     -22.47950      19.99812     -20.00186
     -22.44450      19.99812     -20.00186
     -22.40950      19.99812     -20.00186
     -22.37450      19.99812     -20.00186
     -22.33950      19.99812     -20.00186
     -22.30350      19.99812     -20.00186
     -22.26850      19.99812     -20.00186
     -22.23350      19.99812     -20.00186
     -22.19850      19.99812     -20.00186
     -22.16350      19.99812     -20.00186
     -22.12850      19.99812     -20.00186
     -22.09350      19.99812     -20.00186
     -22.05850      19.99812     -20.00186
     -22.02350      19.99812     -20.00186
     -21.98850      19.99812     -20.00186
     -21.95350      19.99812     -20.00186
     -21.91850      19.99812     -20.00186
     -21.88350      19.99812     -20.00186
     -21.84850      19.99812     -20.00186
     -21.81250      19.99812     -20.00186
     -21.77750      19.99812     -20.00186
     -21.74250      19.99812     -20.00186
     -21.70750      19.99812     -20.00186
     -21.67250      19.99812     -20.00186
     -21.63750      19.99812     -20.00186
     -21.60250      19.99812     -20.00186
     -21.56750      19.99812     -20.00186
     -21.53250      19.99812     -20.00186
     -21.49750      19.99812     -20.00186
     -21.46250      19.99812     -20.00186
     -21.42750      19.99812     -20.00186
     -21.39250      19.99812     -20.00186
     -21.35750      19.99812     -20.00186
     -21.32250      19.99812     -20.00186
     -21.28650      19.99812     -20.00186
     -21.25150      19.99812     -20.00186
     -21.21650      19.99812     -20.00186
     -21.18150      19.99812     -20.00186
     -21.14650      19.99812     -20.00186
     -21.11150      19.99812     -20.00186
     -21.07650      19.99812     -20.00186
     -21.04150      19.99812     -20.00186
     -21.00650      19.99812     -20.00186
     -20.97150      19.99812     -20.00186
     -20.93650      19.99812     -20.00186
     -20.90150      19.99812     -20.00186
     -20.86650      19.99812     -20.00186
     -20.83150      19.99812     -20.00186
     -20.79650      19.99812     -20.00186
     -20.76050      19.99812     -20.00186
     -20.72550      19.99812     -20.00186
     -20.69050      19.99812     -20.00186
     -20.65550      19.99812     -20.00186
     -20.62050      19.99812     -20.00186
     -20.58550      19.99812     -20.00186
     -20.55050      19.99812     -20.00186
     -20.51550      19.99812     -20.00186
     -20.48050      19.99812     -20.00186
     -20.44550      19.99812     -20.00186
     -20.41050      19.99812     -20.00186
     -20.37550      19.99812     -20.00186
     -20.34050      19.99812     -20.00186
     -20.30550      19.99812     -20.00186
     -20.26950      19.99812     -20.00186
     -20.23450      19.99812     -20.00186
     -20.19950      19.99812     -20.00186
     -20.16450      19.99812     -20.00186
     -20.12950      19.99812     -20.00186
     -20.09450      19.99812     -20.00186
     -20.05950      19.99812     -20.00186
     -20.02450      19.99812     -20.00186
     -19.98950      19.99812     -20.00186
     -19.95450      19.99812     -20.00186
     -19.91950      19.99812     -20.00186
     -19.88450      19.99812     -20.00186
     -19.84950      19.99812     -20.00186
     -19.81450      19.99812     -20.00186
     -19.77950      19.99812     -20.00186
     -19.74350      19.99812     -20.00186
     -19.70850      19.99812     -20.00186
     -19.67350      19.99812     -20.00186
     -19.63850      19.99812     -20.00186
     -19.60350      19.99812     -20.00186
     -19.56850      19.99812     -20.00186
     -19.53350      19.99812     -20.00186
     -19.49850      19.99812     -20.00186
     -19.46350      19.99812     -20.00186
     -19.42850      19.99812     -20.00186
     -19.39350      19.99812     -20.00186
     -19.35850      19.99812     -20.00186
     -19.32350      19.99812     -20.00186
     -19.28850      19.99812     -20.00186
     -19.25250      19.99812     -20.00186
     -19.21750      19.99812     -20.00186
     -19.18250      19.99812     -20.00186
     -19.14750      19.99812     -20.00186
     -19.11250      19.99812     -20.00186
     -19.07750      19.99812     -20.00186
     -19.04250      19.99812     -20.00186
     -19.00750      19.99812     -20.00186
     -18.97250      19.99812     -20.00186
     -18.93750      19.99812     -20.00186
     -18.90250      19.99812     -20.00186
     -18.86750      19.99812     -20.00186
     -18.83250      19.99812     -20.00186
     -18.79750      19.99812     -20.00186
     -18.76250      19.99812     -20.00186
     -18.72650      19.99812     -20.00186
     -18.69150      19.99812     -20.00186
     -18.65650      19.99812     -20.00186
     -18.62150      19.99812     -20.00186
     -18.58650      19.99812     -20.00186
     -18.55150      19.99812     -20.00186
     -18.51650      19.99812     -20.00186
     -18.48150      19.99812     -20.00186
     -18.44650      19.99812     -20.00186
     -18.41150      19.99812     -20.00186
     -18.37650      19.99812     -20.00186
     -18.34150      19.99812     -20.00186
     -18.30650      19.99812     -20.00186
     -18.27150      19.99812     -20.00186
     -18.23650      19.99812     -20.00186
     -18.20050      19.99812     -20.00186
     -18.16550      19.99812     -20.00186
     -18.13050      19.99812     -20.00186
     -18.09550      19.99812     -20.00186
     -18.06050      19.99812     -20.00186
     -18.02550      19.99812     -20.00186
     -17.99050      19.99818     -20.00192
     -17.95550      20.00073     -20.00435
     -17.92050      20.04402     -20.04545
     -17.88550      20.36186     -20.33843
     -17.85050      21.48685     -21.30280
     -17.81550      23.71736     -23.07094
     -17.78050      26.60523     -25.45979
     -17.74550      29.45399     -28.24947
     -17.70950      31.82916     -30.92798
     -17.67450      33.49070     -32.99910
     -17.63950      34.76911     -34.60611
     -17.60450      36.26669     -36.23187
     -17.56950      37.83442     -37.82852
     -17.53450      39.02639     -39.03031
     -17.49950      39.70391     -39.70923
     -17.46450      39.94952     -39.95376
     -17.42950      39.99431     -39.99811
     -17.39450      39.99787     -40.00161
     -17.35950      39.99862     -40.00172
     -17.32450      40.01392     -40.00174
     -17.28950      40.16492     -40.00270
     -17.25450      40.80780     -40.02355
     -17.21950      42.07307     -40.20969
     -17.18350      43.29134     -40.93176
     -17.14850      43.86309     -42.23753
     -17.11350      43.98621     -43.39653
     -17.07850      43.99756     -43.89545
     -17.04350      43.99799     -43.99316
     -17.00850      43.99800     -44.00130
     -16.97350      43.99800     -44.00158
     -16.93850      43.99800     -44.00158
     -16.90350      43.99800     -44.00158
     -16.86850      43.99800     -44.00158
     -16.83350      43.99800     -44.00158
     -16.79850      43.99809     -44.00166
     -16.76350      44.00165     -44.00482
     -16.72850      44.05641     -44.05504
     -16.69350      44.41402     -44.39271
     -16.65750      45.50411     -45.44370
     -16.62250      47.31889     -47.20185
     -16.58750      49.41580     -49.20126
     -16.55250      51.66262     -51.32219
     -16.51750      54.14141     -53.68140
     -16.48250      56.69157     -56.08340
     -16.44750      58.95365     -58.17294
     -16.41250      60.63587     -59.86200
     -16.37750      61.59095     -61.11674
     -16.34250      61.94349     -61.78365
     -16.30750      62.12106     -62.04156
     -16.27250      62.59573     -62.39862
     -16.23750      63.59868     -63.25183
     -16.20250      64.95687     -64.55619
     -16.16650      66.42605     -66.03449
     -16.13150      67.84772     -67.49824
     -16.09650      68.98849     -68.72826
     -16.06150      69.72334     -69.53220
     -16.02650      70.21377     -69.97583
     -15.99150      70.72699     -70.34564
     -15.95650      71.42152     -70.90761
     -15.92150      72.36468     -71.76327
     -15.88650      73.50211     -72.88423
     -15.85150      74.71407     -74.18052
     -15.81650      76.00598     -75.59482
     -15.78150      77.29544     -77.01403
     -15.74650      78.41237     -78.24090
     -15.71150      79.49843     -79.33415
     -15.67650      80.88415     -80.63570
     -15.64050      82.44047     -82.17993
     -15.60550      83.52706     -83.38540
     -15.57050      83.92488     -83.89056
     -15.53550      83.99306     -83.99128
     -15.50050      83.99813     -84.00008
     -15.46550      83.99828     -84.00040
     -15.43050      83.99829     -84.00040
     -15.39550      83.99829     -84.00040
     -15.36050      83.99829     -84.00040
     -15.32550      83.99834     -84.00042
     -15.29050      84.00025     -84.00102
     -15.25550      84.02910     -84.01342
     -15.22050      84.21579     -84.12000
     -15.18550      84.77579     -84.53269
     -15.15050      85.63970     -85.32347
     -15.11450      86.42856     -86.16984
     -15.07950      86.99929     -86.79897
     -15.04450      87.47324     -87.28782
     -15.00950      87.87793     -87.72810
     -14.97450      88.19678     -88.09758
     -14.93950      88.57228     -88.47530
     -14.90450      89.18948     -89.05690
     -14.86950      89.98658     -89.84401
     -14.83450      90.78017     -90.65356
     -14.79950      91.46891     -91.36983
     -14.76450      92.01089     -91.93460
     -14.72950      92.63528     -92.50060
     -14.69450      93.72239     -93.42114
     -14.65950      95.37376     -94.89646
     -14.62350      97.45926     -96.89097
     -14.58850      99.71292     -99.14445
     -14.55350     101.75056    -101.20681
     -14.51850     103.53290    -102.82731
     -14.48350     105.37503    -104.24793
     -14.44850     107.21664    -105.79268
     -14.41350     108.64216    -107.39810
     -14.37850     109.60426    -108.77050
     -14.34350     110.56197    -109.91477
     -14.30850     111.84144    -111.13795
     -14.27350     113.29624    -112.45547
     -14.23850     114.69599    -113.67987
     -14.20350     115.90777    -114.82485
     -14.16850     116.76291    -115.89759
     -14.13350     117.24292    -116.72923
     -14.09750     117.62755    -117.23859
     -14.06250     118.28438    -117.66748
     -14.02750     119.30557    -118.40409
     -13.99250     120.38795    -119.51172
     -13.95750     121.31708    -120.64232
     -13.92250     122.17239    -121.60581
     -13.88750     122.99141    -122.48410
     -13.85250     123.79850    -123.31872
     -13.81750     124.65715    -124.15001
     -13.78250     125.49212    -124.99095
     -13.74750     126.22733    -125.78875
     -13.71250     127.01128    -126.57638
     -13.67750     128.11067    -127.54567
     -13.64250     129.53216    -128.84635
     -13.60750     130.85861    -130.26573
     -13.57150     131.74373    -131.39020
     -13.53650     132.38285    -132.16503
     -13.50150     133.24886    -132.95547
     -13.46650     134.64896    -134.12552
     -13.43150     136.47443    -135.77285
     -13.39650     138.25923    -137.59552
     -13.36150     139.66775    -139.15710
     -13.32650     140.66193    -140.28840
     -13.29150     141.33419    -141.04693
     -13.25650     141.88406    -141.59382
     -13.22150     142.64416    -142.19278
     -13.18650     143.89382    -143.21765
     -13.15150     145.48819    -144.80642
     -13.11650     147.23915    -146.74095
     -13.08050     149.19981    -148.85714
     -13.04550     151.05089    -150.83113
     -13.01050     152.39312    -152.24894
     -12.97550     153.45990    -153.29240
     -12.94050     154.70692    -154.45999
     -12.90550     156.15033    -155.87622
     -12.87050     157.31267    -157.12675
     -12.83550     157.88849    -157.80760
     -12.80050     158.15146    -158.08548
     -12.76550     158.48545    -158.36512
     -12.73050     159.07828    -158.87922
     -12.69550     159.95271    -159.69771
     -12.66050     160.90113    -160.67068
     -12.62550     161.59548    -161.46094
     -12.59050     161.91006    -161.86587
     -12.55450     161.98816    -161.98327
     -12.51950     161.99768    -162.00012
     -12.48450     162.00215    -162.00136
     -12.44950     162.03690    -162.00446
     -12.41450     162.20915    -162.03022
     -12.37950     162.74338    -162.14661
     -12.34450     163.76054    -162.47985
     -12.30950     164.90306    -163.15719
     -12.27450     165.65141    -164.14629
     -12.23950     165.96557    -165.12399
     -12.20450     166.14823    -165.76854
     -12.16950     166.42386    -166.11658
     -12.13450     166.88413    -166.42954
     -12.09950     167.62477    -167.00168
     -12.06450     168.66262    -167.98289
     -12.02850     169.75026    -169.12366
     -11.99350     170.60925    -170.04192
     -11.95850     171.18437    -170.69805
     -11.92350     171.56079    -171.24476
     -11.88850     171.81713    -171.67776
     -11.85350     171.99194    -171.91372
     -11.81850     172.20160    -171.99031
     -11.78350     172.69567    -172.02612
     -11.74850     173.67741    -172.16636
     -11.71350     174.87323    -172.64157
     -11.67850     175.67717    -173.62488
     -11.64350     175.95270    -174.82737
     -11.60850     176.01087    -175.66006
     -11.57350     176.11220    -176.01887
     -11.53750     176.43298    -176.31840
     -11.50250     177.03966    -176.86476
     -11.46750     177.92741    -177.71639
     -11.43250     179.18198    -178.94624
     -11.39750     180.80195    -180.56499
     -11.36250     182.53573    -182.31962
     -11.32750     184.09223    -183.89384
     -11.29250     185.37608    -185.18522
     -11.25750     186.41339    -186.24481
     -11.22250     187.26608    -187.12642
     -11.18750     188.12087    -187.96718
     -11.15250     189.10839    -188.91718
     -11.11750     190.12957    -189.92592
     -11.08250     191.12253    -190.89257
     -11.04750     192.20877    -191.88991
     -11.01150     193.47981    -193.04664
     -10.97650     194.83415    -194.36468
     -10.94150     195.99859    -195.62626
     -10.90650     196.82234    -196.58169
     -10.87150     197.47268    -197.28270
     -10.83650     198.14371    -197.93094
     -10.80150     198.88172    -198.61547
     -10.76650     199.71722    -199.40696
     -10.73150     200.56026    -200.28261
     -10.69650     201.19201    -201.00765
     -10.66150     201.62125    -201.46750
     -10.62650     202.15148    -201.87509
     -10.59150     203.05186    -202.54770
     -10.55650     204.20543    -203.60431
     -10.52150     205.23854    -204.77313
     -10.48550     206.12839    -205.77275
     -10.45050     207.18622    -206.75150
     -10.41550     208.43255    -207.91489
     -10.38050     209.52931    -209.08564
     -10.34550     210.32080    -209.98497
     -10.31050     211.05846    -210.70930
     -10.27550     212.13049    -211.63914
     -10.24050     213.62668    -212.98768
     -10.20550     215.19843    -214.57014
     -10.17050     216.57504    -216.07737
     -10.13550     217.74000    -217.37752
     -10.10050     218.71612    -218.46814
     -10.06550     219.57933    -219.40587
     -10.03050     220.38239    -220.23015
      -9.99450     221.32222    -221.09826
      -9.95950     222.70829    -222.35335
      -9.92450     224.32108    -223.95439
      -9.88950     225.60615    -225.36378
      -9.85450     226.60858    -226.44336
      -9.81950     227.77968    -227.61025
      -9.78450     229.17417    -229.00947
      -9.74950     230.47309    -230.34347
      -9.71450     231.40538    -231.30732
      -9.67950     232.04012    -231.87735
      -9.64450     232.79408    -232.39759
      -9.60950     233.90136    -233.28499
      -9.57450     235.02915    -234.46311
      -9.53950     235.82678    -235.47921
      -9.50450     236.42995    -236.20600
      -9.46850     237.14745    -236.89754
      -9.43350     238.13322    -237.78056
      -9.39850     239.38077    -238.93746
      -9.36350     240.83557    -240.35930
      -9.32850     242.71803    -242.19477
      -9.29350     245.28538    -244.69355
      -9.25850     247.99440    -247.40696
      -9.22350     249.95559    -249.43618
      -9.18850     251.04446    -250.60763
      -9.15350     251.71110    -251.30268
      -9.11850     252.37915    -251.85080
      -9.08350     253.26094    -252.55111
      -9.04850     254.26722    -253.53758
      -9.01350     255.14638    -254.59296
      -8.97850     255.84021    -255.41811
      -8.94250     256.53666    -256.06407
      -8.90750     257.27660    -256.78139
      -8.87250     257.88837    -257.53430
      -8.83750     258.34250    -258.13169
      -8.80250     258.79348    -258.61195
      -8.76750     259.35755    -259.14429
      -8.73250     260.01560    -259.78814
      -8.69750     260.81744    -260.58682
      -8.66250     261.94821    -261.68796
      -8.62750     263.50366    -263.14978
      -8.59250     265.51062    -264.98542
      -8.55750     267.80916    -267.18806
      -8.52250     269.84838    -269.34931
      -8.48750     271.21622    -270.91949
      -8.45150     272.15867    -271.95558
      -8.41650     273.02977    -272.85526
      -8.38150     273.75270    -273.63535
      -8.34650     274.25523    -274.18171
      -8.31150     274.74811    -274.66758
      -8.27650     275.37232    -275.26830
      -8.24150     276.13295    -276.00701
      -8.20650     277.02509    -276.88968
      -8.17150     278.00226    -277.86668
      -8.13650     279.06448    -278.91066
      -8.10150     280.13669    -279.96586
      -8.06650     281.01427    -280.82223
      -8.03150     281.78683    -281.47081
      -7.99650     282.81380    -282.25634
      -7.96150     284.16743    -283.43393
      -7.92550     285.59418    -284.87927
      -7.89050     286.81298    -286.27340
      -7.85550     287.69091    -287.36578
      -7.82050     288.51799    -288.27755
      -7.78550     289.87145    -289.55631
      -7.75050     291.87805    -291.49401
      -7.71550     294.13487    -293.76310
      -7.68050     296.44429    -296.08987
      -7.64550     298.72302    -298.38158
      -7.61050     300.65703    -300.33085
      -7.57550     302.16689    -301.80108
      -7.54050     303.49966    -303.05039
      -7.50550     304.82348    -304.31354
      -7.47050     306.15572    -305.64491
      -7.43550     307.47166    -307.01169
      -7.39950     308.85072    -308.41004
      -7.36450     310.38548    -309.94655
      -7.32950     311.82888    -311.48762
      -7.29450     312.84604    -312.64575
      -7.25950     313.49480    -313.37429
      -7.22450     314.04274    -313.94397
      -7.18950     314.73621    -314.61606
      -7.15450     315.71129    -315.53783
      -7.11950     316.95358    -316.68666
      -7.08450     318.52516    -318.13445
      -7.04950     320.50038    -320.05040
      -7.01450     322.67110    -322.26899
      -6.97950     324.65684    -324.33907
      -6.94450     326.42234    -326.12737
      -6.90850     328.41755    -327.99160
      -6.87350     331.12815    -330.45304
      -6.83850     334.44805    -333.66265
      -6.80350     337.97329    -337.20454
      -6.76850     342.02016    -341.03399
      -6.73350     347.03316    -345.61215
      -6.69850     352.13909    -350.61989
      -6.66350     355.77899    -354.69516
      -6.62850     357.73142    -357.08734
      -6.59350     358.87938    -358.43396
      -6.55850     359.67735    -359.36292
      -6.52350     360.31349    -359.98994
      -6.48850     361.24508    -360.65062
      -6.45350     362.94974    -361.93833
      -6.41850     365.60107    -364.30368
      -6.38250     368.63781    -367.51663
      -6.34750     370.86253    -370.28842
      -6.31250     371.78711    -371.63188
      -6.27750     371.98245    -371.95986
      -6.24250     372.00261    -371.99739
      -6.20750     372.01892    -372.01143
      -6.17250     372.11837    -372.09484
      -6.13750     372.47186    -372.40330
      -6.10250     373.25704    -373.11729
      -6.06750     374.42446    -374.22720
      -6.03250     375.81912    -375.55769
      -5.99750     377.74840    -377.35459
      -5.96250     380.60488    -380.10761
      -5.92750     384.06629    -383.51870
      -5.89250     387.81683    -387.14125
      -5.85650     391.70415    -390.95491
      -5.82150     395.24551    -394.62112
      -5.78650     398.33975    -397.88807
      -5.75150     401.15433    -400.79891
      -5.71650     403.59700    -403.26175
      -5.68150     405.90835    -405.38057
      -5.64650     408.84215    -407.64195
      -5.61150     412.46102    -410.41356
      -5.57650     415.77882    -413.42469
      -5.54150     418.47329    -416.17579
      -5.50650     420.94858    -418.58744
      -5.47150     423.04513    -420.83092
      -5.43650     424.77049    -423.00270
      -5.40150     426.74079    -425.22164
      -5.36550     429.12157    -427.63012
      -5.33050     431.39978    -430.00933
      -5.29550     433.11427    -432.04118
      -5.26050     434.49946    -433.82580
      -5.22550     436.11540    -435.64303
      -5.19050     438.02241    -437.51725
      -5.15550     440.26152    -439.52684
      -5.12050     443.19532    -442.14538
      -5.08550     446.77596    -445.56523
      -5.05050     450.47040    -449.33156
      -5.01550     453.81065    -452.85241
      -4.98050     456.73007    -455.88125
      -4.94550     459.44488    -458.60342
      -4.91050     461.97803    -461.14744
      -4.87550     464.33497    -463.25960
      -4.83950     466.79097    -464.81803
      -4.80450     469.20787    -466.08434
      -4.76950     471.12996    -467.50285
      -4.73450     472.66104    -469.60642
      -4.69950     474.06219    -472.27248
      -4.66450     475.55136    -474.77232
      -4.62950     477.70402    -477.24585
      -4.59450     480.49282    -480.07095
      -4.55950     482.88254    -482.54659
      -4.52450     484.35488    -484.09748
      -4.48950     485.39658    -485.13217
      -4.45450     486.47914    -486.16651
      -4.41950     487.72827    -487.35795
      -4.38450     489.09172    -488.70141
      -4.34950     490.43168    -490.09257
      -4.31350     491.84142    -491.54404
      -4.27850     493.63095    -493.29377
      -4.24350     495.86848    -495.40540
      -4.20850     498.18140    -497.57542
      -4.17350     500.10349    -499.46332
      -4.13850     501.66665    -501.07979
      -4.10350     503.41691    -502.78551
      -4.06850     505.86835    -505.07353
      -4.03350     509.18265    -508.18829
      -3.99850     513.28913    -511.96689
      -3.96350     517.92165    -516.19962
      -3.92850     522.87678    -520.79882
      -3.89350     527.93888    -525.66102
      -3.85850     532.17459    -530.08839
      -3.82250     535.15750    -533.35920
      -3.78750     537.90211    -536.20463
      -3.75250     540.82487    -539.46387
      -3.71750     542.95158    -542.25776
      -3.68250     543.81392    -543.62033
      -3.64750     544.03419    -543.99540
      -3.61250     544.32808    -544.27386
      -3.57750     545.22530    -545.08499
      -3.54250     546.89945    -546.65692
      -3.50750     549.02950    -548.68422
      -3.47250     551.57896    -551.03589
      -3.43750     555.16696    -554.23744
      -3.40250     559.97481    -558.38776
      -3.36750     564.95450    -562.55562
      -3.33250     568.77342    -566.04508
      -3.29650     571.17051    -569.01939
      -3.26150     573.02772    -571.82047
      -3.22650     575.38361    -574.64924
      -3.19150     578.60725    -577.56955
      -3.15650     582.51034    -580.83352
      -3.12150     586.30665    -584.48412
      -3.08650     588.96658    -587.61186
      -3.05150     590.40876    -589.55920
      -3.01650     591.20077    -590.68085
      -2.98150     591.64761    -591.38204
      -2.94650     591.86787    -591.76986
      -2.91150     591.96552    -591.93438
      -2.87650     591.99941    -591.98801
      -2.84150     592.00960    -592.00023
      -2.80650     592.05381    -592.01288
      -2.77050     592.29159    -592.10783
      -2.73550     592.93422    -592.47179
      -2.70050     593.93383    -593.17420
      -2.66550     595.00412    -593.93729
      -2.63050     595.99339    -594.49189
      -2.59550     597.04526    -594.89588
      -2.56050     598.33805    -595.45872
      -2.52550     599.78058    -596.60107
      -2.49050     601.28308    -598.38289
      -2.45550     602.87938    -600.34478
      -2.42050     604.52338    -602.18709
      -2.38550     606.13301    -603.98030
      -2.35050     607.61201    -605.72529
      -2.31550     608.84133    -607.27303
      -2.27950     609.81517    -608.59352
      -2.24450     610.64278    -609.76024
      -2.20950     611.40447    -610.68008
      -2.17450     612.25084    -611.34094
      -2.13950     613.23415    -612.05107
      -2.10450     614.18625    -613.00317
      -2.06950     615.12696    -614.07451
      -2.03450     616.17357    -615.19757
      -1.99950     617.22123    -616.33956
      -1.96450     618.16755    -617.32463
      -1.92950     619.11176    -618.15750
      -1.89450     620.13417    -619.08400
      -1.85950     621.17482    -620.18111
      -1.82450     622.16287    -621.30399
      -1.78950     623.08253    -622.36007
      -1.75350     623.90611    -623.30727
      -1.71850     624.60870    -624.02651
      -1.68350     625.30901    -624.49836
      -1.64850     626.10085    -624.95372
      -1.61350     627.03156    -625.60809
      -1.57850     628.28525    -626.43132
      -1.54350     629.72427    -627.36203
      -1.50850     630.86171    -628.44476
      -1.47350     631.59762    -629.60937
      -1.43850     632.15275    -630.67194
      -1.40350     632.64686    -631.51568
      -1.36850     633.16078    -632.16216
      -1.33350     633.75010    -632.73535
      -1.29850     634.38309    -633.36886
      -1.26350     635.05867    -634.12020
      -1.22750     635.91311    -634.94658
      -1.19250     637.07177    -635.86467
      -1.15750     638.35088    -636.94705
      -1.12250     639.33191    -638.09570
      -1.08750     639.82225    -639.07376
      -1.05250     639.97582    -639.68780
      -1.01750     640.01578    -639.94020
      -0.98250     640.12112    -640.03058
      -0.94750     640.57722    -640.20728
      -0.91250     641.71624    -640.71681
      -0.87750     643.42879    -641.74571
      -0.84250     645.17116    -643.29853
      -0.80750     646.62631    -645.07596
      -0.77250     647.81688    -646.64263
      -0.73650     648.77249    -647.82513
      -0.70150     649.47175    -648.69395
      -0.66650     649.95481    -649.34587
      -0.63150     650.45594    -649.89924
      -0.59650     651.35982    -650.62954
      -0.56150     652.86740    -651.93267
      -0.52650     654.76740    -653.87668
      -0.49150     656.74156    -656.08563
      -0.45650     658.63980    -658.18025
      -0.42150     660.43442    -660.02975
      -0.38650     662.28865    -661.77650
      -0.35150     664.29806    -663.53674
      -0.31650     666.27696    -665.13235
      -0.28150     668.00442    -666.46459
      -0.24650     669.23689    -667.71495
      -0.21050     669.82795    -668.88798
      -0.17550     669.98405    -669.66176
      -0.14050     670.00356    -669.94720
      -0.10550     670.00461    -669.99822
      -0.07050     670.00464    -670.00223
      -0.03550     670.00464    -670.00236
      -0.00050     670.00464    -670.00236
       0.03450     670.00464    -670.00236
       0.06950     670.00464    -670.00236
       0.10450     670.00464    -670.00236
       0.13950     670.00464    -670.00236
       0.17450     670.00464    -670.00236
       0.20950     670.00477    -670.00236
       0.24450     670.00946    -670.00236
       0.27950     670.07557    -670.00236
       0.31550     670.46853    -670.00236
       0.35050     671.51777    -670.00236
       0.38550     672.86421    -670.00236
       0.42050     673.71532    -670.00236
       0.45550     673.96941    -670.00236
       0.49050     674.00277    -670.00236
       0.52550     674.00458    -670.00236
       0.56050     674.00462    -670.00236
       0.59550     674.00462    -670.00236
       0.63050     674.00462    -670.00236
       0.66550     674.00462    -670.00236
       0.70050     674.00462    -670.00237
       0.73550     674.00462    -670.00317
       0.77050     674.00462    -670.02130
       0.80650     674.00462    -670.19059
       0.84150     674.00462    -670.87558
       0.87650     674.00462    -672.16346
       0.91150     674.00462    -673.35087
       0.94650     674.00462    -673.88338
       0.98150     674.00462    -673.99255
       1.01650     674.00462    -674.00210
       1.05150     674.00462    -674.00245
       1.08650     674.00462    -674.00245
       1.12150     674.00462    -674.00245
       1.15650     674.00462    -674.00245
       1.19150     674.00462    -674.00245
       1.22650     674.00462    -674.00245
       1.26150     674.00462    -674.00245
       1.29650     674.00462    -674.00245
       1.33250     674.00462    -674.00245
       1.36750     674.00462    -674.00245
       1.40250     674.00462    -674.00245
       1.43750     674.00462    -674.00245
       1.47250     674.00462    -674.00245
       1.50750     674.00462    -674.00245
       1.54250     674.00462    -674.00245
       1.57750     674.00463    -674.00245
       1.61250     674.00465    -674.00247
       1.64750     674.00542    -674.00313
       1.68250     674.01792    -674.01392
       1.71750     674.11376    -674.09730
       1.75250     674.51031    -674.44686
       1.78750     675.49836    -675.34951
       1.82250     677.05100    -676.84833
       1.85850     678.59699    -678.43376
       1.89350     679.55820    -679.47897
       1.92850     679.92456    -679.89560
       1.96350     680.06334    -679.99251
       1.99850     680.40545    -680.03468
       2.03350     681.34423    -680.24717
       2.06850     682.95982    -680.95713
       2.10350     684.99027    -682.31409
       2.13850     687.07560    -684.14641
       2.17350     688.91072    -686.21806
       2.20850     690.33905    -688.18223
       2.24350     691.30728    -689.72032
       2.27850     691.90449    -690.80323
       2.31350     692.44156    -691.59367
       2.34950     693.31055    -692.32168
       2.38450     694.68295    -693.23609
       2.41950     696.29363    -694.60918
       2.45450     697.62149    -696.32858
       2.48950     698.44261    -697.73534
       2.52450     699.03281    -698.51648
       2.55950     699.70156    -699.04356
       2.59450     700.50690    -699.70758
       2.62950     701.42253    -700.58884
       2.66450     702.36008    -701.56742
       2.69950     703.21382    -702.51794
       2.73450     704.01179    -703.36273
       2.76950     704.93847    -704.09408
       2.80450     706.16060    -704.86769
       2.83950     707.52300    -705.87765
       2.87550     708.65447    -707.17114
       2.91050     709.44842    -708.47936
       2.94550     710.15645    -709.48477
       2.98050     710.94583    -710.29221
       3.01550     711.65842    -711.05845
       3.05050     712.21355    -711.72300
       3.08550     712.83671    -712.37614
       3.12050     713.69939    -713.22830
       3.15550     714.68428    -714.26509
       3.19050     715.46770    -715.19791
       3.22550     715.86032    -715.75318
       3.26050     715.98038    -715.95478
       3.29550     716.01220    -715.99746
       3.33050     716.08758    -716.00530
       3.36550     716.35461    -716.03742
       3.40150     716.89343    -716.19735
       3.43650     717.60760    -716.60698
       3.47150     718.31457    -717.24522
       3.50650     718.89969    -717.96061
       3.54150     719.40730    -718.60797
       3.57650     719.93315    -719.15065
       3.61150     720.50528    -719.66826
       3.64650     721.16983    -720.26249
       3.68150     721.97254    -721.01172
       3.71650     722.87291    -721.90894
       3.75150     723.86727    -722.87455
       3.78650     724.99261    -723.91748
       3.82150     726.35975    -725.17134
       3.85650     728.15313    -726.86198
       3.89250     730.09293    -728.98097
       3.92750     731.59420    -730.94479
       3.96250     732.65817    -732.34314
       3.99750     733.64867    -733.44077
       4.03250     734.57465    -734.42970
       4.06750     735.26251    -735.18314
       4.10250     735.69550    -735.65726
       4.13750     735.93852    -735.91871
       4.17250     736.16641    -736.13356
       4.20750     736.73594    -736.65172
       4.24250     737.83585    -737.69307
       4.27750     739.20667    -739.01550
       4.31250     740.52804    -740.29075
       4.34750     741.69301    -741.44590
       4.38250     742.79765    -742.55353
       4.41850     744.15427    -743.84334
       4.45350     745.98641    -745.49032
       4.48850     748.26987    -747.40399
       4.52350     750.90297    -749.56173
       4.55850     753.76155    -752.14521
       4.59350     756.51546    -755.02554
       4.62850     758.87222    -757.74560
       4.66350     761.05855    -760.17180
       4.69850     763.32115    -762.35655
       4.73350     765.48153    -764.26969
       4.76850     767.39643    -766.09990
       4.80350     769.13213    -768.02900
       4.83850     770.64199    -769.81818
       4.87350     772.00035    -771.27053
       4.90850     773.61472    -772.72060
       4.94450     775.61554    -774.48348
       4.97950     777.93039    -776.55286
       5.01450     780.67132    -778.97379
       5.04950     783.64721    -781.65055
       5.08450     786.38341    -784.26050
       5.11950     788.81767    -786.78559
       5.15450     791.31066    -789.45200
       5.18950     794.17819    -792.33110
       5.22450     797.40429    -795.41675
       5.25950     800.62408    -798.61708
       5.29450     803.52650    -801.69712
       5.32950     806.18151    -804.55640
       5.36450     808.76096    -807.28436
       5.39950     811.22590    -809.85766
       5.43550     813.48692    -812.15761
       5.47050     815.69201    -814.33061
       5.50550     818.10295    -816.70912
       5.54050     820.75306    -819.39148
       5.57550     823.57044    -822.27304
       5.61050     826.54142    -825.27593
       5.64550     829.55114    -828.33703
       5.68050     832.44006    -831.34957
       5.71550     835.20642    -834.22551
       5.75050     837.98049    -837.00993
       5.78550     840.85643    -839.86080
       5.82050     843.76184    -842.79355
       5.85550     846.55291    -845.63180
       5.89050     849.21897    -848.30785
       5.92550     851.75406    -850.84434
       5.96150     854.10573    -853.21389
       5.99650     856.42041    -855.50297
       6.03150     858.90429    -857.92759
       6.06650     861.55685    -860.53982
       6.10150     864.28428    -863.23762
       6.13650     866.97541    -865.94418
       6.17150     869.50541    -868.53327
       6.20650     871.87076    -870.94105
       6.24150     874.22787    -873.32428
       6.27650     876.74910    -875.88444
       6.31150     879.52387    -878.70813
       6.34650     882.54938    -881.77590
       6.38150     885.73392    -884.95659
       6.41650     888.96265    -888.09011
       6.45150     892.13948    -891.12578
       6.48750     895.17744    -894.09045
       6.52250     898.01095    -896.96184
       6.55750     900.64019    -899.66787
       6.59250     903.10706    -902.22102
       6.62750     905.45839    -904.70630
       6.66250     907.77798    -907.16406
       6.69750     910.15332    -909.59358
       6.73250     912.60143    -911.99347
       6.76750     915.09215    -914.41406
       6.80250     917.61847    -916.91740
       6.83750     920.15109    -919.46107
       6.87250     922.62077    -921.97792
       6.90750     925.01102    -924.47057
       6.94250     927.39250    -926.94831
       6.97850     929.83868    -929.39327
       7.01350     932.30766    -931.78580
       7.04850     934.68213    -934.13238
       7.08350     936.96384    -936.48949
       7.11850     939.28308    -938.88693
       7.15350     941.65053    -941.26614
       7.18850     943.95820    -943.60203
       7.22350     946.21168    -945.91390
       7.25850     948.49848    -948.21350
       7.29350     950.83227    -950.53589
       7.32850     953.17535    -952.86389
       7.36350     955.49932    -955.16121
       7.39850     957.79962    -957.44976
       7.43350     960.11184    -959.71236
       7.46850     962.42634    -961.94218
       7.50450     964.67597    -964.20600
       7.53950     966.84266    -966.49385
       7.57450     968.95412    -968.72858
       7.60950     971.03015    -970.88264
       7.64450     973.06130    -972.95114
       7.67950     975.02846    -974.91987
       7.71450     976.97790    -976.81425
       7.74950     978.96767    -978.69742
       7.78450     980.93149    -980.59987
       7.81950     982.81114    -982.50460
       7.85450     984.64381    -984.37058
       7.88950     986.43702    -986.15239
       7.92450     988.15343    -987.83339
       7.95950     989.74360    -989.41900
       7.99450     991.19087    -990.93359
       8.03050     992.52854    -992.42136
       8.06550     993.78434    -993.85267
       8.10050     994.97771    -995.11057
       8.13550     996.12900    -996.18418
       8.17050     997.23522    -997.26656
       8.20550     998.27657    -998.48167
       8.24050     999.24796    -999.71327
       8.27550    1000.17113   -1000.84685
       8.31050    1001.08905   -1001.87154
       8.34550    1002.04483   -1002.78261
       8.38050    1003.00973   -1003.60566
       8.41550    1003.91923   -1004.37980
       8.45050    1004.74754   -1005.07292
       8.48550    1005.46328   -1005.64225
       8.52150    1006.05032   -1006.13566
       8.55650    1006.53005   -1006.61627
       8.59150    1006.91144   -1007.05392
       8.62650    1007.19674   -1007.39049
       8.66150    1007.40825   -1007.62611
       8.69650    1007.57691   -1007.78078
       8.73150    1007.72313   -1007.87112
       8.76650    1007.84897   -1007.92393
       8.80150    1007.94020   -1007.95580
       8.83650    1007.98663   -1007.97351
       8.87150    1008.00086   -1007.98666
       8.90650    1008.00318   -1007.99770
       8.94150    1008.00336   -1008.00329
       8.97650    1008.00337   -1008.00463
       9.01150    1008.00337   -1008.00477
       9.04750    1008.00337   -1008.00478
       9.08250    1008.00337   -1008.00478
       9.11750    1008.00337   -1008.00478
       9.15250    1008.00337   -1008.00478
       9.18750    1008.00337   -1008.00478
       9.22250    1008.00337   -1008.00478
       9.25750    1008.00337   -1008.00478
       9.29250    1008.00337   -1008.00478
       9.32750    1008.00337   -1008.00478
       9.36250    1008.00337   -1008.00478
       9.39750    1008.00337   -1008.00478
       9.43250    1008.00337   -1008.00478
       9.46750    1008.00337   -1008.00478
       9.50250    1008.00337   -1008.00478
       9.53850    1008.00337   -1008.00478
       9.57350    1008.00337   -1008.00478
       9.60850    1008.00337   -1008.00478
       9.64350    1008.00337   -1008.00478
       9.67850    1008.00337   -1008.00478
       9.71350    1008.00337   -1008.00478
       9.74850    1008.00337   -1008.00478
       9.78350    1008.00337   -1008.00478
       9.81850    1008.00337   -1008.00478
       9.85350    1008.00337   -1008.00478
       9.88850    1008.00337   -1008.00478
       9.92350    1008.00337   -1008.00478
       9.95850    1008.00337   -1008.00478
       9.99350    1008.00337   -1008.00478
      10.02850    1008.00337   -1008.00478
      10.06450    1008.00337   -1008.00478
      10.09950    1008.00337   -1008.00478
      10.13450    1008.00337   -1008.00478
      10.16950    1008.00337   -1008.00478
      10.20450    1008.00337   -1008.00478
      10.23950    1008.00337   -1008.00478
      10.27450    1008.00337   -1008.00478
      10.30950    1008.00337   -1008.00478
      10.34450    1008.00337   -1008.00478
      10.37950    1008.00337   -1008.00478
      10.41450    1008.00337   -1008.00478
      10.44950    1008.00337   -1008.00478
