      #Energy        TDOS-UP        TDOS-DOWN
     -22.99304       0.00000       0.00000
     -22.96104       0.00000       0.00000
     -22.92804       0.00000       0.00000
     -22.89504       0.00000       0.00000
     -22.86204       0.00000       0.00000
     -22.82904       0.00000       0.00000
     -22.79604       0.00000       0.00000
     -22.76304       0.00000       0.00000
     -22.73004       0.00000       0.00000
     -22.69704       0.00000       0.00000
     -22.66404       0.00000       0.00000
     -22.63104       0.00000       0.00000
     -22.59804       0.00000       0.00000
     -22.56504       0.00000       0.00000
     -22.53204       0.00000       0.00000
     -22.49904       0.00000       0.00000
     -22.46604       0.00000       0.00000
     -22.43304       0.00000       0.00000
     -22.40004       0.00000       0.00000
     -22.36704       0.00000       0.00000
     -22.33404       0.00000       0.00000
     -22.30104       0.00000       0.00000
     -22.26804       0.00000       0.00000
     -22.23504       0.00000       0.00000
     -22.20204       0.00000       0.00000
     -22.16904       0.00000       0.00000
     -22.13604       0.00000       0.00000
     -22.10304       0.00000       0.00000
     -22.07004       0.00000       0.00000
     -22.03704       0.00000       0.00000
     -22.00404       0.00000       0.00000
     -21.97104       0.00000       0.00000
     -21.93804       0.00000       0.00000
     -21.90504       0.00000       0.00000
     -21.87204       0.00000       0.00000
     -21.83904       0.00000       0.00000
     -21.80604       0.00000       0.00000
     -21.77304       0.00000      -0.00000
     -21.74004       0.00000      -0.00000
     -21.70704       0.00000      -0.00000
     -21.67404       0.00002      -0.00002
     -21.64104       0.00200      -0.00200
     -21.60804       0.07645      -0.07645
     -21.57504       1.27400      -1.27400
     -21.54204       9.32700      -9.32700
     -21.50904      30.20000     -30.20000
     -21.47604      43.48000     -43.48000
     -21.44304      27.89000     -27.89000
     -21.41004       7.95600      -7.95600
     -21.37704       1.00300      -1.00300
     -21.34404       0.05549      -0.05549
     -21.31104       0.00134      -0.00134
     -21.27804       0.00001      -0.00001
     -21.24504       0.00000      -0.00000
     -21.21204       0.00000      -0.00000
     -21.17904       0.00000      -0.00000
     -21.14604       0.00000       0.00000
     -21.11304       0.00000       0.00000
     -21.08004       0.00000       0.00000
     -21.04704       0.00000       0.00000
     -21.01404       0.00000       0.00000
     -20.98104       0.00000       0.00000
     -20.94804       0.00000       0.00000
     -20.91504       0.00000       0.00000
     -20.88204       0.00000       0.00000
     -20.84904       0.00000       0.00000
     -20.81604       0.00000       0.00000
     -20.78304       0.00000       0.00000
     -20.75004       0.00000       0.00000
     -20.71704       0.00000       0.00000
     -20.68404       0.00000       0.00000
     -20.65104       0.00000       0.00000
     -20.61904       0.00000       0.00000
     -20.58604       0.00000       0.00000
     -20.55304       0.00000       0.00000
     -20.52004       0.00000       0.00000
     -20.48704       0.00000       0.00000
     -20.45404       0.00000       0.00000
     -20.42104       0.00000       0.00000
     -20.38804       0.00000       0.00000
     -20.35504       0.00000       0.00000
     -20.32204       0.00000       0.00000
     -20.28904       0.00000       0.00000
     -20.25604       0.00000       0.00000
     -20.22304       0.00000       0.00000
     -20.19004       0.00000       0.00000
     -20.15704       0.00000       0.00000
     -20.12404       0.00000       0.00000
     -20.09104       0.00000       0.00000
     -20.05804       0.00000       0.00000
     -20.02504       0.00000       0.00000
     -19.99204       0.00000       0.00000
     -19.95904       0.00000       0.00000
     -19.92604       0.00000       0.00000
     -19.89304       0.00000       0.00000
     -19.86004       0.00000       0.00000
     -19.82704       0.00000       0.00000
     -19.79404       0.00000       0.00000
     -19.76104       0.00000       0.00000
     -19.72804       0.00000       0.00000
     -19.69504       0.00000       0.00000
     -19.66204       0.00000       0.00000
     -19.62904       0.00000       0.00000
     -19.59604       0.00000       0.00000
     -19.56304       0.00000       0.00000
     -19.53004       0.00000       0.00000
     -19.49704       0.00000       0.00000
     -19.46404       0.00000       0.00000
     -19.43104       0.00000       0.00000
     -19.39804       0.00000       0.00000
     -19.36504       0.00000       0.00000
     -19.33204       0.00000       0.00000
     -19.29904       0.00000       0.00000
     -19.26604       0.00000       0.00000
     -19.23304       0.00000       0.00000
     -19.20004       0.00000       0.00000
     -19.16704       0.00000       0.00000
     -19.13404       0.00000       0.00000
     -19.10104       0.00000       0.00000
     -19.06804       0.00000       0.00000
     -19.03504       0.00000       0.00000
     -19.00204       0.00000       0.00000
     -18.96904       0.00000       0.00000
     -18.93604       0.00000       0.00000
     -18.90304       0.00000       0.00000
     -18.87004       0.00000       0.00000
     -18.83704       0.00000       0.00000
     -18.80404       0.00000       0.00000
     -18.77104       0.00000      -0.00000
     -18.73804       0.00000      -0.00000
     -18.70504       0.00000      -0.00000
     -18.67204       0.00000      -0.00000
     -18.63904       0.00018      -0.00018
     -18.60604       0.00918      -0.00918
     -18.57304       0.20660      -0.20660
     -18.54004       2.11200      -2.11200
     -18.50704      10.14000     -10.14000
     -18.47404      24.82000     -24.82000
     -18.44104      38.14000     -38.14000
     -18.40804      50.62000     -50.62000
     -18.37504      62.85000     -62.85000
     -18.34204      62.47000     -62.47000
     -18.30904      49.82000     -49.82000
     -18.27604      37.71000     -37.71000
     -18.24404      32.41000     -32.41000
     -18.21104      35.04000     -35.04000
     -18.17804      35.38000     -35.38000
     -18.14504      30.97000     -30.97000
     -18.11204      26.36000     -26.36000
     -18.07904      24.25000     -24.25000
     -18.04604      25.84000     -25.84000
     -18.01304      22.44000     -22.44000
     -17.98004      16.06000     -16.06000
     -17.94704      18.19000     -18.19000
     -17.91404      28.20000     -28.20000
     -17.88104      34.46000     -34.46000
     -17.84804      31.42000     -31.42000
     -17.81504      19.62000     -19.62000
     -17.78204       6.83900      -6.83900
     -17.74904       1.56900      -1.56900
     -17.71604       3.56400      -3.56400
     -17.68304      14.01000     -14.01000
     -17.65004      32.26000     -32.26000
     -17.61704      54.58000     -54.58000
     -17.58404      73.45000     -73.45000
     -17.55104      69.58000     -69.58000
     -17.51804      42.72000     -42.72000
     -17.48504      18.95000     -18.95000
     -17.45204      11.50000     -11.50000
     -17.41904      14.96000     -14.96000
     -17.38604      22.86000     -22.86000
     -17.35304      28.38000     -28.38000
     -17.32004      30.99000     -30.99000
     -17.28704      31.43000     -31.43000
     -17.25404      26.38000     -26.38000
     -17.22104      22.64000     -22.64000
     -17.18804      23.37000     -23.37000
     -17.15504      16.66000     -16.66000
     -17.12204       5.97000      -5.97000
     -17.08904       1.02300      -1.02300
     -17.05604       0.35540      -0.35540
     -17.02304       2.22600      -2.22600
     -16.99004       8.21800      -8.21800
     -16.95704      14.87000     -14.87000
     -16.92404      15.30000     -15.30000
     -16.89104      11.27000     -11.27000
     -16.85804       6.13200      -6.13200
     -16.82504       1.98300      -1.98300
     -16.79204       0.32480      -0.32480
     -16.75904       0.09438      -0.09438
     -16.72604       0.86570      -0.86570
     -16.69304       5.15700      -5.15700
     -16.66004      15.04000     -15.04000
     -16.62704      22.09000     -22.09000
     -16.59404      19.73000     -19.73000
     -16.56104      19.09000     -19.09000
     -16.52804      24.06000     -24.06000
     -16.49504      28.43000     -28.43000
     -16.46204      30.45000     -30.45000
     -16.42904      32.14000     -32.14000
     -16.39604      29.02000     -29.02000
     -16.36304      18.69000     -18.69000
     -16.33004      10.65000     -10.65000
     -16.29704       9.11400      -9.11400
     -16.26404      12.62000     -12.62000
     -16.23104      14.39000     -14.39000
     -16.19804       9.89800      -9.89800
     -16.16504       8.79300      -8.79300
     -16.13204      17.99000     -17.99000
     -16.09904      29.14000     -29.14000
     -16.06604      33.30000     -33.30000
     -16.03304      32.52000     -32.52000
     -16.00004      32.77000     -32.77000
     -15.96704      34.05000     -34.05000
     -15.93404      33.03000     -33.03000
     -15.90204      30.82000     -30.82000
     -15.86904      30.71000     -30.71000
     -15.83604      33.36000     -33.36000
     -15.80304      32.31000     -32.31000
     -15.77004      26.60000     -26.60000
     -15.73704      25.05000     -25.05000
     -15.70404      23.34000     -23.34000
     -15.67104      21.82000     -21.82000
     -15.63804      21.94000     -21.94000
     -15.60504      18.80000     -18.80000
     -15.57204      17.77000     -17.77000
     -15.53904      21.58000     -21.58000
     -15.50604      24.81000     -24.81000
     -15.47304      27.79000     -27.79000
     -15.44004      33.00000     -33.00000
     -15.40704      37.63000     -37.63000
     -15.37404      38.97000     -38.97000
     -15.34104      37.88000     -37.88000
     -15.30804      36.63000     -36.63000
     -15.27504      32.54000     -32.54000
     -15.24204      24.39000     -24.39000
     -15.20904      20.02000     -20.02000
     -15.17604      25.15000     -25.15000
     -15.14304      31.20000     -31.20000
     -15.11004      31.41000     -31.41000
     -15.07704      29.72000     -29.72000
     -15.04404      32.85000     -32.85000
     -15.01104      45.22000     -45.22000
     -14.97804      50.61000     -50.61000
     -14.94504      43.02000     -43.02000
     -14.91204      34.30000     -34.30000
     -14.87904      29.80000     -29.80000
     -14.84604      30.90000     -30.90000
     -14.81304      36.46000     -36.46000
     -14.78004      41.57000     -41.57000
     -14.74704      48.32000     -48.32000
     -14.71404      55.19000     -55.19000
     -14.68104      52.37000     -52.37000
     -14.64804      39.93000     -39.93000
     -14.61504      31.05000     -31.05000
     -14.58204      26.99000     -26.99000
     -14.54904      23.53000     -23.53000
     -14.51604      22.88000     -22.88000
     -14.48304      20.75000     -20.75000
     -14.45004      18.29000     -18.29000
     -14.41704      22.26000     -22.26000
     -14.38404      31.63000     -31.63000
     -14.35104      41.92000     -41.92000
     -14.31804      44.78000     -44.78000
     -14.28504      35.02000     -35.02000
     -14.25204      23.79000     -23.79000
     -14.21904      21.26000     -21.26000
     -14.18604      23.14000     -23.14000
     -14.15304      23.53000     -23.53000
     -14.12004      26.59000     -26.59000
     -14.08704      35.93000     -35.93000
     -14.05404      41.73000     -41.73000
     -14.02104      35.61000     -35.61000
     -13.98804      24.78000     -24.78000
     -13.95504      24.11000     -24.11000
     -13.92204      31.56000     -31.56000
     -13.88904      35.68000     -35.68000
     -13.85604      30.39000     -30.39000
     -13.82304      19.77000     -19.77000
     -13.79004      11.26000     -11.26000
     -13.75704       6.52500      -6.52500
     -13.72404       3.92300      -3.92300
     -13.69104       4.16300      -4.16300
     -13.65804       9.63000      -9.63000
     -13.62504      19.17000     -19.17000
     -13.59204      21.34000     -21.34000
     -13.56004      11.91000     -11.91000
     -13.52704       4.26300      -4.26300
     -13.49404       7.05900      -7.05900
     -13.46104      17.47000     -17.47000
     -13.42804      20.74000     -20.74000
     -13.39504      11.32000     -11.32000
     -13.36204       2.92900      -2.92900
     -13.32904       1.21500      -1.21500
     -13.29604       4.74600      -4.74600
     -13.26304      13.20000     -13.20000
     -13.23004      21.16000     -21.16000
     -13.19704      23.53000     -23.53000
     -13.16404      26.34000     -26.34000
     -13.13104      33.53000     -33.53000
     -13.09804      34.71000     -34.71000
     -13.06504      25.50000     -25.50000
     -13.03204      17.63000     -17.63000
     -12.99904      17.27000     -17.27000
     -12.96604      23.26000     -23.26000
     -12.93304      27.61000     -27.61000
     -12.90004      22.32000     -22.32000
     -12.86704      18.20000     -18.20000
     -12.83404      24.25000     -24.25000
     -12.80104      27.19000     -27.19000
     -12.76804      22.96000     -22.96000
     -12.73504      26.92000     -26.92000
     -12.70204      38.51000     -38.51000
     -12.66904      40.22000     -40.22000
     -12.63604      31.27000     -31.27000
     -12.60304      27.44000     -27.44000
     -12.57004      29.40000     -29.40000
     -12.53704      25.86000     -25.86000
     -12.50404      18.44000     -18.44000
     -12.47104      20.01000     -20.01000
     -12.43804      31.97000     -31.97000
     -12.40504      37.08000     -37.08000
     -12.37204      29.92000     -29.92000
     -12.33904      26.65000     -26.65000
     -12.30604      29.55000     -29.55000
     -12.27304      32.81000     -32.81000
     -12.24004      33.15000     -33.15000
     -12.20704      30.06000     -30.06000
     -12.17404      30.97000     -30.97000
     -12.14104      32.28000     -32.28000
     -12.10804      28.97000     -28.97000
     -12.07504      25.36000     -25.36000
     -12.04204      18.91000     -18.91000
     -12.00904      19.67000     -19.67000
     -11.97604      29.90000     -29.90000
     -11.94304      35.61000     -35.61000
     -11.91004      36.78000     -36.78000
     -11.87704      37.42000     -37.42000
     -11.84404      35.69000     -35.69000
     -11.81104      32.47000     -32.47000
     -11.77804      27.39000     -27.39000
     -11.74504      22.27000     -22.27000
     -11.71204      20.49000     -20.49000
     -11.67904      19.17000     -19.17000
     -11.64604      16.05000     -16.05000
     -11.61304      13.50000     -13.50000
     -11.58004      12.26000     -12.26000
     -11.54704      13.45000     -13.45000
     -11.51404      17.79000     -17.79000
     -11.48104      20.94000     -20.94000
     -11.44804      16.30000     -16.30000
     -11.41504       9.13500      -9.13500
     -11.38204       7.57700      -7.57700
     -11.34904      14.13000     -14.13000
     -11.31604      26.72000     -26.72000
     -11.28304      34.31000     -34.31000
     -11.25004      31.44000     -31.44000
     -11.21804      23.83000     -23.83000
     -11.18504      21.49000     -21.49000
     -11.15204      26.64000     -26.64000
     -11.11904      30.43000     -30.43000
     -11.08604      33.00000     -33.00000
     -11.05304      34.76000     -34.76000
     -11.02004      32.59000     -32.59000
     -10.98704      27.94000     -27.94000
     -10.95404      23.57000     -23.57000
     -10.92104      27.75000     -27.75000
     -10.88804      39.15000     -39.15000
     -10.85504      45.01000     -45.01000
     -10.82204      48.24000     -48.24000
     -10.78904      54.57000     -54.57000
     -10.75604      50.56000     -50.56000
     -10.72304      38.38000     -38.38000
     -10.69004      34.40000     -34.40000
     -10.65704      33.29000     -33.29000
     -10.62404      25.70000     -25.70000
     -10.59104      18.35000     -18.35000
     -10.55804      21.56000     -21.56000
     -10.52504      32.20000     -32.20000
     -10.49204      38.30000     -38.30000
     -10.45904      35.60000     -35.60000
     -10.42604      30.10000     -30.10000
     -10.39304      25.52000     -25.52000
     -10.36004      24.78000     -24.78000
     -10.32704      26.19000     -26.19000
     -10.29404      26.66000     -26.66000
     -10.26104      26.16000     -26.16000
     -10.22804      25.64000     -25.64000
     -10.19504      25.06000     -25.06000
     -10.16204      24.39000     -24.39000
     -10.12904      23.71000     -23.71000
     -10.09604      19.73000     -19.73000
     -10.06304      14.38000     -14.38000
     -10.03004      13.31000     -13.31000
      -9.99704      16.70000     -16.70000
      -9.96404      21.65000     -21.65000
      -9.93104      23.60000     -23.60000
      -9.89804      22.78000     -22.78000
      -9.86504      26.09000     -26.09000
      -9.83204      37.12000     -37.12000
      -9.79904      49.44000     -49.44000
      -9.76604      51.05000     -51.05000
      -9.73304      42.24000     -42.24000
      -9.70004      36.21000     -36.21000
      -9.66704      36.37000     -36.37000
      -9.63404      35.10000     -35.10000
      -9.60104      34.40000     -34.40000
      -9.56804      34.80000     -34.80000
      -9.53504      32.64000     -32.64000
      -9.50204      32.44000     -32.44000
      -9.46904      35.47000     -35.47000
      -9.43604      36.26000     -36.26000
      -9.40304      37.03000     -37.03000
      -9.37004      40.34000     -40.34000
      -9.33704      41.43000     -41.43000
      -9.30404      38.30000     -38.30000
      -9.27104      33.86000     -33.86000
      -9.23804      30.92000     -30.92000
      -9.20504      27.49000     -27.49000
      -9.17204      23.22000     -23.22000
      -9.13904      21.18000     -21.18000
      -9.10604      18.81000     -18.81000
      -9.07304      18.38000     -18.38000
      -9.04004      20.90000     -20.90000
      -9.00704      23.90000     -23.90000
      -8.97404      30.03000     -30.03000
      -8.94104      32.12000     -32.12000
      -8.90804      28.16000     -28.16000
      -8.87604      30.47000     -30.47000
      -8.84304      34.85000     -34.85000
      -8.81004      28.31000     -28.31000
      -8.77704      17.19000     -17.19000
      -8.74404      16.14000     -16.14000
      -8.71104      28.92000     -28.92000
      -8.67804      42.36000     -42.36000
      -8.64504      42.61000     -42.61000
      -8.61204      34.75000     -34.75000
      -8.57904      34.55000     -34.55000
      -8.54604      43.26000     -43.26000
      -8.51304      47.96000     -47.96000
      -8.48004      40.93000     -40.93000
      -8.44704      26.67000     -26.67000
      -8.41404      18.18000     -18.18000
      -8.38104      21.61000     -21.61000
      -8.34804      27.82000     -27.82000
      -8.31504      33.19000     -33.19000
      -8.28204      42.84000     -42.84000
      -8.24904      50.58000     -50.58000
      -8.21604      48.95000     -48.95000
      -8.18304      49.27000     -49.27000
      -8.15004      57.73000     -57.73000
      -8.11704      63.22000     -63.22000
      -8.08404      58.76000     -58.76000
      -8.05104      51.82000     -51.82000
      -8.01804      53.64000     -53.64000
      -7.98504      61.77000     -61.77000
      -7.95204      67.88000     -67.88000
      -7.91904      63.40000     -63.40000
      -7.88604      50.92000     -50.92000
      -7.85304      43.11000     -43.11000
      -7.82004      38.19000     -38.19000
      -7.78704      34.70000     -34.70000
      -7.75404      34.49000     -34.49000
      -7.72104      34.07000     -34.07000
      -7.68804      34.74000     -34.74000
      -7.65504      37.99000     -37.99000
      -7.62204      39.60000     -39.60000
      -7.58904      42.61000     -42.61000
      -7.55604      57.01000     -57.01000
      -7.52304      85.25000     -85.25000
      -7.49004     100.90000    -100.90000
      -7.45704      82.80000     -82.80000
      -7.42404      58.45000     -58.45000
      -7.39104      44.95000     -44.95000
      -7.35804      37.28000     -37.28000
      -7.32504      34.22000     -34.22000
      -7.29204      36.82000     -36.82000
      -7.25904      39.95000     -39.95000
      -7.22604      37.91000     -37.91000
      -7.19304      36.76000     -36.76000
      -7.16004      41.83000     -41.83000
      -7.12704      48.53000     -48.53000
      -7.09404      52.05000     -52.05000
      -7.06104      49.32000     -49.32000
      -7.02804      41.92000     -41.92000
      -6.99504      36.54000     -36.54000
      -6.96204      34.96000     -34.96000
      -6.92904      34.36000     -34.36000
      -6.89604      32.82000     -32.82000
      -6.86304      31.02000     -31.02000
      -6.83004      24.04000     -24.04000
      -6.79704      15.96000     -15.96000
      -6.76404      15.90000     -15.90000
      -6.73104      23.80000     -23.80000
      -6.69804      29.27000     -29.27000
      -6.66504      33.64000     -33.64000
      -6.63204      44.12000     -44.12000
      -6.59904      51.03000     -51.03000
      -6.56604      52.46000     -52.46000
      -6.53304      56.23000     -56.23000
      -6.50104      56.94000     -56.94000
      -6.46804      61.50000     -61.50000
      -6.43504      81.53000     -81.53000
      -6.40204      98.00000     -98.00000
      -6.36904      96.28000     -96.28000
      -6.33604      90.23000     -90.23000
      -6.30304      89.88000     -89.88000
      -6.27004      85.86000     -85.86000
      -6.23704      70.97000     -70.97000
      -6.20404      51.63000     -51.63000
      -6.17104      39.06000     -39.06000
      -6.13804      37.05000     -37.05000
      -6.10504      51.69000     -51.69000
      -6.07204      73.40000     -73.40000
      -6.03904      83.12000     -83.12000
      -6.00604      90.38000     -90.38000
      -5.97304      96.12000     -96.12000
      -5.94004      90.70000     -90.70000
      -5.90704      93.04000     -93.04000
      -5.87404     111.90000    -111.90000
      -5.84104     119.40000    -119.40000
      -5.80804     103.50000    -103.50000
      -5.77504      80.09000     -80.09000
      -5.74204      63.43000     -63.43000
      -5.70904      57.40000     -57.40000
      -5.67604      58.46000     -58.46000
      -5.64304      62.59000     -62.59000
      -5.61004      67.69000     -67.69000
      -5.57704      72.45000     -72.45000
      -5.54404      64.41000     -64.41000
      -5.51104      45.12000     -45.12000
      -5.47804      41.70000     -41.70000
      -5.44504      63.11000     -63.11000
      -5.41204      88.78000     -88.78000
      -5.37904      93.93000     -93.93000
      -5.34604      89.42000     -89.42000
      -5.31304      98.02000     -98.02000
      -5.28004     107.00000    -107.00000
      -5.24704     102.90000    -102.90000
      -5.21404      98.53000     -98.53000
      -5.18104     104.10000    -104.10000
      -5.14804     118.20000    -118.20000
      -5.11504     121.70000    -121.70000
      -5.08204      88.46000     -88.46000
      -5.04904      46.50000     -46.50000
      -5.01604      35.12000     -35.12000
      -4.98304      48.32000     -48.32000
      -4.95004      59.12000     -59.12000
      -4.91704      53.12000     -53.12000
      -4.88404      37.86000     -37.86000
      -4.85104      25.44000     -25.44000
      -4.81804      24.34000     -24.34000
      -4.78504      37.67000     -37.67000
      -4.75204      60.15000     -60.15000
      -4.71904      76.41000     -76.41000
      -4.68604      71.88000     -71.88000
      -4.65304      52.51000     -52.51000
      -4.62004      38.00000     -38.00000
      -4.58704      34.10000     -34.10000
      -4.55404      37.78000     -37.78000
      -4.52104      49.24000     -49.24000
      -4.48804      57.23000     -57.23000
      -4.45504      54.42000     -54.42000
      -4.42204      48.66000     -48.66000
      -4.38904      46.58000     -46.58000
      -4.35604      45.78000     -45.78000
      -4.32304      44.74000     -44.74000
      -4.29004      40.22000     -40.22000
      -4.25704      29.04000     -29.04000
      -4.22404      30.49000     -30.49000
      -4.19104      60.16000     -60.16000
      -4.15904      88.93000     -88.93000
      -4.12604      82.63000     -82.63000
      -4.09304      59.56000     -59.56000
      -4.06004      46.90000     -46.90000
      -4.02704      48.22000     -48.22000
      -3.99404      57.10000     -57.10000
      -3.96104      62.47000     -62.47000
      -3.92804      64.27000     -64.27000
      -3.89504      72.98000     -72.98000
      -3.86204      91.91000     -91.91000
      -3.82904     109.90000    -109.90000
      -3.79604     115.50000    -115.50000
      -3.76304     102.20000    -102.20000
      -3.73004      84.46000     -84.46000
      -3.69704      82.84000     -82.84000
      -3.66404      84.15000     -84.15000
      -3.63104      79.15000     -79.15000
      -3.59804      85.11000     -85.11000
      -3.56504     101.80000    -101.80000
      -3.53204     111.60000    -111.60000
      -3.49904      99.36000     -99.36000
      -3.46604      71.11000     -71.11000
      -3.43304      42.36000     -42.36000
      -3.40004      20.88000     -20.88000
      -3.36704      15.98000     -15.98000
      -3.33404      26.04000     -26.04000
      -3.30104      36.37000     -36.37000
      -3.26804      37.87000     -37.87000
      -3.23504      33.74000     -33.74000
      -3.20204      32.51000     -32.51000
      -3.16904      35.90000     -35.90000
      -3.13604      38.72000     -38.72000
      -3.10304      39.82000     -39.82000
      -3.07004      41.50000     -41.50000
      -3.03704      44.58000     -44.58000
      -3.00404      39.37000     -39.37000
      -2.97104      26.95000     -26.95000
      -2.93804      21.88000     -21.88000
      -2.90504      26.92000     -26.92000
      -2.87204      31.16000     -31.16000
      -2.83904      30.29000     -30.29000
      -2.80604      30.22000     -30.22000
      -2.77304      32.78000     -32.78000
      -2.74004      36.18000     -36.18000
      -2.70704      39.28000     -39.28000
      -2.67404      41.94000     -41.94000
      -2.64104      44.57000     -44.57000
      -2.60804      42.46000     -42.46000
      -2.57504      33.22000     -33.22000
      -2.54204      25.76000     -25.76000
      -2.50904      21.68000     -21.68000
      -2.47604      19.80000     -19.80000
      -2.44304      23.69000     -23.69000
      -2.41004      29.08000     -29.08000
      -2.37704      27.98000     -27.98000
      -2.34404      24.60000     -24.60000
      -2.31104      25.04000     -25.04000
      -2.27804      25.23000     -25.23000
      -2.24504      23.23000     -23.23000
      -2.21204      21.44000     -21.44000
      -2.17904      20.52000     -20.52000
      -2.14604      25.56000     -25.56000
      -2.11304      34.67000     -34.67000
      -2.08004      36.00000     -36.00000
      -2.04704      30.93000     -30.93000
      -2.01404      27.57000     -27.57000
      -1.98104      23.16000     -23.16000
      -1.94804      19.07000     -19.07000
      -1.91504      18.70000     -18.70000
      -1.88204      17.34000     -17.34000
      -1.84904      12.47000     -12.47000
      -1.81704       8.88500      -8.88500
      -1.78404       9.22200      -9.22200
      -1.75104      10.59000     -10.59000
      -1.71804       9.94200      -9.94200
      -1.68504       8.49000      -8.49000
      -1.65204       8.94400      -8.94400
      -1.61904      13.16000     -13.16000
      -1.58604      19.93000     -19.93000
      -1.55304      22.50000     -22.50000
      -1.52004      19.50000     -19.50000
      -1.48704      20.50000     -20.50000
      -1.45404      28.80000     -28.80000
      -1.42104      34.14000     -34.14000
      -1.38804      31.16000     -31.16000
      -1.35504      21.32000     -21.32000
      -1.32204      14.29000     -14.29000
      -1.28904      17.41000     -17.41000
      -1.25604      23.56000     -23.56000
      -1.22304      27.03000     -27.03000
      -1.19004      29.25000     -29.25000
      -1.15704      27.51000     -27.51000
      -1.12404      17.07000     -17.07000
      -1.09104       6.34700      -6.34700
      -1.05804       5.66700      -5.66700
      -1.02504      13.68000     -13.68000
      -0.99204      21.46000     -21.46000
      -0.95904      27.51000     -27.51000
      -0.92604      39.00000     -39.00000
      -0.89304      48.34000     -48.34000
      -0.86004      44.49000     -44.49000
      -0.82704      34.07000     -34.07000
      -0.79404      29.21000     -29.21000
      -0.76104      27.11000     -27.11000
      -0.72804      23.51000     -23.51000
      -0.69504      21.72000     -21.72000
      -0.66204      24.62000     -24.62000
      -0.62904      27.36000     -27.36000
      -0.59604      24.07000     -24.07000
      -0.56304      21.98000     -21.98000
      -0.53004      20.87000     -20.87000
      -0.49704      16.14000     -16.14000
      -0.46404      14.68000     -14.68000
      -0.43104      20.59000     -20.59000
      -0.39804      24.23000     -24.23000
      -0.36504      17.42000     -17.42000
      -0.33204       9.59600      -9.59600
      -0.29904       7.97200      -7.97200
      -0.26604      10.07000     -10.07000
      -0.23304      14.11000     -14.11000
      -0.20004      15.46000     -15.46000
      -0.16704      12.50000     -12.50000
      -0.13404      11.91000     -11.91000
      -0.10104      16.56000     -16.56000
      -0.06804      22.70000     -22.70000
      -0.03504      27.07000     -27.07000
      -0.00204      29.71000     -29.71000
       0.03096      32.16000     -32.16000
       0.06396      32.89000     -32.89000
       0.09696      30.41000     -30.41000
       0.12996      24.47000     -24.47000
       0.16296      18.16000     -18.16000
       0.19596      16.50000     -16.50000
       0.22896      16.75000     -16.75000
       0.26196      15.71000     -15.71000
       0.29496      20.07000     -20.07000
       0.32796      26.78000     -26.78000
       0.36096      25.96000     -25.96000
       0.39396      21.00000     -21.00000
       0.42696      14.69000     -14.69000
       0.45996       7.26700      -7.26700
       0.49296       2.16200      -2.16200
       0.52496       0.34580      -0.34580
       0.55796       0.02726      -0.02726
       0.59096       0.00100      -0.00100
       0.62396       0.00002      -0.00002
       0.65696       0.00000      -0.00000
       0.68996       0.00000      -0.00000
       0.72296       0.00000      -0.00000
       0.75596       0.00000      -0.00000
       0.78896       0.00001      -0.00001
       0.82196       0.00039      -0.00039
       0.85496       0.01154      -0.01154
       0.88796       0.15710      -0.15710
       0.92096       1.03800      -1.03800
       0.95396       3.56800      -3.56800
       0.98696       7.14100      -7.14100
       1.01996      10.34000     -10.34000
       1.05296      13.64000     -13.64000
       1.08596      14.00000     -14.00000
       1.11896       8.13200      -8.13200
       1.15196       2.31400      -2.31400
       1.18496       0.71170      -0.71170
       1.21796       3.17100      -3.17100
       1.25096      11.19000     -11.19000
       1.28396      19.35000     -19.35000
       1.31696      16.93000     -16.93000
       1.34996       7.61900      -7.61900
       1.38296       1.73700      -1.73700
       1.41596       0.19330      -0.19330
       1.44896       0.02358      -0.02358
       1.48196       0.27380      -0.27380
       1.51496       2.47400      -2.47400
       1.54796      10.37000     -10.37000
       1.58096      21.91000     -21.91000
       1.61396      28.16000     -28.16000
       1.64696      29.02000     -29.02000
       1.67996      30.34000     -30.34000
       1.71296      30.37000     -30.37000
       1.74596      22.72000     -22.72000
       1.77896      18.28000     -18.28000
       1.81196      24.68000     -24.68000
       1.84496      28.13000     -28.13000
       1.87796      24.21000     -24.21000
       1.91096      22.05000     -22.05000
       1.94396      27.53000     -27.53000
       1.97696      31.49000     -31.49000
       2.00996      28.05000     -28.05000
       2.04296      26.41000     -26.41000
       2.07596      25.90000     -25.90000
       2.10896      23.72000     -23.72000
       2.14196      24.25000     -24.25000
       2.17496      22.49000     -22.49000
       2.20796      18.36000     -18.36000
       2.24096      21.86000     -21.86000
       2.27396      30.05000     -30.05000
       2.30696      33.09000     -33.09000
       2.33996      31.16000     -31.16000
       2.37296      28.63000     -28.63000
       2.40596      27.81000     -27.81000
       2.43896      27.40000     -27.40000
       2.47196      25.15000     -25.15000
       2.50496      23.35000     -23.35000
       2.53796      26.37000     -26.37000
       2.57096      32.18000     -32.18000
       2.60396      34.96000     -34.96000
       2.63696      31.03000     -31.03000
       2.66996      24.40000     -24.40000
       2.70296      23.03000     -23.03000
       2.73596      27.19000     -27.19000
       2.76896      31.67000     -31.67000
       2.80196      32.77000     -32.77000
       2.83496      30.74000     -30.74000
       2.86696      27.34000     -27.34000
       2.89996      21.39000     -21.39000
       2.93296      14.38000     -14.38000
       2.96596      10.44000     -10.44000
       2.99896       8.38000      -8.38000
       3.03196       6.61900      -6.61900
       3.06496       9.71300      -9.71300
       3.09796      19.19000     -19.19000
       3.13096      28.83000     -28.83000
       3.16396      30.05000     -30.05000
       3.19696      29.80000     -29.80000
       3.22996      41.54000     -41.54000
       3.26296      44.72000     -44.72000
       3.29596      26.85000     -26.85000
       3.32896       9.17700      -9.17700
       3.36196       2.09800      -2.09900
       3.39496       2.23000      -2.23300
       3.42796       8.65000      -8.65500
       3.46096      18.66000     -18.66000
       3.49396      22.64000     -22.63000
       3.52696      22.41000     -22.40000
       3.55996      27.92000     -27.92000
       3.59296      35.32000     -35.32000
       3.62596      37.86000     -37.86000
       3.65896      43.33000     -43.33000
       3.69196      53.28000     -53.28000
       3.72496      61.29000     -61.30000
       3.75796      80.72000     -80.73000
       3.79096     100.10000    -100.10000
       3.82396      94.37000     -94.37000
       3.85696      71.14000     -71.13000
       3.88996      45.61000     -45.61000
       3.92296      35.04000     -35.04000
       3.95596      39.69000     -39.68000
       3.98896      50.02000     -50.03000
       4.02196      67.01000     -67.02000
       4.05496      72.27000     -72.27000
       4.08796      56.08000     -56.07000
       4.12096      41.55000     -41.54000
       4.15396      34.85000     -34.86000
       4.18696      33.83000     -33.84000
       4.21996      37.05000     -37.04000
       4.25296      41.29000     -41.28000
       4.28596      49.93000     -49.96000
       4.31896      54.41000     -54.44000
       4.35196      50.16000     -50.16000
       4.38496      43.39000     -43.37000
       4.41796      40.02000     -40.01000
       4.45096      50.72000     -50.68000
       4.48396      69.32000     -69.24000
       4.51696      73.98000     -73.95000
       4.54996      65.12000     -65.22000
       4.58296      56.97000     -57.15000
       4.61596      55.64000     -55.77000
       4.64896      60.78000     -60.86000
       4.68196      78.10000     -77.73000
       4.71496      97.84000     -96.41000
       4.74796     105.10000    -103.70000
       4.78096     104.80000    -105.10000
       4.81396     102.50000    -104.20000
       4.84696     102.40000    -104.50000
       4.87996      98.70000     -99.87000
       4.91296      89.64000     -88.98000
       4.94596      78.87000     -78.01000
       4.97896      66.52000     -66.36000
       5.01196      61.77000     -61.27000
       5.04496      65.86000     -65.09000
       5.07796      71.46000     -70.68000
       5.11096      79.53000     -78.48000
       5.14396      90.96000     -91.30000
       5.17696     103.20000    -104.20000
       5.20996     111.30000    -110.60000
       5.24196     103.60000    -101.90000
       5.27496      88.01000     -86.60000
       5.30796      79.97000     -79.35000
       5.34096      82.59000     -81.68000
       5.37396      87.77000     -86.82000
       5.40696      84.00000     -84.98000
       5.43996      77.58000     -78.58000
       5.47296      75.75000     -75.21000
       5.50596      73.72000     -73.64000
       5.53896      65.70000     -66.77000
       5.57196      60.15000     -61.00000
       5.60496      64.73000     -65.04000
       5.63796      68.51000     -68.93000
       5.67096      67.85000     -68.96000
       5.70396      76.01000     -76.30000
       5.73696      89.19000     -87.54000
       5.76996      94.33000     -92.51000
       5.80296      93.49000     -93.89000
       5.83596      91.12000     -94.01000
       5.86896      89.13000     -92.54000
       5.90196      88.95000     -90.87000
       5.93496      89.34000     -89.05000
       5.96796      87.87000     -86.40000
       6.00096      83.05000     -80.71000
       6.03396      77.66000     -74.85000
       6.06696      73.57000     -72.23000
       6.09996      71.10000     -71.91000
       6.13296      70.55000     -72.18000
       6.16596      73.02000     -74.07000
       6.19896      78.45000     -78.09000
       6.23196      83.14000     -82.45000
       6.26496      83.22000     -83.67000
       6.29796      80.19000     -81.01000
       6.33096      77.55000     -78.86000
       6.36396      77.53000     -78.57000
       6.39696      77.89000     -76.27000
       6.42996      75.07000     -71.89000
       6.46296      71.13000     -68.44000
       6.49596      68.78000     -66.15000
       6.52896      66.01000     -66.43000
       6.56196      64.47000     -68.60000
       6.59496      67.52000     -69.71000
       6.62796      70.61000     -69.96000
       6.66096      71.27000     -70.06000
       6.69396      71.67000     -69.27000
       6.72696      71.20000     -69.97000
       6.75996      69.48000     -74.10000
       6.79296      69.98000     -77.34000
       6.82596      72.09000     -75.82000
       6.85896      73.76000     -72.55000
       6.89196      76.51000     -71.75000
       6.92496      77.84000     -72.90000
       6.95796      76.76000     -72.52000
       6.99096      75.79000     -72.27000
       7.02396      74.56000     -74.55000
       7.05696      71.77000     -75.05000
       7.08996      68.18000     -72.24000
       7.12296      65.43000     -68.70000
       7.15596      62.73000     -63.43000
       7.18896      59.54000     -57.90000
       7.22196      57.19000     -56.53000
       7.25496      57.07000     -58.07000
       7.28796      58.55000     -57.79000
       7.32096      58.57000     -54.90000
       7.35396      56.75000     -51.41000
       7.38696      53.49000     -50.06000
       7.41996      48.89000     -50.74000
       7.45296      45.33000     -49.20000
       7.48596      43.87000     -46.60000
       7.51896      43.34000     -46.19000
       7.55196      42.15000     -43.90000
       7.58396      39.33000     -40.07000
       7.61696      36.31000     -38.48000
       7.64996      34.45000     -37.23000
       7.68296      33.49000     -34.21000
       7.71596      32.48000     -31.21000
       7.74896      30.68000     -29.25000
       7.78196      28.12000     -27.66000
       7.81496      25.17000     -27.08000
       7.84796      23.95000     -26.86000
       7.88096      25.25000     -25.21000
       7.91396      25.71000     -23.50000
       7.94696      23.75000     -23.08000
       7.97996      21.84000     -21.80000
       8.01296      21.58000     -19.55000
       8.04596      20.38000     -18.21000
       8.07896      17.55000     -18.16000
       8.11196      14.38000     -18.01000
       8.14496      12.63000     -17.09000
       8.17796      12.98000     -14.45000
       8.21096      12.64000     -10.59000
       8.24396      10.56000      -8.25800
       8.27696       8.58400      -7.38700
       8.30996       7.29400      -5.94100
       8.34296       6.07600      -4.52000
       8.37596       4.75200      -4.17000
       8.40896       3.57200      -3.45500
       8.44196       2.36100      -1.96700
       8.47496       1.27900      -0.88880
       8.50796       0.51650      -0.35190
       8.54096       0.12110      -0.09157
       8.57396       0.01375      -0.01209
       8.60696       0.00070      -0.00073
       8.63996       0.00002      -0.00002
       8.67296       0.00000      -0.00000
       8.70596       0.00000      -0.00000
       8.73896       0.00000      -0.00000
       8.77196       0.00000      -0.00000
       8.80496       0.00000       0.00000
       8.83796       0.00000       0.00000
       8.87096       0.00000       0.00000
       8.90396       0.00000       0.00000
       8.93696       0.00000       0.00000
       8.96996       0.00000       0.00000
       9.00296       0.00000       0.00000
       9.03596       0.00000       0.00000
       9.06896       0.00000       0.00000
       9.10196       0.00000       0.00000
       9.13496       0.00000       0.00000
       9.16796       0.00000       0.00000
       9.20096       0.00000       0.00000
       9.23396       0.00000       0.00000
       9.26696       0.00000       0.00000
       9.29996       0.00000       0.00000
       9.33296       0.00000       0.00000
       9.36596       0.00000       0.00000
       9.39896       0.00000       0.00000
       9.43196       0.00000       0.00000
       9.46496       0.00000       0.00000
       9.49796       0.00000       0.00000
       9.53096       0.00000       0.00000
       9.56396       0.00000       0.00000
       9.59696       0.00000       0.00000
       9.62996       0.00000       0.00000
       9.66296       0.00000       0.00000
       9.69596       0.00000       0.00000
       9.72896       0.00000       0.00000
       9.76196       0.00000       0.00000
       9.79496       0.00000       0.00000
       9.82796       0.00000       0.00000
       9.86096       0.00000       0.00000
       9.89396       0.00000       0.00000
       9.92596       0.00000       0.00000
       9.95896       0.00000       0.00000
