      #Energy        TDOS-UP        TDOS-DOWN
     -26.35100       0.00000       0.00000
     -26.31700       0.00000       0.00000
     -26.28300       0.00000       0.00000
     -26.24900       0.00000       0.00000
     -26.21500       0.00000       0.00000
     -26.18100       0.00000       0.00000
     -26.14700       0.00000       0.00000
     -26.11300       0.00000       0.00000
     -26.07900       0.00000       0.00000
     -26.04500       0.00000       0.00000
     -26.01100       0.00000       0.00000
     -25.97700       0.00000       0.00000
     -25.94300       0.00000       0.00000
     -25.90900       0.00000       0.00000
     -25.87500       0.00000       0.00000
     -25.84100       0.00000       0.00000
     -25.80700       0.00000       0.00000
     -25.77300       0.00000       0.00000
     -25.73900       0.00000       0.00000
     -25.70500       0.00000       0.00000
     -25.67100       0.00000       0.00000
     -25.63700       0.00000       0.00000
     -25.60300       0.00000       0.00000
     -25.56900       0.00000       0.00000
     -25.53500       0.00000       0.00000
     -25.50100       0.00000       0.00000
     -25.46700       0.00000       0.00000
     -25.43300       0.00000       0.00000
     -25.39900       0.00000       0.00000
     -25.36500       0.00000       0.00000
     -25.33100       0.00000       0.00000
     -25.29700       0.00000       0.00000
     -25.26300       0.00000       0.00000
     -25.22900       0.00000       0.00000
     -25.19500       0.00000       0.00000
     -25.16100       0.00000       0.00000
     -25.12700       0.00000       0.00000
     -25.09300       0.00000      -0.00000
     -25.05900       0.00000      -0.00000
     -25.02500       0.00000      -0.00000
     -24.99100       0.00001      -0.00000
     -24.95700       0.00066      -0.00051
     -24.92300       0.03018      -0.02476
     -24.88900       0.57410      -0.49570
     -24.85500       4.55900      -4.14000
     -24.82100      15.26000     -14.56000
     -24.78700      21.65000     -21.72000
     -24.75300      13.14000     -13.84000
     -24.71900       4.55300      -4.76900
     -24.68500       8.01600      -7.56900
     -24.65100      22.19000     -22.01000
     -24.61800      34.05000     -35.14000
     -24.58400      34.14000     -34.52000
     -24.55000      29.23000     -27.99000
     -24.51600      26.78000     -26.30000
     -24.48200      21.78000     -22.94000
     -24.44800      21.47000     -22.65000
     -24.41400      22.07000     -21.93000
     -24.38000      12.71000     -12.11000
     -24.34600       8.96000      -9.20500
     -24.31200      18.45000     -18.95000
     -24.27800      27.47000     -26.59000
     -24.24400      36.33000     -34.47000
     -24.21000      45.43000     -44.93000
     -24.17600      31.17000     -32.25000
     -24.14200       9.48200     -10.24000
     -24.10800       1.51800      -1.71400
     -24.07400       3.54800      -3.89700
     -24.04000      17.73000     -18.74000
     -24.00600      39.20000     -39.90000
     -23.97200      37.86000     -37.05000
     -23.93800      15.96000     -15.00000
     -23.90400       2.92100      -2.63300
     -23.87000       0.22950      -0.19810
     -23.83600       0.00765      -0.00631
     -23.80200       0.00011      -0.00008
     -23.76800       0.00000      -0.00000
     -23.73400       0.00000      -0.00000
     -23.70000       0.00000      -0.00000
     -23.66600       0.00000       0.00000
     -23.63200       0.00000       0.00000
     -23.59800       0.00000       0.00000
     -23.56400       0.00000       0.00000
     -23.53000       0.00000       0.00000
     -23.49600       0.00000       0.00000
     -23.46200       0.00000       0.00000
     -23.42800       0.00000       0.00000
     -23.39400       0.00000       0.00000
     -23.36000       0.00000       0.00000
     -23.32600       0.00000       0.00000
     -23.29200       0.00000       0.00000
     -23.25800       0.00000       0.00000
     -23.22400       0.00000       0.00000
     -23.19000       0.00000       0.00000
     -23.15600       0.00000       0.00000
     -23.12200       0.00000       0.00000
     -23.08800       0.00000       0.00000
     -23.05400       0.00000       0.00000
     -23.02000       0.00000       0.00000
     -22.98600       0.00000       0.00000
     -22.95200       0.00000       0.00000
     -22.91800       0.00000       0.00000
     -22.88400       0.00000       0.00000
     -22.85000       0.00000       0.00000
     -22.81600       0.00000       0.00000
     -22.78200       0.00000       0.00000
     -22.74800       0.00000       0.00000
     -22.71400       0.00000       0.00000
     -22.68000       0.00000       0.00000
     -22.64600       0.00000       0.00000
     -22.61200       0.00000       0.00000
     -22.57800       0.00000       0.00000
     -22.54400       0.00000       0.00000
     -22.51000       0.00000       0.00000
     -22.47600       0.00000       0.00000
     -22.44200       0.00000       0.00000
     -22.40800       0.00000       0.00000
     -22.37400       0.00000       0.00000
     -22.34000       0.00000       0.00000
     -22.30600       0.00000       0.00000
     -22.27200       0.00000       0.00000
     -22.23800       0.00000       0.00000
     -22.20400       0.00000       0.00000
     -22.17000       0.00000       0.00000
     -22.13700       0.00000       0.00000
     -22.10300       0.00000       0.00000
     -22.06900       0.00000       0.00000
     -22.03500       0.00000       0.00000
     -22.00100       0.00000       0.00000
     -21.96700       0.00000       0.00000
     -21.93300       0.00000       0.00000
     -21.89900       0.00000       0.00000
     -21.86500       0.00000       0.00000
     -21.83100       0.00000       0.00000
     -21.79700       0.00000       0.00000
     -21.76300       0.00000       0.00000
     -21.72900       0.00000       0.00000
     -21.69500       0.00000      -0.00000
     -21.66100       0.00000      -0.00000
     -21.62700       0.00000      -0.00000
     -21.59300       0.00001      -0.00001
     -21.55900       0.00092      -0.00092
     -21.52500       0.03617      -0.03600
     -21.49100       0.62430      -0.62210
     -21.45700       4.90500      -4.89400
     -21.42300      18.33000     -18.31000
     -21.38900      34.96000     -34.97000
     -21.35500      40.66000     -40.67000
     -21.32100      38.16000     -38.15000
     -21.28700      28.34000     -28.35000
     -21.25300      16.43000     -16.45000
     -21.21900      15.95000     -15.96000
     -21.18500      27.34000     -27.35000
     -21.15100      43.98000     -43.99000
     -21.11700      46.36000     -46.35000
     -21.08300      29.81000     -29.79000
     -21.04900      23.38000     -23.36000
     -21.01500      41.57000     -41.58000
     -20.98100      56.58000     -56.59000
     -20.94700      51.74000     -51.75000
     -20.91300      38.51000     -38.51000
     -20.87900      21.95000     -21.94000
     -20.84500       7.48500      -7.47900
     -20.81100       1.26400      -1.26300
     -20.77700       0.09609      -0.09594
     -20.74300       0.00314      -0.00313
     -20.70900       0.00005      -0.00005
     -20.67500       0.00041      -0.00041
     -20.64100       0.01719      -0.01711
     -20.60700       0.32740      -0.32620
     -20.57300       3.03000      -3.02200
     -20.53900      14.65000     -14.62000
     -20.50500      38.46000     -38.44000
     -20.47100      56.99000     -57.03000
     -20.43700      56.12000     -56.14000
     -20.40300      50.26000     -50.24000
     -20.36900      46.14000     -46.14000
     -20.33500      40.87000     -40.90000
     -20.30100      39.71000     -39.72000
     -20.26700      37.29000     -37.29000
     -20.23300      32.26000     -32.26000
     -20.19900      37.26000     -37.26000
     -20.16500      40.30000     -40.28000
     -20.13100      27.23000     -27.23000
     -20.09700      14.75000     -14.75000
     -20.06300      14.11000     -14.12000
     -20.02900      19.12000     -19.12000
     -19.99500      19.82000     -19.81000
     -19.96100      19.05000     -19.03000
     -19.92700      27.68000     -27.69000
     -19.89300      32.15000     -32.17000
     -19.85900      21.54000     -21.54000
     -19.82500      10.44000     -10.44000
     -19.79100       4.69100      -4.68700
     -19.75700       1.58000      -1.57900
     -19.72300       0.41800      -0.41770
     -19.68900       1.09100      -1.09100
     -19.65500       3.95600      -3.95600
     -19.62200       7.25900      -7.25900
     -19.58800       8.20400      -8.20400
     -19.55400       9.22300      -9.22300
     -19.52000      12.46000     -12.46000
     -19.48600      14.26000     -14.26000
     -19.45200      16.64000     -16.64000
     -19.41800      22.73000     -22.73000
     -19.38400      23.65000     -23.66000
     -19.35000      17.55000     -17.55000
     -19.31600      12.11000     -12.11000
     -19.28200       9.04200      -9.04100
     -19.24800       8.67400      -8.67200
     -19.21400      12.85000     -12.86000
     -19.18000      22.37000     -22.37000
     -19.14600      27.69000     -27.70000
     -19.11200      19.49000     -19.49000
     -19.07800      10.70000     -10.70000
     -19.04400      12.04000     -12.04000
     -19.01000      19.24000     -19.23000
     -18.97600      26.27000     -26.25000
     -18.94200      35.89000     -35.91000
     -18.90800      46.86000     -46.88000
     -18.87400      59.56000     -59.56000
     -18.84000      65.90000     -65.91000
     -18.80600      44.53000     -44.54000
     -18.77200      15.37000     -15.36000
     -18.73800       2.53500      -2.53100
     -18.70400       0.19160      -0.19110
     -18.67000       0.00702      -0.00699
     -18.63600       0.02522      -0.02521
     -18.60200       0.42520      -0.42520
     -18.56800       3.07600      -3.07600
     -18.53400       9.87300      -9.87300
     -18.50000      15.61000     -15.61000
     -18.46600      16.71000     -16.71000
     -18.43200      19.80000     -19.80000
     -18.39800      26.34000     -26.34000
     -18.36400      29.95000     -29.95000
     -18.33000      30.60000     -30.60000
     -18.29600      31.64000     -31.64000
     -18.26200      27.46000     -27.46000
     -18.22800      21.92000     -21.92000
     -18.19400      19.76000     -19.76000
     -18.16000      20.74000     -20.73000
     -18.12600      25.01000     -25.00000
     -18.09200      25.96000     -25.96000
     -18.05800      19.05000     -19.06000
     -18.02400      13.79000     -13.81000
     -17.99000      19.24000     -19.26000
     -17.95600      32.72000     -32.72000
     -17.92200      37.41000     -37.40000
     -17.88800      31.69000     -31.69000
     -17.85400      37.68000     -37.68000
     -17.82000      51.87000     -51.86000
     -17.78600      48.13000     -48.12000
     -17.75200      37.61000     -37.60000
     -17.71800      44.98000     -45.01000
     -17.68400      53.25000     -53.27000
     -17.65000      45.37000     -45.35000
     -17.61600      32.73000     -32.71000
     -17.58200      27.63000     -27.63000
     -17.54800      26.17000     -26.17000
     -17.51400      25.63000     -25.63000
     -17.48000      27.82000     -27.82000
     -17.44600      30.74000     -30.74000
     -17.41200      27.46000     -27.45000
     -17.37800      29.91000     -29.88000
     -17.34400      45.84000     -45.83000
     -17.31000      51.89000     -51.92000
     -17.27600      47.93000     -47.95000
     -17.24200      47.02000     -47.02000
     -17.20800      47.44000     -47.44000
     -17.17400      45.53000     -45.52000
     -17.14100      39.68000     -39.69000
     -17.10700      31.44000     -31.44000
     -17.07300      25.79000     -25.78000
     -17.03900      25.94000     -25.94000
     -17.00500      29.40000     -29.40000
     -16.97100      36.34000     -36.33000
     -16.93700      45.14000     -45.14000
     -16.90300      44.45000     -44.45000
     -16.86900      40.11000     -40.12000
     -16.83500      39.00000     -39.00000
     -16.80100      34.60000     -34.60000
     -16.76700      35.68000     -35.68000
     -16.73300      43.99000     -43.98000
     -16.69900      39.69000     -39.69000
     -16.66500      21.49000     -21.50000
     -16.63100      10.80000     -10.80000
     -16.59700      13.80000     -13.79000
     -16.56300      20.92000     -20.92000
     -16.52900      21.58000     -21.59000
     -16.49500      18.92000     -18.92000
     -16.46100      17.99000     -17.98000
     -16.42700      14.75000     -14.75000
     -16.39300       9.63100      -9.62900
     -16.35900       5.53100      -5.53100
     -16.32500       3.86600      -3.86600
     -16.29100       3.98000      -3.98000
     -16.25700       4.02800      -4.02800
     -16.22300       3.04100      -3.04100
     -16.18900       2.15700      -2.15700
     -16.15500       2.29400      -2.29300
     -16.12100       3.66900      -3.66300
     -16.08700       8.89100      -8.87300
     -16.05300      17.23000     -17.22000
     -16.01900      21.08000     -21.10000
     -15.98500      21.46000     -21.50000
     -15.95100      17.69000     -17.70000
     -15.91700      10.29000     -10.28000
     -15.88300       6.80400      -6.79700
     -15.84900       9.07200      -9.06900
     -15.81500      18.69000     -18.68000
     -15.78100      29.86000     -29.85000
     -15.74700      30.21000     -30.21000
     -15.71300      22.00000     -22.00000
     -15.67900      13.23000     -13.23000
     -15.64500       9.52800      -9.53000
     -15.61100      11.58000     -11.58000
     -15.57700      21.16000     -21.16000
     -15.54300      36.27000     -36.26000
     -15.50900      42.76000     -42.76000
     -15.47500      34.74000     -34.74000
     -15.44100      25.04000     -25.05000
     -15.40700      22.71000     -22.72000
     -15.37300      21.94000     -21.94000
     -15.33900      19.26000     -19.26000
     -15.30500      20.95000     -20.94000
     -15.27100      29.20000     -29.20000
     -15.23700      37.06000     -37.07000
     -15.20300      31.97000     -31.98000
     -15.16900      20.55000     -20.55000
     -15.13500      16.32000     -16.32000
     -15.10100      15.81000     -15.81000
     -15.06700      15.00000     -15.00000
     -15.03300      18.51000     -18.51000
     -14.99900      24.05000     -24.05000
     -14.96500      25.77000     -25.78000
     -14.93100      26.21000     -26.21000
     -14.89700      27.64000     -27.64000
     -14.86300      29.52000     -29.52000
     -14.82900      26.02000     -26.02000
     -14.79500      17.66000     -17.65000
     -14.76100      17.14000     -17.13000
     -14.72700      30.20000     -30.20000
     -14.69300      43.56000     -43.57000
     -14.65900      40.24000     -40.25000
     -14.62600      32.19000     -32.20000
     -14.59200      33.43000     -33.43000
     -14.55800      33.91000     -33.91000
     -14.52400      25.77000     -25.77000
     -14.49000      15.80000     -15.79000
     -14.45600      11.68000     -11.68000
     -14.42200      13.45000     -13.45000
     -14.38800      18.96000     -18.96000
     -14.35400      23.31000     -23.31000
     -14.32000      21.76000     -21.76000
     -14.28600      15.19000     -15.19000
     -14.25200      10.94000     -10.93000
     -14.21800      18.16000     -18.14000
     -14.18400      35.10000     -35.09000
     -14.15000      43.74000     -43.78000
     -14.11600      37.70000     -37.73000
     -14.08200      34.12000     -34.12000
     -14.04800      38.85000     -38.84000
     -14.01400      40.12000     -40.11000
     -13.98000      33.26000     -33.25000
     -13.94600      23.99000     -23.98000
     -13.91200      18.64000     -18.64000
     -13.87800      17.74000     -17.74000
     -13.84400      18.01000     -18.01000
     -13.81000      19.05000     -19.05000
     -13.77600      20.67000     -20.67000
     -13.74200      21.01000     -21.01000
     -13.70800      19.39000     -19.39000
     -13.67400      15.50000     -15.50000
     -13.64000      12.11000     -12.11000
     -13.60600      16.21000     -16.20000
     -13.57200      26.10000     -26.10000
     -13.53800      30.32000     -30.33000
     -13.50400      26.19000     -26.20000
     -13.47000      26.17000     -26.17000
     -13.43600      35.95000     -35.96000
     -13.40200      38.53000     -38.54000
     -13.36800      26.59000     -26.58000
     -13.33400      16.58000     -16.57000
     -13.30000      20.19000     -20.17000
     -13.26600      33.99000     -34.00000
     -13.23200      42.77000     -42.79000
     -13.19800      40.11000     -40.11000
     -13.16400      35.30000     -35.29000
     -13.13000      29.85000     -29.84000
     -13.09600      24.50000     -24.49000
     -13.06200      23.36000     -23.36000
     -13.02800      25.38000     -25.37000
     -12.99400      30.64000     -30.62000
     -12.96000      43.92000     -43.88000
     -12.92600      54.38000     -54.42000
     -12.89200      54.63000     -54.74000
     -12.85800      48.59000     -48.60000
     -12.82400      40.32000     -40.28000
     -12.79000      33.93000     -33.91000
     -12.75600      28.08000     -28.07000
     -12.72200      20.25000     -20.25000
     -12.68800      14.19000     -14.19000
     -12.65400      16.88000     -16.87000
     -12.62000      29.06000     -29.06000
     -12.58600      38.28000     -38.29000
     -12.55200      34.19000     -34.19000
     -12.51800      26.52000     -26.46000
     -12.48400      31.88000     -31.83000
     -12.45000      45.36000     -45.47000
     -12.41600      43.36000     -43.45000
     -12.38200      30.74000     -30.67000
     -12.34800      32.00000     -31.94000
     -12.31400      42.08000     -42.08000
     -12.28000      48.88000     -48.89000
     -12.24600      54.16000     -54.17000
     -12.21200      59.29000     -59.30000
     -12.17800      51.41000     -51.40000
     -12.14500      32.09000     -32.08000
     -12.11100      17.25000     -17.25000
     -12.07700       9.96100      -9.96100
     -12.04300       6.75300      -6.75100
     -12.00900      10.12000     -10.11000
     -11.97500      19.96000     -19.94000
     -11.94100      27.57000     -27.54000
     -11.90700      30.48000     -30.49000
     -11.87300      32.71000     -32.78000
     -11.83900      34.21000     -34.25000
     -11.80500      33.61000     -33.59000
     -11.77100      29.78000     -29.76000
     -11.73700      21.15000     -21.14000
     -11.70300      13.99000     -13.98000
     -11.66900      17.10000     -17.09000
     -11.63500      27.97000     -27.96000
     -11.60100      36.27000     -36.25000
     -11.56700      38.45000     -38.43000
     -11.53300      40.25000     -40.27000
     -11.49900      42.07000     -42.15000
     -11.46500      36.99000     -37.02000
     -11.43100      27.07000     -27.03000
     -11.39700      23.80000     -23.77000
     -11.36300      28.19000     -28.18000
     -11.32900      32.51000     -32.50000
     -11.29500      41.97000     -41.95000
     -11.26100      53.12000     -53.14000
     -11.22700      54.52000     -54.59000
     -11.19300      56.47000     -56.49000
     -11.15900      58.40000     -58.38000
     -11.12500      57.55000     -57.52000
     -11.09100      49.71000     -49.70000
     -11.05700      33.11000     -33.10000
     -11.02300      24.41000     -24.41000
     -10.98900      27.52000     -27.51000
     -10.95500      32.19000     -32.20000
     -10.92100      30.35000     -30.35000
     -10.88700      27.83000     -27.83000
     -10.85300      34.67000     -34.69000
     -10.81900      45.96000     -45.97000
     -10.78500      50.20000     -50.20000
     -10.75100      45.72000     -45.72000
     -10.71700      40.76000     -40.75000
     -10.68300      37.69000     -37.68000
     -10.64900      37.82000     -37.82000
     -10.61500      45.13000     -45.13000
     -10.58100      48.88000     -48.88000
     -10.54700      44.48000     -44.48000
     -10.51300      36.22000     -36.22000
     -10.47900      27.26000     -27.25000
     -10.44500      26.02000     -26.02000
     -10.41100      30.38000     -30.39000
     -10.37700      28.91000     -28.91000
     -10.34300      20.20000     -20.21000
     -10.30900      17.14000     -17.13000
     -10.27500      26.03000     -26.01000
     -10.24100      40.36000     -40.35000
     -10.20700      52.24000     -52.23000
     -10.17300      57.76000     -57.76000
     -10.13900      54.88000     -54.89000
     -10.10500      45.36000     -45.39000
     -10.07100      36.70000     -36.71000
     -10.03700      30.32000     -30.32000
     -10.00300      30.76000     -30.75000
      -9.96900      43.78000     -43.78000
      -9.93500      53.59000     -53.59000
      -9.90100      47.31000     -47.29000
      -9.86700      37.61000     -37.58000
      -9.83300      38.88000     -38.82000
      -9.79900      47.21000     -47.21000
      -9.76500      55.20000     -55.31000
      -9.73100      61.57000     -61.62000
      -9.69700      61.48000     -61.41000
      -9.66300      55.76000     -55.61000
      -9.63000      55.26000     -55.23000
      -9.59600      60.37000     -60.53000
      -9.56200      74.67000     -74.70000
      -9.52800      89.86000     -89.78000
      -9.49400      87.56000     -87.58000
      -9.46000      80.00000     -80.17000
      -9.42600      88.46000     -88.53000
      -9.39200     103.00000    -102.90000
      -9.35800     110.60000    -110.60000
      -9.32400     118.50000    -118.40000
      -9.29000     113.00000    -112.90000
      -9.25600      84.03000     -83.97000
      -9.22200      51.83000     -51.67000
      -9.18800      53.18000     -53.14000
      -9.15400      78.19000     -78.32000
      -9.12000      90.31000     -90.39000
      -9.08600      93.74000     -93.73000
      -9.05200     109.60000    -109.60000
      -9.01800     118.10000    -118.20000
      -8.98400      97.80000     -97.80000
      -8.95000      77.89000     -77.85000
      -8.91600      86.23000     -86.19000
      -8.88200      97.32000     -97.28000
      -8.84800      95.48000     -95.50000
      -8.81400      92.25000     -92.33000
      -8.78000      79.01000     -79.01000
      -8.74600      59.56000     -59.51000
      -8.71200      52.80000     -52.77000
      -8.67800      62.61000     -62.60000
      -8.64400      78.13000     -78.10000
      -8.61000      87.52000     -87.53000
      -8.57600      85.76000     -85.89000
      -8.54200      68.99000     -69.03000
      -8.50800      53.96000     -53.91000
      -8.47400      52.79000     -52.74000
      -8.44000      55.87000     -55.82000
      -8.40600      60.73000     -60.68000
      -8.37200      78.58000     -78.60000
      -8.33800     103.90000    -104.00000
      -8.30400     107.20000    -107.30000
      -8.27000      88.29000     -88.24000
      -8.23600      69.34000     -69.27000
      -8.20200      57.84000     -57.74000
      -8.16800      65.95000     -65.74000
      -8.13400      87.11000     -87.08000
      -8.10000      92.71000     -93.15000
      -8.06600      73.12000     -73.36000
      -8.03200      46.04000     -45.85000
      -7.99800      40.21000     -40.00000
      -7.96400      54.13000     -54.06000
      -7.93000      64.35000     -64.37000
      -7.89600      63.91000     -63.98000
      -7.86200      52.72000     -52.78000
      -7.82800      41.81000     -41.81000
      -7.79400      49.23000     -49.19000
      -7.76000      64.60000     -64.56000
      -7.72600      66.97000     -66.98000
      -7.69200      55.67000     -55.70000
      -7.65800      40.04000     -40.04000
      -7.62400      29.30000     -29.29000
      -7.59000      27.33000     -27.32000
      -7.55600      34.75000     -34.73000
      -7.52200      54.74000     -54.74000
      -7.48800      74.60000     -74.60000
      -7.45400      79.02000     -79.00000
      -7.42000      67.36000     -67.36000
      -7.38600      46.81000     -46.85000
      -7.35200      32.46000     -32.48000
      -7.31800      33.01000     -32.97000
      -7.28400      50.65000     -50.49000
      -7.25000      84.85000     -84.63000
      -7.21600     121.80000    -121.70000
      -7.18200     145.30000    -145.70000
      -7.14900     149.70000    -150.10000
      -7.11500     135.10000    -135.00000
      -7.08100     121.60000    -121.60000
      -7.04700     125.60000    -125.70000
      -7.01300     129.50000    -129.40000
      -6.97900     113.60000    -113.50000
      -6.94500      76.51000     -76.46000
      -6.91100      46.10000     -46.05000
      -6.87700      41.52000     -41.47000
      -6.84300      43.77000     -43.75000
      -6.80900      40.60000     -40.60000
      -6.77500      41.04000     -41.03000
      -6.74100      59.27000     -59.22000
      -6.70700      97.97000     -97.98000
      -6.67300     130.60000    -130.70000
      -6.63900     127.10000    -127.20000
      -6.60500      97.63000     -97.55000
      -6.57100      77.99000     -77.84000
      -6.53700      88.41000     -88.46000
      -6.50300     111.80000    -112.00000
      -6.46900     107.30000    -107.40000
      -6.43500      65.76000     -65.69000
      -6.40100      23.62000     -23.53000
      -6.36700       4.71900      -4.67200
      -6.33300       1.78600      -1.77400
      -6.29900      12.32000     -12.31000
      -6.26500      49.18000     -49.18000
      -6.23100      85.01000     -85.02000
      -6.19700      63.75000     -63.75000
      -6.16300      20.70000     -20.70000
      -6.12900       2.89300      -2.89400
      -6.09500       0.17250      -0.17260
      -6.06100       0.01162      -0.01166
      -6.02700       0.20320      -0.20380
      -5.99300       2.44500      -2.44900
      -5.95900      13.27000     -13.28000
      -5.92500      35.46000     -35.45000
      -5.89100      56.00000     -55.99000
      -5.85700      66.29000     -66.30000
      -5.82300      61.80000     -61.80000
      -5.78900      41.31000     -41.29000
      -5.75500      23.77000     -23.75000
      -5.72100      21.20000     -21.21000
      -5.68700      25.91000     -25.92000
      -5.65300      30.49000     -30.49000
      -5.61900      32.31000     -32.29000
      -5.58500      35.26000     -35.21000
      -5.55100      44.02000     -44.01000
      -5.51700      56.48000     -56.58000
      -5.48300      66.39000     -66.47000
      -5.44900      70.65000     -70.63000
      -5.41500      68.28000     -68.25000
      -5.38100      58.69000     -58.67000
      -5.34700      38.66000     -38.65000
      -5.31300      19.56000     -19.55000
      -5.27900      14.31000     -14.31000
      -5.24500      17.72000     -17.72000
      -5.21100      18.64000     -18.64000
      -5.17700      13.18000     -13.18000
      -5.14300       8.63400      -8.63600
      -5.10900       8.38300      -8.38300
      -5.07500      10.05000     -10.05000
      -5.04100      14.08000     -14.08000
      -5.00700      21.00000     -21.00000
      -4.97300      23.02000     -23.02000
      -4.93900      20.28000     -20.28000
      -4.90500      23.92000     -23.92000
      -4.87100      26.88000     -26.88000
      -4.83700      21.91000     -21.91000
      -4.80300      17.82000     -17.82000
      -4.76900      21.15000     -21.14000
      -4.73500      33.74000     -33.72000
      -4.70100      52.78000     -52.63000
      -4.66800      71.48000     -71.29000
      -4.63400      72.56000     -72.63000
      -4.60000      50.12000     -50.32000
      -4.56600      30.75000     -30.84000
      -4.53200      24.46000     -24.47000
      -4.49800      26.93000     -26.93000
      -4.46400      32.80000     -32.80000
      -4.43000      35.23000     -35.28000
      -4.39600      34.87000     -35.03000
      -4.36200      46.10000     -46.33000
      -4.32800      62.10000     -62.04000
      -4.29400      59.46000     -59.23000
      -4.26000      45.37000     -45.25000
      -4.22600      31.36000     -31.35000
      -4.19200      20.97000     -20.98000
      -4.15800      16.55000     -16.55000
      -4.12400      16.42000     -16.42000
      -4.09000      19.33000     -19.33000
      -4.05600      25.68000     -25.68000
      -4.02200      31.94000     -31.94000
      -3.98800      31.81000     -31.81000
      -3.95400      27.46000     -27.46000
      -3.92000      24.13000     -24.13000
      -3.88600      25.08000     -25.07000
      -3.85200      27.33000     -27.33000
      -3.81800      27.31000     -27.32000
      -3.78400      27.23000     -27.23000
      -3.75000      28.74000     -28.73000
      -3.71600      33.70000     -33.70000
      -3.68200      42.22000     -42.22000
      -3.64800      43.34000     -43.34000
      -3.61400      33.86000     -33.87000
      -3.58000      24.28000     -24.22000
      -3.54600      20.84000     -20.54000
      -3.51200      26.53000     -26.16000
      -3.47800      32.51000     -32.68000
      -3.44400      31.29000     -31.71000
      -3.41000      22.46000     -22.60000
      -3.37600      11.53000     -11.53000
      -3.34200      13.39000     -13.38000
      -3.30800      26.14000     -26.15000
      -3.27400      33.79000     -33.80000
      -3.24000      26.35000     -26.35000
      -3.20600      12.34000     -12.33000
      -3.17200       3.52000      -3.52800
      -3.13800       1.73500      -1.85400
      -3.10400       7.35200      -7.78600
      -3.07000      18.88000     -19.28000
      -3.03600      22.61000     -22.26000
      -3.00200      20.15000     -19.58000
      -2.96800      22.84000     -22.65000
      -2.93400      17.54000     -17.60000
      -2.90000       6.12300      -6.18900
      -2.86600       1.24100      -1.24200
      -2.83200       3.44000      -3.34800
      -2.79800      15.37000     -15.17000
      -2.76400      34.89000     -34.84000
      -2.73000      46.50000     -46.69000
      -2.69600      41.70000     -41.84000
      -2.66200      24.58000     -24.61000
      -2.62800       8.26600      -8.26900
      -2.59400       1.46100      -1.46100
      -2.56000       0.94780      -0.94620
      -2.52600       4.69500      -4.68800
      -2.49200      13.06000     -13.04000
      -2.45800      21.72000     -21.72000
      -2.42400      26.95000     -26.98000
      -2.39000      26.75000     -26.77000
      -2.35600      22.27000     -22.28000
      -2.32200      22.63000     -22.69000
      -2.28800      28.21000     -28.40000
      -2.25400      31.02000     -31.15000
      -2.22000      23.85000     -23.69000
      -2.18600      12.07000     -11.89000
      -2.15300       7.21200      -7.16300
      -2.11900       7.81700      -7.81400
      -2.08500      10.45000     -10.45000
      -2.05100      13.74000     -13.75000
      -2.01700      15.44000     -15.44000
      -1.98300      13.05000     -13.04000
      -1.94900      14.98000     -14.96000
      -1.91500      25.31000     -25.31000
      -1.88100      30.00000     -30.02000
      -1.84700      22.78000     -22.79000
      -1.81300      17.18000     -17.18000
      -1.77900      22.63000     -22.63000
      -1.74500      29.80000     -29.79000
      -1.71100      28.28000     -28.29000
      -1.67700      20.65000     -20.65000
      -1.64300      11.41000     -11.40000
      -1.60900       4.03500      -4.02800
      -1.57500       1.40500      -1.40300
      -1.54100       2.82300      -2.82200
      -1.50700       5.98400      -5.98200
      -1.47300       8.51200      -8.50800
      -1.43900      11.08000     -11.07000
      -1.40500      16.01000     -16.01000
      -1.37100      20.23000     -20.24000
      -1.33700      20.78000     -20.79000
      -1.30300      18.14000     -18.14000
      -1.26900      11.89000     -11.88000
      -1.23500       7.53400      -7.52800
      -1.20100       8.30600      -8.30500
      -1.16700      11.73000     -11.73000
      -1.13300      14.08000     -14.08000
      -1.09900      12.46000     -12.45000
      -1.06500      11.63000     -11.63000
      -1.03100      18.63000     -18.62000
      -0.99700      34.04000     -34.03000
      -0.96300      45.03000     -45.03000
      -0.92900      38.39000     -38.40000
      -0.89500      26.08000     -26.08000
      -0.86100      23.15000     -23.14000
      -0.82700      21.43000     -21.43000
      -0.79300      13.82000     -13.82000
      -0.75900      10.12000     -10.12000
      -0.72500      12.76000     -12.76000
      -0.69100      17.86000     -17.86000
      -0.65700      25.99000     -25.99000
      -0.62300      35.44000     -35.43000
      -0.58900      39.70000     -39.69000
      -0.55500      35.35000     -35.35000
      -0.52100      28.57000     -28.57000
      -0.48700      27.65000     -27.65000
      -0.45300      30.84000     -30.84000
      -0.41900      32.32000     -32.33000
      -0.38500      33.97000     -33.97000
      -0.35100      31.04000     -31.04000
      -0.31700      23.33000     -23.33000
      -0.28300      17.12000     -17.12000
      -0.24900      11.92000     -11.93000
      -0.21500      11.67000     -11.67000
      -0.18100      15.76000     -15.76000
      -0.14700      15.87000     -15.87000
      -0.11300      14.90000     -14.90000
      -0.07900      17.75000     -17.75000
      -0.04500      21.62000     -21.62000
      -0.01100      25.12000     -25.12000
       0.02300      26.21000     -26.20000
       0.05700      27.21000     -27.20000
       0.09100      27.51000     -27.51000
       0.12500      23.52000     -23.53000
       0.15900      22.29000     -22.28000
       0.19300      27.80000     -27.80000
       0.22700      31.56000     -31.56000
       0.26100      26.62000     -26.63000
       0.29500      20.54000     -20.54000
       0.32800      21.28000     -21.28000
       0.36200      28.44000     -28.45000
       0.39600      32.74000     -32.74000
       0.43000      30.97000     -30.97000
       0.46400      30.55000     -30.56000
       0.49800      26.93000     -26.95000
       0.53200      25.50000     -25.57000
       0.56600      41.23000     -41.32000
       0.60000      53.40000     -53.41000
       0.63400      40.57000     -40.48000
       0.66800      20.41000     -20.31000
       0.70200      15.26000     -15.17000
       0.73600      29.95000     -29.84000
       0.77000      45.54000     -45.48000
       0.80400      41.54000     -41.55000
       0.83800      26.92000     -26.99000
       0.87200      18.71000     -18.78000
       0.90600      23.58000     -23.63000
       0.94000      35.19000     -35.23000
       0.97400      37.25000     -37.30000
       1.00800      41.39000     -41.47000
       1.04200      58.06000     -58.07000
       1.07600      68.36000     -68.30000
       1.11000      63.48000     -63.44000
       1.14400      49.13000     -49.10000
       1.17800      40.64000     -40.62000
       1.21200      41.63000     -41.61000
       1.24600      42.61000     -42.61000
       1.28000      40.06000     -40.07000
       1.31400      38.28000     -38.25000
       1.34800      38.56000     -38.48000
       1.38200      36.38000     -36.34000
       1.41600      31.85000     -31.92000
       1.45000      32.99000     -33.10000
       1.48400      45.41000     -45.48000
       1.51800      52.99000     -52.99000
       1.55200      45.33000     -45.30000
       1.58600      35.14000     -35.10000
       1.62000      31.98000     -31.97000
       1.65400      36.76000     -36.77000
       1.68800      44.61000     -44.61000
       1.72200      47.22000     -47.19000
       1.75600      39.23000     -39.23000
       1.79000      33.22000     -33.27000
       1.82400      52.16000     -52.23000
       1.85800      86.39000     -86.61000
       1.89200      93.77000     -94.04000
       1.92600      72.61000     -72.47000
       1.96000      55.25000     -54.83000
       1.99400      54.61000     -54.30000
       2.02800      71.66000     -71.67000
       2.06200      89.00000     -89.09000
       2.09600      88.77000     -88.40000
       2.13000      74.72000     -74.27000
       2.16400      65.43000     -66.66000
       2.19800      77.29000     -79.91000
       2.23200      91.06000     -92.03000
       2.26600      84.50000     -82.55000
       2.30000      72.44000     -68.81000
       2.33400      72.92000     -71.83000
       2.36800      84.94000     -86.96000
       2.40200      89.30000     -90.94000
       2.43600      81.56000     -82.80000
       2.47000      81.18000     -82.46000
       2.50400      90.03000     -90.57000
       2.53800      91.41000     -90.89000
       2.57200      87.33000     -86.83000
       2.60600      86.07000     -86.46000
       2.64000      84.32000     -83.82000
       2.67400      77.90000     -76.77000
       2.70800      69.31000     -69.61000
       2.74200      67.46000     -68.64000
       2.77600      70.29000     -71.40000
       2.81000      68.65000     -69.06000
       2.84300      68.77000     -68.21000
       2.87700      75.04000     -73.43000
       2.91100      79.76000     -78.79000
       2.94500      76.86000     -77.50000
       2.97900      65.45000     -65.48000
       3.01300      59.38000     -57.78000
       3.04700      66.84000     -66.66000
       3.08100      81.07000     -81.97000
       3.11500      91.26000     -90.69000
       3.14900      93.01000     -92.82000
       3.18300      93.16000     -94.05000
       3.21700      93.62000     -94.36000
       3.25100      87.48000     -88.14000
       3.28500      79.99000     -80.14000
       3.31900      81.21000     -79.43000
       3.35300      83.61000     -79.51000
       3.38700      77.93000     -76.02000
       3.42100      71.40000     -73.84000
       3.45500      69.48000     -72.34000
       3.48900      70.55000     -70.63000
       3.52300      72.41000     -69.83000
       3.55700      70.66000     -68.82000
       3.59100      67.38000     -67.39000
       3.62500      66.14000     -67.41000
       3.65900      66.51000     -68.77000
       3.69300      68.92000     -69.13000
       3.72700      71.67000     -69.69000
       3.76100      72.38000     -72.34000
       3.79500      71.56000     -73.67000
       3.82900      70.43000     -71.29000
       3.86300      69.96000     -68.46000
       3.89700      70.41000     -69.98000
       3.93100      70.19000     -73.77000
       3.96500      68.78000     -73.28000
       3.99900      67.39000     -70.80000
       4.03300      68.25000     -71.03000
       4.06700      71.39000     -72.14000
       4.10100      75.78000     -74.46000
       4.13500      77.16000     -76.94000
       4.16900      73.70000     -77.74000
       4.20300      72.64000     -76.75000
       4.23700      76.78000     -73.08000
       4.27100      78.50000     -70.21000
       4.30500      73.14000     -70.26000
       4.33900      68.79000     -70.76000
       4.37300      69.32000     -70.40000
       4.40700      70.53000     -68.05000
       4.44100      68.12000     -65.05000
       4.47500      63.81000     -63.78000
       4.50900      61.00000     -62.47000
       4.54300      59.27000     -60.05000
       4.57700      59.52000     -57.25000
       4.61100      61.72000     -56.41000
       4.64500      60.56000     -56.72000
       4.67900      55.03000     -56.23000
       4.71300      50.07000     -54.73000
       4.74700      48.00000     -51.60000
       4.78100      48.18000     -47.78000
       4.81500      48.86000     -46.03000
       4.84900      47.48000     -45.70000
       4.88300      44.08000     -43.54000
       4.91700      40.85000     -40.43000
       4.95100      37.79000     -38.89000
       4.98500      35.77000     -39.21000
       5.01900      36.32000     -39.76000
       5.05300      38.19000     -38.47000
       5.08700      38.82000     -34.62000
       5.12100      36.58000     -30.68000
       5.15500      33.06000     -28.76000
       5.18900      30.80000     -28.77000
       5.22300      29.96000     -29.63000
       5.25700      28.11000     -29.61000
       5.29100      24.11000     -27.86000
       5.32400      20.70000     -26.20000
       5.35800      19.30000     -24.87000
       5.39200      18.02000     -21.54000
       5.42600      17.53000     -18.03000
       5.46000      18.04000     -17.35000
       5.49400      17.75000     -17.65000
       5.52800      16.76000     -16.69000
       5.56200      15.91000     -15.31000
       5.59600      15.01000     -13.83000
       5.63000      13.60000     -12.22000
       5.66400      11.74000     -10.51000
       5.69800       9.93800      -9.12100
       5.73200       7.77400      -7.36500
       5.76600       5.84000      -5.22100
       5.80000       4.70100      -3.78100
       5.83400       4.10000      -2.96800
       5.86800       3.19200      -2.59100
       5.90200       2.06900      -1.96900
       5.93600       1.29700      -1.06700
       5.97000       0.65900      -0.52900
       6.00400       0.19310      -0.27340
       6.03800       0.02756      -0.26670
       6.07200       0.00178      -0.36570
       6.10600       0.00005      -0.25450
       6.14000       0.00000      -0.07601
       6.17400       0.00000      -0.00957
       6.20800       0.00000      -0.00050
       6.24200       0.00000      -0.00001
       6.27600       0.00000      -0.00000
       6.31000       0.00000      -0.00000
       6.34400       0.00000      -0.00000
       6.37800       0.00000      -0.00000
       6.41200       0.00000       0.00000
       6.44600       0.00000       0.00000
       6.48000       0.00000       0.00000
       6.51400       0.00000       0.00000
       6.54800       0.00000       0.00000
       6.58200       0.00000       0.00000
       6.61600       0.00000       0.00000
       6.65000       0.00000       0.00000
       6.68400       0.00000       0.00000
       6.71800       0.00000       0.00000
       6.75200       0.00000       0.00000
       6.78600       0.00000       0.00000
       6.82000       0.00000       0.00000
       6.85400       0.00000       0.00000
       6.88800       0.00000       0.00000
       6.92200       0.00000       0.00000
       6.95600       0.00000       0.00000
       6.99000       0.00000       0.00000
       7.02400       0.00000       0.00000
       7.05800       0.00000       0.00000
       7.09200       0.00000       0.00000
       7.12600       0.00000       0.00000
       7.16000       0.00000       0.00000
       7.19400       0.00000       0.00000
       7.22800       0.00000       0.00000
       7.26200       0.00000       0.00000
       7.29600       0.00000       0.00000
       7.33000       0.00000       0.00000
       7.36400       0.00000       0.00000
       7.39800       0.00000       0.00000
       7.43200       0.00000       0.00000
       7.46600       0.00000       0.00000
       7.50000       0.00000       0.00000
       7.53400       0.00000       0.00000
       7.56800       0.00000       0.00000
       7.60200       0.00000       0.00000
